,energy_ave,energy_std,energy_best,x_best,t_ave,t_std,rt_ave,rt_std
0,-2080.35858995241,153.73051779589204,-2481.509466631192,"[ 200.71769095  421.8787156   429.45436592 -298.30383603 -303.59396596
  399.23315369]",438.64064672564615,55.22959757760878,0.44765852,0.04549754599134206
1,-2140.1778683453877,174.45355411490806,-2487.1510844575632,"[  62.3672063  -311.71772245  415.07529881  418.57256622  431.96262516
 -302.24276872]",438.64064672564615,55.22959757760878,0.49814677999999996,0.07425167253535472
2,-2130.904809382406,168.5639988827476,-2424.8527289014555,"[ 198.72977424 -285.35363697  437.9666817  -318.80509274  426.76427588
  426.06357966]",438.64064672564615,55.22959757760878,0.47969942000000004,0.04215254737604107
3,-2122.5745704319897,160.62307871201511,-2453.270362623317,"[ 202.72517753 -300.96363203  406.56266272 -298.11820696 -301.53791169
 -305.41532662]",438.64064672564615,55.22959757760878,0.52545972,0.06541189044098066
4,-2134.7535561474856,165.9901942836297,-2481.165350742124,"[ 200.76712274 -310.75874891  418.00675917  411.48187609  416.21738846
  437.63315768]",438.64064672564615,55.22959757760878,0.48709242,0.03576290362309377
5,-2110.9890474427634,147.3340738807322,-2428.76006482734,"[ 393.32899487  438.82158532  426.82939437  421.5630203   397.38191711
 -288.62279053]",438.64064672564615,55.22959757760878,0.47976778000000003,0.03168859647479593
6,-2142.059825022349,145.6767280964812,-2381.077089812812,"[ 205.0473086  -132.59487887  397.30024191  420.23816473  411.75822386
  432.27483004]",438.64064672564615,55.22959757760878,0.5154410600000001,0.05890210361802861
7,-2152.9851439758895,141.3201064607468,-2485.9169383991093,"[ 394.96869955 -308.41386862 -495.39704112  429.78013259  441.24081447
  433.71013168]",438.64064672564615,55.22959757760878,0.51153438,0.21087790678416027
8,-2121.6924260895867,159.2532105808407,-2506.057016826734,"[ 396.79581403 -288.25193486  425.9732129   423.45141796  416.46041041
 -314.73519232]",438.64064672564615,55.22959757760878,0.52030372,0.06657424220388874
9,-2212.536170085165,134.5792269242429,-2497.5572100642976,"[ 19.45348029 423.53723943 424.63228003 440.39423128 430.13717658
 432.15282645]",438.64064672564615,55.22959757760878,0.49537658000000007,0.048805233870421426
10,-2143.3088213813153,138.06352647685793,-2358.0446497927533,"[ 391.48380382  417.05056534  389.62410786  381.68734062  428.94623012
 -285.78211931]",438.64064672564615,55.22959757760878,0.51043358,0.05347559651787391
11,-2182.13171948205,127.7476658678916,-2443.386988203156,"[ 215.06014307  418.80191804  426.88731691  406.30913987  395.01950225
 -288.81999657]",438.64064672564615,55.22959757760878,0.5204144799999999,0.07367464039710306
12,-2164.233814334667,131.97017411996342,-2460.271655531387,"[ 197.65585593 -306.64374375 -279.21933698  391.25305522  433.82596395
  417.35645788]",438.64064672564615,55.22959757760878,0.5013892000000001,0.04217271657198792
13,-2157.9457901953297,129.85400799659885,-2377.1765248010424,"[  62.34893744 -293.75492586  420.9273372   430.21661512  414.60514707
 -309.61768202]",438.64064672564615,55.22959757760878,0.5256141,0.05318366877508125
14,-2158.6662337028665,154.33086566067098,-2464.614448838977,"[ -36.47719087  420.7957312  -302.01185765  406.94836051  397.04719068
  425.30886641]",438.64064672564615,55.22959757760878,0.49705558000000005,0.032890395168970236
15,-2142.334349153045,138.50011757310364,-2407.817503026949,"[  66.64100737  425.86717721  405.67130662  406.18467177  406.05707243
 -315.08291486]",438.64064672564615,55.22959757760878,0.5147183000000001,0.06220551542193155
16,-2083.994436651616,137.8502445661569,-2433.8684233152107,"[   7.51994693  407.22340641  418.71720275  416.05442119 -306.13570711
  406.79592006]",438.64064672564615,55.22959757760878,0.51662304,0.060947785018419076
17,-2083.2201697879727,139.5464379731793,-2379.791936955993,"[ 199.86121287  206.87632754 -321.35119875  396.47636271  411.70070234
  417.72224013]",438.64064672564615,55.22959757760878,0.54050508,0.30683164906959803
18,-2078.804475834769,152.57774770072265,-2423.0737606435614,"[ 183.17744041  405.19437802  442.19349767  423.89149307  403.73000096
 -310.78945635]",438.64064672564615,55.22959757760878,0.5410826200000001,0.05668688359101085
19,-2026.1809022583468,115.69441331562705,-2331.2497585823417,"[ -29.08837369  424.20929163 -284.32630442  444.68579531  422.10678088
  415.70556916]",438.64064672564615,55.22959757760878,0.5001223800000001,0.03254693319317851
20,-2027.5511724902462,124.35986274727134,-2243.263925512593,"[ 380.74475409  435.07590803  401.25081384  440.85696313 -296.55172375
 -322.82495837]",438.64064672564615,55.22959757760878,0.5211777,0.05249329829849809
