,energy_ave,energy_std,energy_best,x_best,t_ave,t_std,rt_ave,rt_std
0,-1672.2145847754264,225.69657785372436,-2332.8946683865934,"[  60.36231721 -308.31262527  194.06256373  427.52503101 -318.84218427
  419.67623282]",438.64064672564615,55.22959757760878,0.13141558,0.02581008968197182
1,-1697.6522660542416,222.63487595016423,-2349.51538353502,"[  59.52236021 -312.2193784   415.32872542 -300.77577549 -122.35689256
  422.21546811]",438.64064672564615,55.22959757760878,0.14113676,0.03318436170945094
2,-1759.9507960577375,197.47548290780696,-2346.4136884706245,"[ -35.79459814 -305.0595617  -276.73332668  398.90290235  427.81891943
 -295.76622572]",438.64064672564615,55.22959757760878,0.14501016000000003,0.03307285489510473
3,-1811.7732373202762,217.3424208480183,-2364.611417508331,"[ -35.79459814 -305.0595617  -276.73332668  398.90290235  427.81891943
 -295.76622572]",438.64064672564615,55.22959757760878,0.15424336,0.03459235694618459
4,-1790.9605076127295,205.48320331874746,-2351.435090225473,"[ -35.79459814 -305.0595617  -276.73332668  398.90290235  427.81891943
 -295.76622572]",438.64064672564615,55.22959757760878,0.19438699999999998,0.0724566940804038
5,-1830.626646423418,240.43353190602747,-2369.890613380317,"[  71.15818141  407.55433855 -498.57609697  430.20810275  424.71304279
  424.28199359]",438.64064672564615,55.22959757760878,0.17991432,0.05327974247020558
6,-1818.9215100938038,175.53749882344468,-2199.4326880142053,"[  6.69055258 186.57223418 415.20136183 406.5659594  409.45756234
 408.86463217]",438.64064672564615,55.22959757760878,0.19007384,0.042699519142902556
7,-1849.1084754307365,185.0846827122467,-2363.922881740092,"[ -31.41947222  420.47585944  408.68287478 -118.02564617 -307.97808913
 -306.90085373]",438.64064672564615,55.22959757760878,0.21157322,0.038800245424371084
8,-1885.7532203841965,189.69233023508664,-2363.9773641221045,"[  67.69291688 -311.68663212  400.80445616  431.54234704  427.02189175
 -316.6443719 ]",438.64064672564615,55.22959757760878,0.2413651,0.04070767413096775
9,-1946.8863893165792,190.33357597655979,-2363.6112241309934,"[ 178.6092526  -300.12529324 -309.00743526  414.77738207  414.98536554
 -321.39723698]",438.64064672564615,55.22959757760878,0.25536084,0.043760178144042865
10,-1945.596494929845,211.05648610875554,-2373.8451216464364,"[ 175.51468745 -317.49454724  424.21462635  403.79549658 -281.59251904
  433.4545008 ]",438.64064672564615,55.22959757760878,0.297236,0.08431603049654246
11,-1989.4191232736393,168.0514321475981,-2373.591252083234,"[  70.07599989  434.44340317  419.50351755 -309.32153728  416.04406679
  409.84462764]",438.64064672564615,55.22959757760878,0.3178677,0.11777838135351963
12,-2001.6106537645817,217.65955688169083,-2394.328713061714,"[ 178.51467447  435.2956827   437.16239312 -286.60913856  415.55948473
 -306.0735725 ]",438.64064672564615,55.22959757760878,0.346384,0.040147569951113994
13,-2073.97896484985,189.87045446751011,-2481.1283858163933,"[ 190.59678715  437.99783306  432.97569292  426.84986454 -300.91911216
  431.0947746 ]",438.64064672564615,55.22959757760878,0.40748818,0.06218519527586571
14,-2080.35858995241,153.73051779589204,-2481.509466631192,"[ 200.71769095  421.8787156   429.45436592 -298.30383603 -303.59396596
  399.23315369]",438.64064672564615,55.22959757760878,0.44765852,0.04549754599134206
15,-2110.9890474427634,147.3340738807322,-2428.76006482734,"[ 393.32899487  438.82158532  426.82939437  421.5630203   397.38191711
 -288.62279053]",438.64064672564615,55.22959757760878,0.47976778000000003,0.03168859647479593
16,-2143.3088213813153,138.06352647685793,-2358.0446497927533,"[ 391.48380382  417.05056534  389.62410786  381.68734062  428.94623012
 -285.78211931]",438.64064672564615,55.22959757760878,0.51043358,0.05347559651787391
17,-2142.334349153045,138.50011757310364,-2407.817503026949,"[  66.64100737  425.86717721  405.67130662  406.18467177  406.05707243
 -315.08291486]",438.64064672564615,55.22959757760878,0.5147183000000001,0.06220551542193155
18,-2027.5511724902462,124.35986274727134,-2243.263925512593,"[ 380.74475409  435.07590803  401.25081384  440.85696313 -296.55172375
 -322.82495837]",438.64064672564615,55.22959757760878,0.5211777,0.05249329829849809
