,energy_ave,energy_std,energy_best,x_best,t_ave,t_std,rt_ave,rt_std
0,-1679.5257112490297,235.96977009967773,-2190.5896419092264,"[  36.9514105   435.05675041  403.3158723   235.8575893  -318.36076712
 -326.9742064 ]",433.7958883804169,69.42436594386751,0.17832444,0.04878694835885717
1,-1713.3863472598962,239.21331735581404,-2251.795431741481,"[  36.9514105   435.05675041  403.3158723   235.8575893  -318.36076712
 -326.9742064 ]",433.7958883804169,69.42436594386751,0.20097231999999998,0.060656889778235246
2,-1770.0265646178968,222.26079495989458,-2131.0963796568826,"[   5.69814712  426.40252816  416.45740425  418.84395279 -300.58530411
  425.68374003]",433.7958883804169,69.42436594386751,0.18529172000000002,0.0572706838935444
3,-1776.0173882385807,207.78551423317683,-2251.3146824484324,"[  59.87514381 -300.91864125  422.05949986 -296.48304597  420.76825401
 -128.09292403]",433.7958883804169,69.42436594386751,0.21552097999999997,0.0648572110756375
4,-1795.106623174528,237.7136968859031,-2471.6817526746463,"[ 192.83858185  440.37202091 -124.93991002  409.10175721 -293.98805779
 -296.54191414]",433.7958883804169,69.42436594386751,0.20605814000000003,0.04350437759629742
5,-1819.848877748505,248.67100856166599,-2343.5232322840748,"[ 176.60664315  427.97246345  405.86542549  411.51217147 -305.56633287
  202.11319425]",433.7958883804169,69.42436594386751,0.27697406,0.0631983603679748
6,-1839.5071958550218,219.2665412099632,-2234.6870046861004,"[ 173.57669093  433.02426602  218.65922415  402.88419678  401.95190797
 -307.79630651]",433.7958883804169,69.42436594386751,0.30184282,0.045269350977297146
7,-1879.9929301888035,175.705975180448,-2268.513594763805,"[ 173.57669093  433.02426602  218.65922415  402.88419678  401.95190797
 -307.79630651]",433.7958883804169,69.42436594386751,0.32103694000000005,0.048053102767331844
8,-1899.7754968043528,174.67085982658227,-2196.573579594829,"[ 196.32451568  202.45585239  413.41218034  208.42496691  427.28100571
 -298.70233905]",433.7958883804169,69.42436594386751,0.33050182,0.05145637620817407
9,-1947.858231416549,190.00741429668744,-2358.958907905261,"[ 203.27009297  431.71192865  425.41091556 -326.75100569 -306.76295581
  423.20385873]",433.7958883804169,69.42436594386751,0.3811414000000001,0.06616897981775485
10,-1934.0714528997162,201.44878359597575,-2381.5593215886547,"[ 189.8988315   418.64699922 -299.28966302  435.26844425 -301.97393672
 -306.24330282]",433.7958883804169,69.42436594386751,0.42567342,0.0570602398104684
11,-1991.2178743262002,176.33895097150526,-2348.9472856969314,"[ 193.32786615 -296.67826353  438.48066833  414.89136369 -301.05507099
 -289.98250484]",433.7958883804169,69.42436594386751,0.4926192999999999,0.17431006538938312
12,-1990.1290407640254,192.46706873919007,-2406.409858658103,"[ 179.29353882  414.18087585  418.05255582  427.69751696  213.5388875
 -280.53696831]",433.7958883804169,69.42436594386751,0.5854046199999999,0.11671718364961327
13,-2038.4651324820804,194.7367609548178,-2437.737821849682,"[  47.17533725 -322.6651999   407.10982311  429.18855505 -281.73099452
  425.6705199 ]",433.7958883804169,69.42436594386751,0.6501316,0.08905922444517193
14,-2067.7553901992196,188.5446297633432,-2495.7853057662687,"[ 197.90513332  446.21526581 -286.65738474  437.30351755 -324.11522481
  423.15372841]",433.7958883804169,69.42436594386751,0.69998122,0.08978238494231595
15,-2107.6824959521914,135.2028509336472,-2380.7434586794434,"[ 203.78122125 -296.76001016  410.94138032  425.66485482  417.34930424
  430.0430234 ]",433.7958883804169,69.42436594386751,0.60438888,0.08319818330768762
16,-2187.5026180821187,136.8555241220048,-2479.372672432093,"[ 406.18685786  423.73995393  413.89931522 -298.75051111 -306.12662618
  413.52097129]",433.7958883804169,69.42436594386751,0.58127344,0.08049296956932427
17,-2151.4639044871524,139.86580914179373,-2466.006984141724,"[ 402.05970668  434.92399113  414.98041258  410.84420131 -320.055141
  428.31710668]",433.7958883804169,69.42436594386751,0.58857664,0.07161042797217142
18,-2038.672824399967,124.22332351715818,-2327.744901420435,"[ 186.68185606  432.74731784  408.63450289  425.56944837  410.05422367
 -298.52938824]",433.7958883804169,69.42436594386751,0.63171324,0.11682761595887808
