,energy_ave,energy_std,energy_best,x_best,t_ave,t_std,rt_ave,rt_std
0,-2067.7553901992196,188.5446297633432,-2495.7853057662687,"[ 197.90513332  446.21526581 -286.65738474  437.30351755 -324.11522481
  423.15372841]",433.7958883804169,69.42436594386751,0.65611694,0.09722488337268943
1,-2070.2599732798894,152.09116898652664,-2440.910054650724,"[ 194.90684758  425.8971484  -303.02476438 -294.60252109  420.43032739
 -298.47493109]",433.7958883804169,69.42436594386751,0.7359038800000001,0.06729997588611025
2,-2118.779400037319,163.51519702392469,-2440.910054650724,"[ 200.29957643  444.54942903 -300.15264174  409.71820811  398.82864018
  431.72759018]",433.7958883804169,69.42436594386751,0.7381031999999998,0.09420477542057418
3,-2091.6073174093276,143.57949447411775,-2354.0843101006058,"[ 198.24844176  418.76439795  420.58646474 -289.49112964  427.97570308
  422.00473103]",433.7958883804169,69.42436594386751,0.7300129400000002,0.1879694682298936
4,-2112.46707972498,149.70319410787386,-2482.977356477785,"[ 404.54774472  446.74373084  396.51189268 -309.82281883 -315.76924756
  439.7981303 ]",433.7958883804169,69.42436594386751,0.61050316,0.08595285257446761
5,-2107.6824959521914,135.2028509336472,-2380.7434586794434,"[ 203.78122125 -296.76001016  410.94138032  425.66485482  417.34930424
  430.0430234 ]",433.7958883804169,69.42436594386751,0.71102,0.07606924473538727
6,-2141.7410312682405,160.75062935479994,-2488.495226320353,"[ 194.68378248  426.88804196 -293.4647735   415.68843414  416.77065653
  211.07753224]",433.7958883804169,69.42436594386751,0.71859436,0.06976114238812554
7,-2136.633411617339,170.90670251633395,-2491.987607127407,"[ 203.57493785 -305.15166164  413.46505277  404.52045035  422.01686097
 -310.93559078]",433.7958883804169,69.42436594386751,0.7289591999999999,0.3055224961601996
8,-2127.3567562409617,168.98656070655238,-2487.1899389586683,"[ 181.76881869 -287.39741504 -300.15352965  441.44213909  422.65947995
  397.41578134]",433.7958883804169,69.42436594386751,0.56319462,0.04547562629692471
9,-2143.581972698266,149.6425881470547,-2475.2888073819545,"[ 180.95038098  421.3120803   431.63806403  421.08184448 -308.7482901
  410.44212928]",433.7958883804169,69.42436594386751,0.5825381199999999,0.060723162966689934
10,-2187.5026180821187,136.8555241220048,-2479.372672432093,"[ 406.18685786  423.73995393  413.89931522 -298.75051111 -306.12662618
  413.52097129]",433.7958883804169,69.42436594386751,0.5958380600000001,0.06509623601501746
11,-2143.6516818993878,140.69112753559534,-2473.4531360327555,"[ 401.8814499   204.2691597   421.01592147  408.9177898  -314.21428593
 -305.74926079]",433.7958883804169,69.42436594386751,0.61003856,0.08520919755714791
12,-2152.54411393716,135.19106653017514,-2462.2446200648287,"[ 210.10338179  415.40368309  415.85612083  420.01331028 -296.70929754
 -290.81917081]",433.7958883804169,69.42436594386751,0.59085526,0.059883330983385635
13,-2148.393408519107,144.24789558919963,-2447.6976953929816,"[ 200.03715497  438.85523327 -314.22758061  426.39211724  431.67657636
 -284.28468702]",433.7958883804169,69.42436594386751,0.65152478,0.10864012810591205
14,-2146.774990811146,137.95072897142427,-2468.9927224572893,"[ 398.23286887  417.80639426  404.99718533 -298.34606093 -299.61434685
  419.56762321]",433.7958883804169,69.42436594386751,0.6777219400000001,0.09743660291789734
15,-2151.4639044871524,139.86580914179373,-2466.006984141724,"[ 402.05970668  434.92399113  414.98041258  410.84420131 -320.055141
  428.31710668]",433.7958883804169,69.42436594386751,0.61496988,0.06915612696324697
16,-2097.54631179765,129.1596952295468,-2373.7680049675378,"[ 188.44846408  407.51754479  402.5446936  -313.27856606  422.77330285
  423.46868969]",433.7958883804169,69.42436594386751,0.5781710800000001,0.07916975460179065
17,-2082.4544596594615,108.5557782551977,-2335.199394442324,"[ 201.50941382 -309.1737659   422.90745662  417.54212511 -291.76766192
  435.92804503]",433.7958883804169,69.42436594386751,0.6222108199999999,0.374125624036747
18,-2041.6295690764978,113.66076027308361,-2270.246116437451,"[ 198.03386236 -309.74720218  424.41289523 -308.69745376  424.58473107
 -296.43994667]",433.7958883804169,69.42436594386751,0.6141594,0.07448046269283493
19,-2058.1489814575384,133.70020254015475,-2370.1416963709617,"[ 221.73062037  411.14135837 -296.71317957  432.69427342  430.05656031
  406.84170901]",433.7958883804169,69.42436594386751,0.57387948,0.04424037016407858
20,-2038.672824399967,124.22332351715818,-2327.744901420435,"[ 186.68185606  432.74731784  408.63450289  425.56944837  410.05422367
 -298.52938824]",433.7958883804169,69.42436594386751,0.59761832,0.062332727705448863
