,evergy_ave,energy_std,energy_best,x_best,t_ave,t_std
0,-2143.3088213813153,138.06352647685793,-2358.0446497927533,"[ 391.48380382  417.05056534  389.62410786  381.68734062  428.94623012
 -285.78211931]",438.64064672564615,55.22959757760878
1,-584.8338469775366,360.13664035188685,-1205.7193657315572,"[  -1.37889372  192.14273533 -489.05922712 -486.10047047  414.73502093
  414.26826319]",438.64064672564615,55.22959757760878
2,-2072.1741831546747,149.61206039591403,-2451.734226848646,"[ 205.39019178 -292.33450904  447.71202837 -287.43829321  415.21041596
  425.04185067]",1271.1757384555242,147.03887286490257
3,-2015.512336309298,181.72180932735708,-2468.700850913199,"[ 200.98259919  424.86357725  410.19791628  415.23887288 -304.38140242
  421.49253018]",438.64064672564615,55.22959757760878
4,-2032.3804624290267,196.85326866288474,-2435.895718516333,"[ 181.98346972 -269.19871303  427.5550578   430.1232956  -303.43143964
 -498.55396277]",1271.1757384555242,147.03887286490257
5,-584.8338469775366,360.13664035188685,-1205.7193657315572,"[  -1.37889372  192.14273533 -489.05922712 -486.10047047  414.73502093
  414.26826319]",438.64064672564615,55.22959757760878
6,-587.6485642316306,360.62480854125766,-1205.7193657315572,"[  -1.37889372  192.14273533 -489.05922712 -486.10047047  414.73502093
  414.26826319]",1271.1757384555242,147.03887286490257
7,-587.6485642316306,360.62480854125766,-1205.7193657315572,"[  -1.37889372  192.14273533 -489.05922712 -486.10047047  414.73502093
  414.26826319]",1271.1757384555242,147.03887286490257
