,evergy_ave,energy_std,energy_best,x_best
0,-1435.4332038536031,315.51250466919237,-2216.8972010749058,"[  61.37749258   67.8176264  -122.17564136 -498.30090889 -126.0966831
  419.63308908]"
1,-1494.5632317388709,296.67123107426426,-2214.5558975353665,"[  69.21005888 -127.26216941 -126.74204602 -499.91734101 -121.77979896
  424.74577339]"
2,-1694.8592923478025,279.58691017756604,-2276.184317225818,"[ 198.83067795 -499.4115876   210.31391912 -300.68535571  424.58505557
  190.07970259]"
3,-1869.2409078391386,247.47366531889898,-2505.9674978778967,"[ 200.03782343 -305.47713392 -296.53288131 -301.69437288  414.10343946
  205.46147474]"
4,-1982.6950276096277,229.67970761593693,-2496.7631818754394,"[ 183.99487476 -302.88323553 -304.33897296  192.78116097 -294.72071701
 -304.20224742]"
5,-2075.702820367012,181.0257151495101,-2424.478095380573,"[ 203.66425379 -289.80996984  429.97372552  400.36807306  410.1524191
  425.48518311]"
6,-2134.3578713763723,183.8486048646933,-2505.91073891812,"[ 191.84648371  424.33895934 -286.23142694  412.29278326  446.99462419
 -290.91504023]"
7,-2146.0825343419574,141.12437444266763,-2462.284063768384,"[ 182.03512478  414.4893674   418.60874487  427.76708654 -302.08102142
  421.27599701]"
8,-2163.0304153532597,164.4134945154791,-2458.00407917987,"[ 212.99764678 -292.19094515  429.91685348  410.80840042  194.08969582
 -310.05456809]"
9,-2149.7489981632175,129.4474240409755,-2471.342866825098,"[ 205.63840949  420.47882575 -314.46528101  434.24758911  418.8489852
  421.27441201]"
