4.113000000000000000e+03
3.419000000000000000e+03
5.586000000000000000e+03
6.332000000000000000e+03
8.726000000000000000e+03
3.254000000000000000e+03
3.362000000000000000e+03
8.186000000000000000e+03
4.524000000000000000e+03
7.410000000000000000e+03
4.029000000000000000e+03
3.284000000000000000e+03
6.648000000000000000e+03
5.308000000000000000e+03
2.177000000000000000e+03
5.396000000000000000e+03
4.601000000000000000e+03
5.206000000000000000e+03
9.169000000000000000e+03
7.104000000000000000e+03
6.452000000000000000e+03
3.602000000000000000e+03
8.114000000000000000e+03
5.827000000000000000e+03
8.665000000000000000e+03
5.310000000000000000e+03
6.775000000000000000e+03
2.800000000000000000e+03
6.805000000000000000e+03
6.485000000000000000e+03
9.158000000000000000e+03
7.594000000000000000e+03
8.825000000000000000e+03
9.384000000000000000e+03
7.363000000000000000e+03
6.506000000000000000e+03
4.564000000000000000e+03
3.410000000000000000e+03
1.910000000000000000e+03
1.251000000000000000e+03
7.724000000000000000e+03
3.455000000000000000e+03
4.679000000000000000e+03
8.714000000000000000e+03
2.211000000000000000e+03
6.359000000000000000e+03
3.145000000000000000e+03
7.204000000000000000e+03
3.739000000000000000e+03
3.110000000000000000e+02
4.144000000000000000e+03
1.387000000000000000e+03
8.728000000000000000e+03
7.433000000000000000e+03
5.973000000000000000e+03
6.974000000000000000e+03
1.898000000000000000e+03
9.373000000000000000e+03
6.087000000000000000e+03
1.948000000000000000e+03
6.184000000000000000e+03
3.836000000000000000e+03
6.655000000000000000e+03
4.994000000000000000e+03
5.774000000000000000e+03
3.437000000000000000e+03
5.619000000000000000e+03
1.326000000000000000e+03
3.270000000000000000e+02
1.367000000000000000e+03
7.221000000000000000e+03
7.591000000000000000e+03
9.908000000000000000e+03
8.144000000000000000e+03
7.908000000000000000e+03
7.534000000000000000e+03
5.421000000000000000e+03
5.557000000000000000e+03
2.787000000000000000e+03
8.920000000000000000e+03
4.014000000000000000e+03
4.822000000000000000e+03
5.942000000000000000e+03
8.028000000000000000e+03
9.482000000000000000e+03
6.872000000000000000e+03
8.400000000000000000e+01
5.700000000000000000e+02
7.290000000000000000e+02
5.581000000000000000e+03
8.043000000000000000e+03
5.512000000000000000e+03
8.666000000000000000e+03
4.295000000000000000e+03
3.296000000000000000e+03
1.982000000000000000e+03
2.010000000000000000e+03
4.330000000000000000e+03
9.865000000000000000e+03
2.221000000000000000e+03
7.118000000000000000e+03
6.505000000000000000e+03
7.962000000000000000e+03
9.277000000000000000e+03
4.585000000000000000e+03
3.129000000000000000e+03
9.581000000000000000e+03
8.041000000000000000e+03
5.055000000000000000e+03
2.325000000000000000e+03
8.236000000000000000e+03
9.223000000000000000e+03
8.256000000000000000e+03
3.950000000000000000e+03
6.036000000000000000e+03
4.769000000000000000e+03
8.210000000000000000e+03
4.212000000000000000e+03
9.548000000000000000e+03
5.531000000000000000e+03
4.788000000000000000e+03
9.522000000000000000e+03
5.763000000000000000e+03
4.929000000000000000e+03
5.082000000000000000e+03
2.866000000000000000e+03
2.170000000000000000e+03
6.428000000000000000e+03
2.042000000000000000e+03
2.150000000000000000e+02
7.810000000000000000e+03
1.453000000000000000e+03
9.211000000000000000e+03
2.480000000000000000e+03
9.380000000000000000e+02
7.576000000000000000e+03
7.941000000000000000e+03
9.552000000000000000e+03
9.236000000000000000e+03
9.669000000000000000e+03
9.907000000000000000e+03
6.529000000000000000e+03
5.457000000000000000e+03
2.689000000000000000e+03
4.052000000000000000e+03
1.750000000000000000e+03
6.119000000000000000e+03
8.791000000000000000e+03
3.387000000000000000e+03
9.776000000000000000e+03
6.885000000000000000e+03
5.570000000000000000e+02
8.940000000000000000e+02
5.007000000000000000e+03
2.743000000000000000e+03
8.877000000000000000e+03
4.894000000000000000e+03
9.371000000000000000e+03
6.430000000000000000e+02
8.402000000000000000e+03
5.323000000000000000e+03
7.843000000000000000e+03
3.579000000000000000e+03
1.655000000000000000e+03
4.425000000000000000e+03
1.452000000000000000e+03
1.448000000000000000e+03
3.217000000000000000e+03
5.312000000000000000e+03
7.364000000000000000e+03
3.183000000000000000e+03
3.603000000000000000e+03
1.630000000000000000e+03
7.312000000000000000e+03
6.081000000000000000e+03
5.203000000000000000e+03
7.716000000000000000e+03
4.852000000000000000e+03
9.233000000000000000e+03
4.735000000000000000e+03
7.524000000000000000e+03
5.651000000000000000e+03
7.933000000000000000e+03
2.638000000000000000e+03
9.124000000000000000e+03
4.101000000000000000e+03
5.835000000000000000e+03
7.556000000000000000e+03
2.776000000000000000e+03
9.560000000000000000e+02
3.544000000000000000e+03
2.656000000000000000e+03
1.565000000000000000e+03
8.163000000000000000e+03
6.862000000000000000e+03
9.230000000000000000e+02
8.395000000000000000e+03
9.609000000000000000e+03
4.170000000000000000e+03
8.682000000000000000e+03
