8.471000000000000000e+03
5.542000000000000000e+03
3.032000000000000000e+03
6.466000000000000000e+03
6.685000000000000000e+03
9.239000000000000000e+03
2.411000000000000000e+03
1.500000000000000000e+03
8.277000000000000000e+03
7.051000000000000000e+03
9.175000000000000000e+03
8.975000000000000000e+03
4.049000000000000000e+03
9.766000000000000000e+03
2.801000000000000000e+03
9.387000000000000000e+03
2.741000000000000000e+03
5.611000000000000000e+03
9.166000000000000000e+03
4.567000000000000000e+03
7.398000000000000000e+03
5.903000000000000000e+03
1.954000000000000000e+03
5.883000000000000000e+03
2.403000000000000000e+03
9.964000000000000000e+03
2.986000000000000000e+03
4.004000000000000000e+03
1.290000000000000000e+03
9.797000000000000000e+03
1.819000000000000000e+03
6.742000000000000000e+03
6.468000000000000000e+03
1.430000000000000000e+03
9.803000000000000000e+03
6.521000000000000000e+03
1.008000000000000000e+03
6.732000000000000000e+03
6.963000000000000000e+03
6.801000000000000000e+03
9.430000000000000000e+03
5.381000000000000000e+03
3.677000000000000000e+03
8.632000000000000000e+03
2.027000000000000000e+03
8.750000000000000000e+02
4.588000000000000000e+03
7.630000000000000000e+02
2.850000000000000000e+02
3.194000000000000000e+03
