,p_ave,p_std,be_ave,be_std,rt_ave,rt_std,x_best,energy_best
0,21.72,12.537356424799007,-2175.619800441644,183.89368122175813,0.28484592000000003,0.16940888539293064,"[ 391.54132762  423.13727743  426.95743799 -303.45173298  411.97133973
  431.30601889]",-2494.659868778921
1,18.3,7.453940198968323,-2222.6351473519117,148.06646915828796,0.2537885,0.11579046166265604,"[ 387.99962134  392.73256707 -294.58548038  423.22381171 -305.95367405
  422.08324905]",-2508.9060634843518
2,21.26,8.904963073867224,-2162.652205560811,168.393993865302,0.48222078,0.24792582163041,"[ 383.90438679  403.69671809 -313.54707907  418.95928818 -302.81048474
  420.9009507 ]",-2511.0289568482194
3,25.0,20.64668773158819,-2164.7883338912293,193.71391076917263,0.35779619999999995,0.2968264054101904,"[ 392.79692127 -300.90396292  413.39858724  381.64579725  433.01209913
  396.27280095]",-2446.894402217349
4,25.68,21.627118275395805,-2154.6421040370537,184.86234395259743,0.51052662,0.4436122616635392,"[ 387.81497236  415.13255407 -303.52520399 -328.23811507  420.71039408
  419.68963147]",-2498.2377464716665
5,26.5,18.777157203715934,-2225.8167368606846,144.7648526169191,0.3310228,0.25986041665871473,"[ 388.23685717  421.22948281 -293.96696774  428.33681716 -307.37196479
  416.39687979]",-2511.0990479166767
6,19.6,14.341320350224212,-2198.703745614723,185.6858677728104,0.36713964000000004,0.2805984472399297,"[ 394.17478413 -301.62316719  421.8060415   419.57117574  436.17062473
  404.85769129]",-2507.5746704739686
7,26.12,24.491264581812153,-2188.845270366316,169.45215713889212,0.51764208,0.5170418491289533,"[ 392.1770896   424.0254463   425.72971476 -302.34714143  420.67398004
  420.5227488 ]",-2511.1859256803064
