,p_ave,p_std,be_ave,be_std,rt_ave,rt_std,x_best,energy_best
0,23.8,32.50557252069188,-1474.047023223638,291.58474692618023,0.07354422,0.10069261012551708,"[ 159.614185    -98.6000805   436.52140146 -304.29622709  432.43574472
  446.61870446]",-2047.896311703392
1,21.84,16.114842948825352,-1879.4229766979352,180.21384684342794,0.12968640000000003,0.09928923363176731,"[ 192.89014316 -293.01469534  454.67368856 -292.72139193  442.27544997
  421.67220233]",-2315.5258524739043
2,23.58,19.108807671130215,-2078.867726889331,219.88364705449328,0.20650121999999999,0.18471378012010023,"[ 201.72918447  401.0198829   203.31176853  427.11792744 -331.21187238
  415.26949409]",-2455.322275268754
3,22.2,15.317057318491667,-2168.115393428649,173.4098073025083,0.28837854,0.2398268184790093,"[ 393.53338717 -304.84630852  419.98567789  437.72156265  420.42836774
  422.86813554]",-2441.100975254102
4,21.88,10.013541851321305,-2252.0386506921714,150.17607756989833,0.31549476000000004,0.14890144394148633,"[ 388.29897768  416.98379742 -294.2894541  -327.86125284  458.29984299
  421.14724867]",-2511.5356779278936
5,17.96,8.81084674751316,-2305.128851297438,118.76055083722805,0.3111936,0.16980336334473378,"[ 383.0987268   433.33930458 -303.65075945  422.96612794  421.12836936
  421.02342923]",-2500.8172131505958
6,24.46,14.207227249623656,-2306.8513851679463,121.12702075791427,0.50241744,0.3150978102133225,"[ 405.92971808  404.40263995  422.55491487 -299.1717391   421.41455791
  421.41368172]",-2511.195207736664
7,24.18,10.966907550649355,-2348.841638017439,125.49391048323784,0.59212142,0.29509302983138197,"[ 390.24477983 -297.03729287  420.67548769  408.14998678  429.72762788
 -299.22165264]",-2507.2098270023303
8,20.94,8.018880780981336,-2381.4174494065046,87.90144274144512,0.5465884799999999,0.22195125902261534,"[ 394.3403383  -310.90018315  421.76260453  431.93539739  421.3777854
  393.1038888 ]",-2512.864159531939
9,21.82,6.717901761832533,-2380.8635733572446,100.69125099913279,0.6588163999999999,0.24860742663903188,"[ 391.75550756 -310.59329768  411.39364962  420.98119127  421.91095916
  419.75061303]",-2513.355407268272
10,21.76,7.60386582668343,-2414.877476728446,81.72669948432036,0.6980651,0.2595654920808887,"[ 394.12743813  413.76414169  418.5580042  -330.81198534  420.26280158
  420.33157132]",-2513.8819695146094
11,21.4,6.697547525560595,-2449.3737871821563,63.82959201006341,0.85812766,0.30892527669527037,"[ 408.23751313  415.49469327  418.40155107 -302.49968907  420.5886071
  421.136968  ]",-2513.733573011581
12,20.94,6.238164303507164,-2443.340492835844,71.20027802978582,0.9566168400000001,0.3958256643324932,"[ 411.17877623  420.81537833  427.1376074   421.78983851 -300.4325376
  416.99707733]",-2513.401351796988
13,22.22,5.6974394535203805,-2467.7983418657755,54.11308346993983,0.95927126,0.29747642434535604,"[-298.14382417  421.78150989  416.66990507  399.27405999  420.993673
  420.97446781]",-2513.3980728473457
14,22.28,5.671410579316548,-2445.360071626743,60.1487840252582,0.9954394000000001,0.25062597726175184,"[ 410.684388    420.65164893  420.62495592  421.080417   -301.27979562
  421.0148284 ]",-2513.7349797074176
15,21.32,5.011985634456667,-2461.553149501318,58.731690758107355,1.01166182,0.24576647176933336,"[ 420.92499917  419.04290982  423.35343687  413.98683839 -308.92184966
  419.86317375]",-2513.790189216876
16,20.24,4.433453530159263,-2475.5104678414828,48.33023734977285,1.0196352,0.2661810776605478,"[-298.45055255  420.94832738  418.62291816  420.73719286  421.11042527
  420.9136537 ]",-2513.859599572101
17,19.6,3.5456210417116734,-2478.705194735905,53.70361034336954,1.04253006,0.24414551206091442,"[-297.78137053  420.8164273   419.25582403  420.21441147  407.49606274
  420.92839703]",-2513.6764379756933
18,20.16,3.2661529514155974,-2486.9450966932704,30.512079749378113,1.09665292,0.19816002173617983,"[406.26455496 416.06915435 419.42078333 420.93418742 432.75377979
 420.89744808]",-2513.781762755347
19,20.1,2.7719439874188936,-2493.852549197356,25.415628883765585,1.18477472,0.20213981381697374,"[ 421.09333366  422.69652766  420.39276366  411.75660463 -302.49689834
  418.58402618]",-2513.7500542370512
