,p_ave,p_std,be_ave,be_std,rt_ave,rt_std,x_best,energy_best
0,25.0,14.030578849681964,-2386.806605065847,97.72961193914698,0.63112564,0.3790984285352665,"[ 404.67720077  420.10076871 -302.64466073  441.12345896 -302.67135092
 -301.4248775 ]",-2513.67245185638
1,22.1,12.02590740774233,-2414.2401591962184,85.15216360473629,0.6960432200000001,0.4033460075257354,"[ 394.81642397 -302.4813402   411.6193684   432.68518603  417.81585441
  451.00636479]",-2509.601573268484
2,22.6,11.540523102068976,-2422.9558955810485,86.51308588590054,0.82671278,0.45588900562846413,"[ 400.23896268  421.12595479  418.06255556  420.97531377 -299.22750853
 -305.88718155]",-2513.8591843159866
3,21.12,8.998049675300958,-2454.770704589934,69.21247020706248,0.7829535599999999,0.36685259100175427,"[ 418.46480643  419.62101863 -302.63397313  427.53645123 -301.34743614
  420.85521858]",-2513.81132427752
4,21.9,8.933427251003929,-2447.929495940707,75.03155526548417,0.9138292199999999,0.397019238948539,"[ 389.78591675  419.77647736  421.40117021  420.40949552 -305.56204372
  421.15507616]",-2513.7386840463487
