,best_x,best_energy
0,[ 423.75056208 -298.97062478],-716.9548228773631
1,[ 427.84785725 -293.84315332],-704.1036271922451
2,[421.41413319 421.53274151],-837.9005936956002
3,[420.991433   420.97959075],-837.9656947603585
4,[422.1444042  421.30927242],-837.776666681101
5,[ 420.56754539 -302.4802268 ],-719.5068793078015
6,[ 421.15729988 -302.42946065],-719.5217991159898
7,[-302.29020307  420.83905495],-719.5183405039331
8,[196.10166401 416.08203084],-610.3347353079741
9,[420.67905172 420.68058021],-837.9447090304742
10,[-302.51289002  421.25724583],-719.5169179322
11,[415.41629221 424.76842034],-832.2668037808871
12,[420.54309372 419.43420743],-837.6459890063911
13,[425.62993998 419.96712091],-835.095751087458
14,[410.70898085 426.75388614],-820.5809082347087
15,[ 420.44088501 -302.43944263],-719.4913624777921
16,[423.27342928 420.93498487],-837.2949833541641
17,[421.22332009 421.02093697],-837.9572523826444
18,[ 414.44036142 -296.80204969],-710.0489599669233
19,[ 420.70483624 -303.16098653],-719.4674011070965
20,[-302.34264642  420.68510551],-719.5130814421495
21,[-300.20831041  421.60721781],-718.7974107204161
22,[ 420.35393346 -302.19747956],-719.4661780634474
23,[-301.22069107  421.81335761],-719.222143851001
24,[ 419.23265406 -302.81992584],-719.1364102785303
25,[417.18952858 425.36439406],-833.7276341389088
26,[ 419.90104732 -310.86934225],-710.5694421001367
27,[ 419.89894268 -305.6050884 ],-718.1804134634003
28,[-302.48027894  421.03475492],-719.5266375675554
29,[-302.56831603  421.40041348],-719.5036853140083
30,[413.62484423 425.50689327],-828.5974955637391
31,[420.64058912 421.48980494],-837.917922498915
32,[-300.38737428  428.23937558],-712.2782912191739
33,[417.93116634 422.21840025],-836.6062626609183
34,[417.36492247 411.68533802],-825.5417189396742
35,[419.21047071 422.20815752],-837.3820855469805
36,[422.69806065 422.82903944],-837.1513059991146
37,[420.5491411  421.08677205],-837.9418035514996
38,[424.36878875 431.28773413],-823.0878703404352
39,[ 424.09001975 -302.20266357],-718.2840900984322
40,[425.02629816 432.14329319],-820.1606115355537
41,[-303.63511857  425.13739459],-717.1768955284383
42,[421.55385953 420.5350994 ],-837.8988411047872
43,[-302.897122    421.15476075],-719.5055270614699
44,[422.19529573 429.47696145],-828.6446391098862
45,[422.35694918 417.70186471],-836.378220083561
46,[ 415.71407452 -304.77978319],-715.4107643175562
47,[429.43172815 421.38159357],-828.909681942399
48,[420.62209025 420.78115332],-837.9461729113718
49,[418.66144197 416.20167782],-834.4358238143595
