,best_x,best_energy
0,"[ 433.71574027  211.04543788 -271.36905419  408.78205961 -308.76779129
  408.38895492]",-1877.0670917389605
1,"[ 438.12422381  448.5882738   423.9412781   414.5430625  -251.70201732
  436.70675914]",-1966.416319025399
2,"[ 418.00898963  426.83731994  429.79347381  431.07382477  415.58097673
 -310.20074077]",-2356.205035930955
3,"[437.66626864 428.50767001 222.73270003 423.25141784 432.69074151
 445.52062652]",-2117.569788830008
4,"[-306.18052091  419.94422733 -282.90728073  409.77240185  442.25168033
 -289.1944384 ]",-2015.7869148542009
5,"[ 439.17956364  215.72800369 -300.72636855  416.51114839  424.84512684
 -326.30541542]",-1925.8749268615527
6,"[-115.39965327  404.21659203 -298.04925942 -314.46459976  430.5229226
  410.96618572]",-1890.5404323987068
7,"[ 405.48385766  430.72619727 -149.62221522  438.45306284  435.16155393
  418.08863792]",-2037.705887949621
8,"[ 431.2355444   419.52363878 -290.52591404 -278.24280793 -308.34089989
  410.84951762]",-2039.402393090898
9,"[-335.45097341 -301.71434205  436.66114787  410.04460564  445.51329881
 -306.15260786]",-1906.820990046691
10,"[-312.90384033  425.86051079  420.40259492  430.18766903 -290.74637441
  423.12537054]",-2231.751886063533
11,"[ 437.17214865  386.24704358  424.66810828 -303.94461555  421.51802554
 -294.93387087]",-2093.9201552886343
12,"[ 438.98044808   69.21997941  416.13922726  400.22159623  411.87646231
 -315.09767075]",-1911.8350289456773
13,"[ 406.40965732 -287.24072265  402.57324281  436.18334034  432.03506223
  401.57643244]",-2207.954200690191
14,"[ 428.34077432  194.68561997  429.83460894  389.91790986 -303.86497113
  413.8599031 ]",-2030.1953054023381
15,"[419.66697918 413.01527665 391.43308813 415.96692582  78.96256904
 436.7301046 ]",-1988.970321333229
16,"[ 420.5395719   410.5428776   400.05805495 -312.37632031 -317.94051824
 -288.76221856]",-2025.8479158815703
17,"[ 430.20688842  417.19946525 -292.78644765 -287.91689649  441.1012467
 -305.88136488]",-2055.8109211659644
18,"[ 402.973736   -303.68122793  432.56224197  417.08329758 -332.92472581
 -128.8639505 ]",-1808.2605879542562
19,"[ 416.33583769  423.3089464    76.35245613  417.9063003  -288.10110082
 -312.85737613]",-1862.6230591473434
20,"[ 424.42603836  391.48283537  426.04156554 -138.27974502  430.87119925
  426.50795466]",-2070.1239394307413
21,"[ 403.60270813 -331.98495781  399.35611129  418.5825715   400.66118389
 -269.37325274]",-1900.2121307428715
22,"[ 199.27187723  418.19249555  445.75936253 -287.864749    425.274094
  410.00270532]",-2054.8322889313295
23,"[-316.53166336  447.86221055  428.4467463  -291.56288459 -306.39948826
  421.92604284]",-2020.8361770970118
24,"[ 423.01524003  -29.35358403 -307.97659463  404.24053029  402.54057262
  438.08050744]",-1881.4730423736717
25,"[ 412.53777995  417.134802    423.44761759  208.46191064  422.78084601
 -301.12231796]",-2163.364923169709
26,"[ 450.50683958  439.71362299 -295.45618199  436.37928787  434.94984523
 -313.13723584]",-2051.607988951803
27,"[ 433.39616945  405.24724046 -298.46512532  418.27796637 -280.46232096
 -333.47989929]",-1931.2099837657497
28,"[ 434.75542761  450.68704004  404.90799866  437.00233141  426.49853735
 -277.67239834]",-2121.85367928954
29,"[-317.54631726 -342.37168345  426.94889835  430.5024328   415.67304785
 -296.90506281]",-1922.398518146595
30,"[410.98046812 403.7233225   72.19009302 413.68415644 410.61727589
 394.12902484]",-1996.7936674434611
31,"[ 427.27880061 -293.85152128  434.43060351  414.73219104  410.65781939
  398.90726324]",-2280.6558994209618
32,"[ 425.82769695  404.51518161  400.59383625  406.95719093  409.73260662
 -120.2554713 ]",-2087.627597769522
33,"[ 413.4327346   428.15586278  456.17775659  427.2113559  -314.36641398
  427.84802671]",-2204.0399099578563
34,"[ 434.70603097  440.13654403  414.21713708  421.60493059 -297.69610058
  418.37133302]",-2316.318752749627
35,"[-276.84732837  419.88431054  435.4141408   420.65992155 -301.41470873
  414.5165744 ]",-2166.780107907594
36,"[-330.27399643 -274.23086739  437.89692729  416.03937178  458.07712318
  422.04379834]",-1885.168600078691
37,"[ 423.16695875 -279.16846462 -342.79095834  417.25296604  434.23857523
  414.05931919]",-1993.0996360841298
38,"[ 424.63760255  415.36017846 -310.41243666  186.16232496  396.13375502
  420.41387168]",-2052.226963401187
39,"[ 426.34719841  445.46756089  400.78839807 -300.18890698 -295.10844354
  445.89689395]",-2064.844044992592
40,"[ 455.10433029  409.33888809 -325.50286467  410.39826167  427.07493375
  398.85812751]",-2094.322710227803
41,"[ 420.86368765  422.541236    395.46780857  416.06893031  189.78712254
 -307.50623379]",-2068.9931575705027
42,"[-289.47691629  420.65818039  421.80526802  401.4814625  -316.22855359
  430.26579754]",-2174.581439766999
43,"[-302.36542691  438.01573447 -293.02604476  431.34801018  438.18727562
  202.49801834]",-1961.2961976169192
44,"[ 399.89596898  415.96641115  452.56766711  404.81278248 -291.12931734
  411.03146584]",-2155.727404084346
45,"[417.54322178 446.23118203 440.23049423 435.25648553 419.98454248
 417.3415855 ]",-2359.9068924781814
46,"[ 433.41111708 -329.25256035 -317.30318419  399.21604481  414.02346444
  205.75671984]",-1861.2558986237434
47,"[418.4975968  398.11906222 401.21674766 390.66783303 445.12722781
 417.11877857]",-2218.4138503707354
48,"[205.32034908 442.01293831 183.85501721 417.33750846 424.32592203
 416.01776546]",-1970.2096803974296
49,"[ 426.24720584   78.83226658 -316.91918958  425.65318445 -304.34094098
  407.31023997]",-1843.0099243247053
