,best_x,best_energy,t_init,running_time
0,[422.03765408 421.16182568],-837.8168463890277,931.2275801788173,0.511983
1,[420.03717302 421.96328702],-837.7314617746126,696.8010983807144,0.505006
2,[423.04185258 418.97655851],-836.9228365074964,738.4290767610308,0.596612
3,[422.17143866 420.9553624 ],-837.7831602090279,488.2674277543733,0.459974
4,[420.73599589 419.9627672 ],-837.8312984111872,553.5146185208467,0.470207
5,[422.04864949 422.99772366],-837.298803926333,788.7933834608052,0.459793
6,[420.57463678 420.84903129],-837.9443702066438,592.5297350772573,0.466023
7,[420.16542357 419.29356576],-837.530550904508,710.6047727751275,0.449977
8,[421.10226375 421.56269801],-837.9190007427219,661.1932531771025,0.436999
9,[421.79115519 420.26489651],-837.8179120008854,705.805571967181,0.504998
10,[419.65775956 419.64523845],-837.5281325273152,675.8576813434839,0.631024
11,[420.65197616 420.62352024],-837.9380778713977,757.3170354567096,0.542725
12,[421.89715386 422.50503719],-837.5590199334131,844.233905117553,0.563226
13,[420.90342229 420.8472554 ],-837.9633737165198,538.3015123795859,0.564553
14,[416.21188451 420.06190675],-835.015281485357,759.0914235698265,0.479044
15,[417.26741291 419.61572837],-836.0098744344994,781.3136919927254,0.552023
16,[421.78321874 422.07560243],-837.7273977377592,733.0109407549626,0.503976
17,[420.58727938 423.59197393],-837.0785295327744,697.2775324420485,0.551
18,[421.20300899 422.42921864],-837.6895798586108,674.6796657859778,0.474023
19,[421.21031537 420.87603511],-837.9573258123017,751.6303660294151,0.472978
20,[419.74745111 420.40010497],-837.736874313292,616.9093306667438,0.474283
21,[410.82183238 434.82304725],-800.9744835468213,619.6971446290181,0.455729
22,[419.48329231 420.09363659],-837.5909341042538,552.6453019367502,0.464876
23,[421.64271047 421.03362253],-837.9079138356374,836.177305246693,0.44901
24,[421.17026031 422.58843072],-837.6294604179027,465.7332609589451,0.448987
25,[420.48739414 419.17351652],-837.5302198593934,825.6493697462013,0.456014
26,[422.58919966 418.81544293],-837.0498144553311,610.2560930613625,0.444003
27,[420.65651508 421.8081713 ],-837.8645358523715,675.7240584025292,0.455987
28,[421.79444992 420.90656377],-837.879232049012,809.3545190739196,0.444991
29,[420.69660349 420.57504228],-837.9368744884769,814.3917522177396,0.454007
30,[422.46327114 421.83122821],-837.5899076141117,695.1619398396309,0.481029
31,[420.8653904  423.24971446],-837.3075123935337,579.3305366378644,0.452806
32,[420.43800012 422.48785933],-837.6389067613593,726.4845209872115,0.453061
33,[421.58709661 420.69819478],-837.9082814266814,815.1487171457903,0.461984
34,[420.15924101 420.15099812],-837.7987640219833,741.1597679957518,0.460224
35,[423.69851585 419.30943841],-836.6777128220482,424.8507847323591,0.45784
36,[417.78603745 421.23406293],-836.6809154745554,653.8455645052741,0.452032
37,[422.43258439 425.28155897],-835.3464995696879,724.9051330834212,0.47499
38,[420.29122038 421.0071345 ],-837.9076815582916,445.60719479765754,0.467
39,[420.97287733 422.29688398],-837.7430969933104,908.9174503336938,0.493011
40,[421.41417067 422.63269273],-837.5911937043468,663.3829147394016,0.819996
41,[421.30740692 419.44865457],-837.6599354413518,888.6107696125516,0.457002
42,[419.02869917 421.66896668],-837.4294076206572,744.0975405246664,0.612024
43,[421.40288729 420.8025122 ],-837.9385012314342,651.2961779436114,0.919204
44,[421.56426015 419.89833767],-837.7765057596607,955.7490866859264,0.825346
45,[420.68531816 418.81370589],-837.3702406573664,711.7835312407062,0.46099
46,[421.30944622 421.28091845],-837.9388276005388,588.3146694804794,0.454104
47,[419.98182293 421.43954642],-837.8149485551692,458.4884654875313,0.436001
48,[421.27399943 419.56219981],-837.7045373581635,776.6381521961908,0.458278
49,[417.84368231 423.44728547],-835.9598857051526,872.0362917889271,0.460031
