,best_x,best_energy,t_init
0,"[-130.82265582  436.68863654 -310.22460268  421.48751742 -310.52249238
  424.32129445]",-1928.2299498546017,1296.2444090825304
1,"[ 408.23877232 -308.87414738 -311.46785585 -317.52043242  432.47907415
  416.03880396]",-2075.1741573531986,1474.1134298051652
2,"[ 416.93691978  426.97033609 -308.31100292  438.26434448  405.18030495
  427.0556595 ]",-2311.639501602569,1463.4914651352005
3,"[ 427.18683086  418.82024503  418.15617515 -297.80291304  428.32664099
  414.0932311 ]",-2373.419756838978,1480.5325692259025
4,"[ 448.39494386 -286.88065033 -309.54889418 -309.68795032  408.75607635
 -303.08290746]",-1886.1377932382475,1313.5583951161611
5,"[-297.35406297 -303.88932353  210.62900056 -295.87620651  426.40635594
 -299.94195024]",-1803.339506734641,1218.8224031803618
6,"[-302.25028531 -296.89072151  415.59943111  423.07729558  193.55236798
  414.93152376]",-2033.9424891556205,1354.2360612052662
7,"[-291.66014121  415.14935552 -297.05666671  404.55784254 -292.09284965
  382.734863  ]",-1920.5830950331324,1159.4889398813395
8,"[ 410.83093808 -297.67259684 -294.80368272  426.67771862 -304.60282491
  426.46086989]",-2126.80419047776,1407.20084257175
9,"[-296.66503434  418.83811727    0.53523826 -286.38324667 -294.03434783
  424.38639843]",-1692.43506200792,1386.5282933196743
10,"[-300.88689849  192.44611782 -290.64132213 -316.75731475  413.92584887
  427.85810379]",-1869.707815446064,1264.4073646996462
11,"[ 426.70371939 -294.8498582  -288.0688707   417.44611257 -289.14806942
  202.76434639]",-1880.101610471756,1390.8146911988044
12,"[ 416.0324928  -319.32052323  422.34555092  445.26842924  424.08379417
  437.27855105]",-2249.205094144225,1399.1004198428343
13,"[ 428.34455101 -305.92980225 -310.14857157 -292.0783681  -308.51773815
  421.45454648]",-2006.2297211959149,954.3427621665926
14,"[-309.15019843  433.94986614  413.43933116  439.34425427  415.96179879
 -284.05330713]",-2156.059929345305,1266.357674502017
15,"[-296.41965255 -306.24908818  406.3116956   420.76559749  434.37163514
 -298.14658666]",-2100.4644203073462,1244.1221429864345
16,"[-302.39391011  417.56116937  427.14241597  219.92356908  435.3481684
  416.90921978]",-2111.401787225061,1268.3861049296752
17,"[-295.34538172  423.02535445 -302.17748874 -290.81180068  420.31672588
  202.64543689]",-1917.0874284758513,1164.7102891566317
18,"[ 181.98346972 -269.19871303  427.5550578   430.1232956  -303.43143964
 -498.55396277]",-1605.7750081372046,1296.2102062200522
19,"[ 212.97466054 -290.50347434 -312.40861652  420.83743693  412.22899341
 -296.91934157]",-1886.8867666196547,1427.251867062958
20,"[407.44973023 418.46399392 200.61424696 414.98552014 420.25902706
 426.33467514]",-2263.7398330790156,1090.5333504297682
21,"[-321.5848384  -297.37787169  431.3899199  -298.61811888  413.91875404
 -304.00464252]",-1969.354838406521,1131.6574246768548
22,"[413.76442452 200.36430651 406.33349352 424.227019   419.58568326
 422.82811945]",-2260.131581277017,1447.8748101831395
23,"[ 421.54949311  429.69263883  206.85504182  195.04203746 -302.62642085
 -309.01304669]",-1816.9248063910268,1177.2190953533875
24,"[ 209.74453376  420.52092026  426.76268712  195.18095279  410.95288384
 -305.69162825]",-1929.2538284100422,1280.8948775325714
25,"[ 422.53245941 -303.23508807  422.15474053  414.29855045 -295.73619859
 -309.19096601]",-2141.0184768440786,1299.1133494744108
26,"[429.41622266 404.65710895 420.68595624 419.2952908  406.41050132
 412.29911758]",-2435.8957185163335,1080.8944789822108
27,"[ 433.74657872 -323.23186835 -316.41723835  398.65075386  225.10558984
 -316.12252766]",-1703.2300251440674,1175.6973387879948
28,"[423.66385202 421.68195124 215.44025171 415.35858026 407.7018091
 422.01240032]",-2252.6454102404036,1335.1771548807085
29,"[-306.52224624 -319.12301078 -319.48556435 -312.09732565  407.47976544
  382.73137308]",-1764.9757328587427,1247.5125085393274
30,"[-298.35283107  421.67946574  412.75914746 -299.90330477  413.34146326
  425.96203756]",-2254.9966274398344,1546.1870176483133
31,"[-311.16645477  422.65708452  413.37138874 -311.00500362  427.78971816
 -318.93796101]",-2092.7776377183864,1104.496832934212
32,"[ 417.55639189 -134.01587482 -298.66190616 -303.02327045 -290.62246507
 -299.72843644]",-1711.171514773485,1491.5204786192458
33,"[-310.44963585 -110.97730728  433.6315739   421.50775255  423.5035427
  431.95705325]",-2031.690088223255,905.0473460707847
34,"[ 419.62070151  435.90081717 -307.09948995  427.23313643 -291.82527834
  447.93928124]",-2137.4285715834358,1076.4156415099537
35,"[ 210.71473236  432.84925386  424.40420415 -304.80795774  408.83183871
  410.05570327]",-2119.094953140251,1198.137004621946
36,"[-299.52793119  417.73421535  418.89936333  418.32666327  436.77875928
  425.14617236]",-2358.042311907616,1183.3289582897635
37,"[434.32098055 203.32077251 211.04935603 436.29200242 431.26836382
 402.78595033]",-1966.947337903533,1314.57673059214
38,"[ 437.60854213 -311.82430962  433.51045896  407.37766953 -291.82929284
 -293.31739597]",-2045.2947266478013,1035.6426388956215
39,"[-293.51944463 -306.65854824  433.13570787 -296.1503991   417.34480822
  434.10080487]",-2099.17284659163,1415.5743425796302
40,"[-295.57105581  407.93768617 -297.13503333 -305.48405155  406.87843834
  436.43438485]",-2071.926935293944,1117.7254138212547
41,"[-319.0591166  -300.62625819  415.77611543 -289.62730175  421.36771037
  420.60448376]",-2099.751937176702,1332.3219553155652
42,"[ 412.32500112 -305.79752479 -302.86044431  419.13525119  410.07985061
  428.38132801]",-2244.1208844172693,1242.8176435932621
43,"[ 59.31410928 425.84812164 406.78222369 421.72811056 414.80077539
 433.72319109]",-2100.2216730007576,1243.9077989749283
44,"[ 412.59019613 -316.53467342  417.85939551  423.3757788   416.89101659
 -308.85940492]",-2234.392534651719,1474.9827431473975
45,"[ 415.78297322  431.1494684   386.48922289 -109.38415547 -291.71712003
  210.30404474]",-1677.8158217950463,1142.9011689952613
46,"[ 416.99736655  440.24855334 -297.99472819  194.7005057   424.91940597
 -310.54062038]",-1988.3938620991003,1191.808326493015
47,"[-309.24857795  421.73862629 -300.55830111 -309.68624416  426.60095444
  423.49491704]",-2140.983741482234,1177.654213168216
48,"[ 422.13826025 -297.25419101  208.77842098 -301.97936024  427.19312181
 -306.68281637]",-1927.5039418058495,1434.9779876241712
49,"[ 221.97457046 -284.87782627 -305.3308143  -301.4714363   430.03977819
  427.27807816]",-1845.4998389671862,1432.2679597521499
