,best_x,best_energy,t_init,running_time
0,[420.96514838 420.14522421],-837.8802266995581,313.2235879462,0.580007
1,[-302.49836125  420.67572606],-719.5165175327219,227.2103236878006,0.556412
2,[420.09131119 420.29350095],-837.8111454422299,297.6881617411117,0.541556
3,[-302.92847598  420.06653943],-719.4041416637097,147.0303140622166,0.437555
4,[-302.39880279  420.87952009],-719.5244206623534,195.79483809447663,0.553008
5,[421.01778271 421.17733261],-837.9599806730295,279.45125850590125,0.529397
6,[421.15490708 418.71510291],-837.3212462214789,211.07669267992483,0.668936
7,[423.26554278 419.59147411],-837.0605047989776,233.32767229393667,0.490019
8,[421.02901892 421.01845973],-837.9650042789251,182.78040475580255,0.481984
9,[417.39159656 421.4018879 ],-836.3307159879382,279.6623496572509,0.43901
10,[422.13383621 421.22176644],-837.786344659155,224.10996879259693,0.519562
11,[424.90932108 417.23268213],-834.2474147226432,251.88278776042148,0.491981
12,[429.47396143 419.7328763 ],-828.6483502888277,208.08670925785214,0.440006
13,[420.74413661 420.31473397],-837.9054511946345,197.17125698736564,0.447146
14,[424.35835454 418.65901446],-835.8425486766197,258.55089121887477,0.463867
15,[423.17371847 418.71993084],-836.7144948438138,222.82944507727882,0.440985
16,[421.38010389 420.42053593],-837.90650524466,269.02491099112524,0.472
17,[421.19054469 420.26873463],-837.8977526716758,227.19015110617374,0.522621
18,[ 420.91879138 -303.26816198],-719.4571435837026,261.86075906533523,0.532051
19,[422.00415972 420.38201704],-837.7870207098106,270.75746133209526,0.603542
20,[-302.6383714  420.8596643],-719.5243088310083,223.9783312744762,0.636038
21,[ 421.5360986 -302.2585844],-719.4778314503938,240.8081403247741,0.549682
22,[ 425.36838334 -301.89372358],-717.0327261080208,202.18478181846336,0.522995
23,[420.7934893  420.83739796],-837.9597222231621,252.57294923734585,0.45807
24,[-302.90477783 -302.33212471],-601.0661218709662,153.43800410923447,0.454348
25,[421.94400028 419.87714803],-837.6954330666708,259.98599242154523,0.472004
26,[420.33018376 420.30423242],-837.8586308849156,230.1060845783164,0.50301
27,[-303.3067562   420.85306531],-719.4483119895267,217.17547898601876,0.444983
28,[419.92357191 420.0461823 ],-837.720640813885,277.6179247339853,0.451021
29,[421.22448838 419.82474196],-837.7924622259632,292.7302674576596,0.452979
30,[421.31279644 419.72855229],-837.7568633597166,258.922816568746,0.474265
31,[420.15484142 417.56031673],-836.4190711128335,225.38478816044108,0.509733
32,[ 420.65222224 -309.22552461],-713.8264176238939,285.07658784320944,0.552
33,[419.97443079 418.92370404],-837.3138772915602,296.50134480516965,0.498022
34,[420.82554222 420.33375366],-837.9123212698148,258.802915089282,0.46701
35,[ 421.54187873 -302.58057858],-719.4855904971607,114.81624384548796,0.449974
36,[421.22394361 420.77458547],-837.9527994231428,263.06500997510784,0.454985
37,[421.01626202 421.16620004],-837.9605696483118,295.62385089495785,0.538221
38,[419.8278219 421.1787968],-837.7960354174124,172.28171467062285,0.728905
39,[-301.56064153  421.80687992],-719.3210802719447,315.1898096355127,0.578074
40,[421.16750481 420.97720324],-837.9607802786769,238.6829009264529,0.521133
41,[420.65332365 424.62939773],-836.2610716292892,345.05034692487527,0.502042
42,[420.33160709 421.7589866 ],-837.8357438596717,271.8063434575607,0.440395
43,[422.29281748 420.36629815],-837.6986747787483,229.39270774256704,0.478629
44,[418.79450976 425.81874784],-834.3997158297409,347.19395881892325,0.451984
45,[420.70901728 420.84467487],-837.955320843459,242.01930091390673,0.443986
46,[420.52518876 422.50738121],-837.6420854001387,214.3587361017132,0.464264
47,[-302.41592292 -302.48966588],-601.0874428516311,155.54902852024375,0.456975
48,[420.49902033 422.69625531],-837.5611766960792,227.51762166557634,0.44602
49,[422.98312121 420.17379698],-837.3737523203353,273.1878573989852,0.454996
