,best_x,best_energy,t_init,running_time
0,"[ 406.91151784  410.99405041  418.21654801 -333.76834239  434.47121677
  442.06773828]",-2161.6311116970232,424.43800986517493,0.625063
1,"[ 197.98852809  192.40589869  432.11828072  422.89350048  417.44689725
 -307.06467724]",-1920.3808126484837,419.87000149759194,0.650972
2,"[ 421.46479305  423.67125642 -309.10001398  427.80293174  437.58503738
  201.05826373]",-2130.443218349887,378.1805448048082,0.744896
3,"[ 423.67098479 -302.32280682 -311.55269895 -302.4486181   412.2409258
  406.04206737]",-2110.162440992557,496.4501340779042,0.563021
4,"[-308.45512702  413.00041994  433.07101446  417.09299255  410.25934329
  432.80039175]",-2330.766693003264,466.1434653966739,0.596002
5,"[ 424.04598026  427.8798071   405.42369772  424.90047714 -303.51237889
  412.46347959]",-2347.156325982536,416.2567906809142,0.581422
6,"[ 437.36990856  408.49236904 -306.18541945 -310.01180232  416.07843414
 -315.57333929]",-2072.222106431954,372.5052579861098,0.56233
7,"[ 429.83760448  213.15242871  424.89785319 -304.75880524  432.31494196
  428.02045631]",-2132.2386586281914,494.13455460622333,0.515274
8,"[ 422.99151494 -121.99344927  406.03643356 -284.16389279  423.38486839
  430.93275237]",-2015.6322787962715,355.6134453678261,0.607434
9,"[439.07800453 411.26806793 416.72467883 416.85561065 193.29660483
 427.50858522]",-2220.3741856910574,468.14771991143465,0.597401
10,"[414.43096563 416.50575969 406.82311858 427.31199713 201.68923458
 424.51930738]",-2256.7805546222917,451.79988822017185,0.620044
11,"[ 428.32471564 -302.94897079 -296.17419673  424.76506521 -308.46197142
  414.20952835]",-2134.6311889347276,432.4466149383217,0.591003
12,"[ 422.68535093  208.43185346  434.95095007  408.69269689  424.08826133
 -301.36406215]",-2130.483621132977,382.85463529809,0.591
13,"[416.45989125 421.11359626 414.54868108 414.76250529 416.5579993
 414.17721445]",-2493.0802237095513,333.10829699337825,0.602154
14,"[ 408.38885446 -292.42777777  422.18802063 -286.74816875 -318.62075224
 -297.29995845]",-1940.8456322559744,544.0661115153442,0.509537
15,"[ 433.11640489 -311.27436646  408.62979911  413.0320291  -298.62120908
  410.51101955]",-2206.2984564444296,423.4757387950476,0.466262
16,"[-292.58948019  419.00816728  419.28625288  423.44854745  434.00917169
 -307.92869332]",-2237.969340785505,361.42124780326384,0.484736
17,"[ 425.64503279  409.84236634  410.90547582 -127.25749478  413.84395257
  418.89772902]",-2179.2350510985257,390.5472795588952,0.484
18,"[ 424.89662653  398.88597134  428.90722548  408.40848431  198.86278474
 -302.047597  ]",-2086.1353303455444,375.75275559070565,0.503999
19,"[-128.64705059  395.0247204   449.32375679  393.65424432  411.46017337
  437.636348  ]",-1900.3814605180899,423.45907688541234,0.475
20,"[-125.6683095   422.28417018  413.49038628  405.33659438  398.89291037
  414.8109464 ]",-2115.968198042262,318.5153235852588,0.480001
21,"[ 429.67233089  419.94056192 -306.41657312 -308.62132368 -307.91879837
 -301.84047462]",-2020.0795181482524,318.36642303519585,0.469008
22,"[-295.5452496  -308.66913256  423.51890999  423.44064948  434.47176882
  420.3204209 ]",-2241.547522239391,416.03579011208757,0.502994
23,"[ 416.23895444 -308.86112205  418.76288649  417.73094776 -317.85144875
  415.9348035 ]",-2234.4910303181177,427.2412131631723,0.483923
24,"[ 425.96798584  441.07408236  410.6469638   438.6941186  -323.25215119
 -119.56415846]",-1936.2605042614232,447.3454632809684,0.472018
25,"[ 410.62273435  423.80959593 -298.95498982  415.4245322  -299.91246626
  421.67607759]",-2256.2218350192256,409.896440194892,0.472976
26,"[427.91236189 435.53902054 422.53893865 423.44515079 422.0106156
 397.20153217]",-2411.333491102007,328.2199014824939,0.495006
27,"[ 405.52504342  421.56760052  397.7434003   411.66088362 -329.06459153
  413.15321072]",-2195.549565158328,537.5536294335388,0.483003
28,"[ 426.02892686  427.35503532 -299.32231057  434.47589457  406.04106147
  422.90757681]",-2334.734471065483,502.73503994969457,0.491997
29,"[ 433.32147875  428.33657742 -295.45774098 -294.59062383 -306.51362568
 -297.60844503]",-1994.8459259025349,374.8202934943804,0.467025
30,"[ 422.52718622  417.7563608   430.7495636  -303.13771914 -325.96920189
  406.46939229]",-2169.3482533185584,461.3384455268129,0.489991
31,"[ 432.54277615  423.47661496  428.0282242  -295.99661127  410.55290599
  425.13936693]",-2350.3904559558496,520.7257031416639,0.488064
32,"[-312.42080283  423.74009058  416.50885984 -300.86987826  419.20194661
 -314.88625284]",-2122.7143266007065,453.36008724055347,0.486983
33,"[ 423.64696561  416.3406817   418.11402351  428.71071373  192.31428976
 -303.10265248]",-2149.619732986846,304.8362836834758,0.486
34,"[422.67637424 201.88383195 418.88731755 418.18325253 425.63820203
 428.53648285]",-2284.4116245269233,362.9566067930034,0.47
35,"[ 420.13648272  415.94030372  212.22919952  430.57992627 -305.69611493
 -305.35185381]",-2033.6641888634235,297.93280570298623,0.476006
36,"[ 428.34059832  424.44669357  414.06051422  422.2301136  -296.08326102
  403.62223537]",-2338.520083729325,463.8865362355296,0.491008
37,"[-295.58266607  422.00843189  408.45857138  444.31908529 -308.34059745
  425.92896359]",-2176.3604593022374,536.8602371126321,0.493983
38,"[-307.52992534  422.90744804  409.05893075 -296.81201075 -289.45523439
  433.10831363]",-2093.365168761675,323.07091001933,0.489023
39,"[ 408.86733898 -301.79000667 -289.98242511  425.69898672  416.95301211
 -309.11732047]",-2110.3268748586843,433.08268726990696,0.46998
40,"[-328.97998014  421.44898426  413.53485454  436.80651706  411.11978826
  437.35553627]",-2225.598686149593,456.58484525999773,0.477
41,"[ 216.92684814  419.6657502  -299.85492078  406.8735176   442.74578708
  421.00600733]",-2071.8346842865967,475.7183717951454,0.495203
42,"[-291.21812622  440.51203363  421.69451518  421.314126    416.02576034
  420.75634781]",-2328.7040345932846,521.1183635014327,0.489849
43,"[ 427.82489401  410.1812226   414.31078861 -288.54870462  415.01265015
 -297.36991673]",-2218.962550912803,497.67148237026504,0.518704
44,"[217.00844472 426.50617735 431.7022554  419.71328368 418.09510754
 434.76437757]",-2231.2066915155774,509.8902732679486,0.477297
45,"[ 431.10712037 -289.52439784  432.08740415  423.65579107  418.34775679
  436.30933281]",-2314.632969185469,422.99331706183074,0.468072
46,"[-305.89286597  409.56567488  419.79735599 -306.8209574  -285.94623045
  423.48237076]",-2103.779200906912,305.0852955982114,0.525019
47,"[ 421.62103424 -311.36014228  417.79345429  419.90009472 -306.0584685
  418.45688609]",-2263.2965565180334,354.9878398535061,0.522022
48,"[ 433.61676046  414.51736957  428.47308724 -289.98443612  420.19130081
  416.33597911]",-2340.6619455574973,447.80121129064565,0.474249
49,"[414.65150105 411.42397929 420.04084041 427.79307587 424.83313965
 405.74119837]",-2460.865270880205,434.5083698080003,0.470336
