,best_x,best_energy,t_init,running_time
0,"[-282.223078    415.15865015  413.74602314 -313.69915592 -299.89788993
  433.3741426 ]",-2061.6698590891497,460.7426867334773,0.537406
1,"[-294.44914286  418.07358932  405.58181708  421.27093294  419.75452907
 -319.26759959]",-2203.1117022124863,427.3392702381171,0.479004
2,"[-292.44693761 -297.51095273  204.93202328  416.48984979  422.97609502
  451.04477477]",-1930.3822686423568,417.21396388565097,0.480342
3,"[ 404.89404033  422.98307618 -318.69060051  431.05633088  415.39916955
  448.19737347]",-2222.3223173865836,473.0003434471792,0.606736
4,"[-89.53050815 398.94024682 418.75085538 417.03616872 414.34797402
 442.78060294]",-1971.834842864449,394.0829523802849,0.532342
5,"[414.91248692 426.16167136 444.93846139 410.23455859 432.54189313
 436.84992054]",-2371.885097179859,505.364345073934,0.581315
6,"[ 428.93072094  392.67112777  419.78210792 -153.00221242  424.17915763
  406.76453716]",-1994.4373164074436,445.12517233207814,0.592441
7,"[ 417.91656748  397.52605093  429.02368674 -296.34984572 -301.29635888
  420.84284697]",-2195.8659765956822,424.4929184376231,0.720047
8,"[ 422.92688105  415.90290499 -309.62851842  410.67316343  211.444272
 -303.7646712 ]",-2028.9140739564723,449.1071009936513,0.584249
9,"[ 423.82218839 -323.13759485 -305.37517733  422.5075782   423.5849528
  444.82561906]",-2150.5045259225194,427.42499949829795,0.559924
10,"[ 422.97979946  409.57450033 -339.94477346  428.43204427  423.60255016
  428.85172281]",-2198.5724545815347,464.5240893192396,0.536984
11,"[ 406.17447799  440.59610699  409.70516178 -296.9370404  -293.43810381
  402.37282523]",-2129.1345587661885,486.1510713669718,0.522997
12,"[-292.57438556  424.76397069  420.51391623 -296.90769793  421.19805037
 -292.95364337]",-2128.9018999144355,501.76894605731354,0.523077
13,"[ 433.33735387  412.24681641 -313.73283598  427.81347662  407.83873275
  435.71140996]",-2296.1636715088316,340.0046561225984,0.569557
14,"[410.76715821 438.59245269 434.98169717 411.91232795 417.07548203
 436.15681723]",-2396.238793819371,485.32477837795903,0.706426
15,"[403.58455096 429.69573738 408.07278853 391.3898582  406.64700987
 409.39875565]",-2299.816394681875,450.85524243938863,0.548921
16,"[ 201.00664298  421.38170377 -286.97833873 -296.11639314  436.83111262
  424.06544673]",-1991.0974001065879,460.6629594242242,0.521996
17,"[-323.88958964  424.959692    433.98343906  419.97949198  389.47712975
  433.55907762]",-2178.022364477307,415.2433042223564,0.601436
18,"[-300.58828816  431.82691379  419.54656036  416.78818072 -295.66278214
 -316.59679092]",-2109.959032398657,407.4164435956967,0.604628
19,"[ 415.72979495 -294.19007341  439.00864322  406.7793323  -315.56613176
  407.73784262]",-2155.9413111608565,543.4241761579011,0.728214
20,"[ 403.61180729  231.12845078 -499.00975408  428.54844206 -303.70217922
  412.90394424]",-1786.442183498711,387.97699654043964,0.670161
21,"[ 426.86279446 -300.86190146 -282.62033268  413.83119234  409.77754997
  427.1352672 ]",-2197.2115974769263,369.4817533864498,0.586955
22,"[ 414.02636864  436.78094961 -290.82082048 -292.97227706 -307.24548542
  420.04773263]",-2089.7539264038382,451.16186525752073,0.707271
23,"[ 421.5490625   423.95512136 -320.24735566 -297.20455629  407.28162574
  408.12124187]",-2189.153331565793,422.31541585835595,0.630997
24,"[-273.59288269 -299.83608567  434.81739197  415.43580563  416.90329092
  415.58818491]",-2144.281579856734,473.7102184531604,0.675379
25,"[ 420.64622612  423.23736917 -299.06823207  433.74803835 -303.29172647
 -301.55849908]",-2135.676706557927,427.74725955373464,0.672313
26,"[ 425.5827319   426.90596503  418.25978031  421.3230483  -310.79014631
 -295.57792244]",-2254.2247734214134,428.29654081362446,0.580705
27,"[ 427.18622107 -298.61017151 -313.25437228  429.03303737  436.29596755
  421.19866068]",-2217.9766220158813,532.8456377540962,0.627772
28,"[ 435.45396964 -328.66613345  432.71134475  402.88114799 -282.54851274
  423.58854663]",-2059.8276027463053,471.84966023748126,0.634103
29,"[417.4574969  437.31875358 418.16275536 414.95914022 430.01526981
 206.30466595]",-2245.0663172764184,412.04265071789956,0.549106
30,"[-321.80248066 -297.43246318  411.41043487  410.09391614  384.17394149
  432.65803428]",-2027.1134793686936,517.3701339318313,0.512213
31,"[ 433.00420675 -274.35075661  418.12834779  421.75965468  409.50147808
  425.7172419 ]",-2263.4518904318656,416.75009986541625,0.59338
32,"[ 423.16303075 -286.11221647  389.39108575  443.56056228 -306.89926154
 -311.35515265]",-1931.1559102227147,511.90969953552303,0.490001
33,"[438.15222118 414.11094523 424.09960668 439.08334698 411.23649477
 406.85742081]",-2392.1863619405954,345.9445026074439,0.480552
34,"[ 422.57563882  404.0956424   426.7241391   432.25669518  442.88846981
 -277.8059401 ]",-2206.9858726250154,438.2412808542827,0.51499
35,"[-137.87347476  414.1445215   448.27017594 -300.45747909  406.10658077
  413.83562954]",-1945.907762935954,405.41617444847395,0.492994
36,"[413.93248533 420.57445881 421.98917682 437.85297252 412.59990855
 444.07762476]",-2396.8435462592124,460.7141824270515,0.516001
37,"[ 418.37969291  426.46345131  435.23185957  405.39300147 -291.52086881
  423.18065907]",-2319.4639669898497,517.7337152875818,0.522008
38,"[-315.6263334   428.97535282  422.70328738  198.29592002  432.56151851
  406.98399899]",-2103.148079840011,304.22031160687357,0.519992
39,"[ 395.85979831  427.41474954  422.67514168 -301.97943693  409.08436313
  433.9073368 ]",-2274.879285720158,461.8298931074753,0.532024
40,"[417.44221055 428.17746831 415.46722792 400.18794568 416.91997952
 429.3867105 ]",-2438.0951358032125,422.50949659729673,0.510043
41,"[-292.08957676  224.53791126  424.42186868 -299.29430784  427.81454137
  419.49347807]",-1984.040611177699,440.5456563020973,0.541987
42,"[-302.63096338  440.88021685  429.41377628  436.89236675 -324.6095631
 -313.79026489]",-1991.9099146631306,500.3601364326813,0.539956
43,"[403.56827414 430.87342653 439.43922273 418.84261658 410.89633567
 439.42705107]",-2365.7096172891906,457.34137743075974,0.548077
44,"[ 418.93156418  421.17206872  430.26187467 -307.42912801  417.99659019
 -323.74482533]",-2205.534372264564,446.3749945876537,0.543009
45,"[-313.79149389  422.05197384  440.03066725 -312.72667599  425.04560534
 -278.02919264]",-2009.9937183178306,467.07919913403845,0.525996
46,"[433.60218433 431.71364227 414.07023967 421.28573649 412.8857685
 207.43714316]",-2246.282351433409,395.1284402183128,0.674053
47,"[ 411.11756471  429.32041696  417.59437573 -306.85041661  203.47754782
  414.58210639]",-2148.4371519741817,413.16482696543517,0.662001
48,"[ 414.5662314   424.1851295  -294.57815162  402.84291898  413.9279451
  434.21284187]",-2312.318460376774,503.00131080148503,0.653052
49,"[-302.98125104  415.0672016   206.98272672  427.5343062  -299.46746336
 -315.99764745]",-1906.27339889839,465.73060740843954,0.56614
