,best_x,best_energy,t_init,running_time
0,"[412.80944104 419.46987373 437.37538348 178.32387617 422.05148787
 449.10685713]",-2081.635914664642,539.4908977508721,0.728582
1,"[429.62587797 407.61724697 422.80420453 398.56008855 207.26817502
 404.06304443]",-2166.6574483548316,516.0749067843605,0.598145
2,"[192.33581034 420.09350448 418.61663326 425.15223465 415.51676731
 425.29505728]",-2271.2466534839664,391.8551021767058,0.570001
3,"[-281.312265    406.5479977   421.85839653  414.82403984 -308.56556734
  419.30703466]",-2186.8473398899296,465.99019542264625,0.542939
4,"[-301.59244377  434.79650591  436.34355205  426.56203253  436.33171333
  416.67922011]",-2305.7944364619675,430.5435549904304,0.63508
5,"[ 414.78762273  439.93673893  404.42667563 -306.01536985  449.84305226
  448.08799216]",-2117.836167729969,391.2083859501444,0.556981
6,"[-289.22651644  423.48366619  417.20293564  418.57933144  398.60913816
 -287.36827843]",-2162.415934661163,460.5115106348188,0.533025
7,"[ 437.22039213  397.12007243 -301.77185405  195.5910494   427.93094891
  431.42878551]",-2047.6885236737742,437.62811879241656,0.539981
8,"[418.91981881 416.71785622 407.4151875  204.47464461 427.69806216
 403.67671392]",-2228.4278737686295,409.9005195224871,0.572564
9,"[-316.7641226  -287.24273203  405.99460014  406.74025062  418.70559092
 -325.08905944]",-1987.6155776697078,430.69740417028294,0.522978
10,"[ 410.63171648 -319.62938729  412.74774659  408.6342999   387.38833748
  430.90532161]",-2173.156323094395,415.36619098012693,0.544996
11,"[ 426.52249518  424.37996865  406.91977918 -319.31877026 -304.45317197
  424.43340404]",-2209.8073491382283,425.2650849227509,0.480557
12,"[ 429.36763836 -307.32615401  422.48529157  408.0540055   399.1659534
  419.812204  ]",-2304.371278617621,415.2096473051523,0.600003
13,"[ 438.6168807  -288.92678884  431.26183695  418.28150668  448.28986586
 -302.86032972]",-2109.1009234242783,407.3892059150207,0.532001
14,"[ 430.2603433  -324.42995864  406.57815141 -300.51442464  422.26670902
  419.33578933]",-2179.8843377483363,457.9654037947749,0.58452
15,"[ 427.17537643  415.77589895  430.72629432 -292.96914002  233.63740933
  426.98245304]",-2036.079849765101,471.44432211485724,0.516943
16,"[ 194.2468865  -310.67156805  415.95309335  413.21710067  424.65047447
 -296.68817546]",-2023.3101841419332,461.9636210533014,0.509001
17,"[ 446.96585632  434.00521801  180.79401594  423.79445818 -306.36709077
  421.3559763 ]",-2008.195390477194,426.03646825143176,0.522043
18,"[ 400.98742878  419.03688816  404.59921026  396.43835787  441.63661998
 -316.23955775]",-2163.077852415594,458.68103142437315,0.531013
19,"[ 417.78184529  441.24023064  443.04813551  207.27930594  433.3394411
 -296.16317977]",-2039.394867919245,479.1406882768214,0.514115
20,"[ 410.75735343  435.64909944  215.43082748  421.75178491  418.81741097
 -305.49447031]",-2119.337645722476,371.7823227983101,0.494003
21,"[ 416.47421984 -290.3260065   407.60954894  432.46070208  414.3107775
 -296.9001577 ]",-2207.5701242483615,392.48789980312756,0.488024
22,"[ 434.44255512 -304.90716879  412.13099423  393.0506927  -312.05310896
  416.14747592]",-2135.846831064914,455.3549339991241,0.503212
23,"[ 410.68023644 -301.15443565  413.92880185  406.47380743  414.52533264
  427.50703031]",-2339.0735499386897,424.89690371577365,0.526834
24,"[ 394.62584094  420.19499251  394.23645199 -302.04932538 -308.92367327
  432.49987099]",-2085.3558459486608,453.9867860727743,0.520978
25,"[ 387.28925382  402.42489071  449.57952113  419.00443791  442.64486955
 -323.29135905]",-2007.1721322095916,435.85233775309354,0.544
26,"[-272.97541901  413.21532747 -307.47473508  421.063515    423.823429
  415.44897514]",-2159.4345896955037,406.5903846512215,0.533107
27,"[ 430.37486291  458.53547055 -285.15423008  421.39926045  401.94051471
  420.14418825]",-2134.053525090852,543.4793333880349,0.506079
28,"[ 400.68094283 -312.18802424 -310.79505067  400.8314319  -306.65545198
  409.8731106 ]",-2020.399515950168,473.1659158555453,0.503992
29,"[-303.23269819  429.85458618  428.07246063  424.07410154  427.6472319
  411.3267732 ]",-2360.588609397467,385.5390859692004,0.549661
30,"[ 419.81426563  424.27854962 -295.91114284 -318.18828701  436.90498759
  439.35003532]",-2165.103939923357,461.20355275527885,0.581556
31,"[ 421.73437274  422.38624548  401.10556746 -335.75484044 -294.11026147
  431.38831926]",-2073.7293750570298,426.2719465108806,0.560053
32,"[ 422.4767545  -294.97783272  428.81970871  440.54921507  393.21240378
  436.70592862]",-2208.9432259096925,467.7523357162289,0.492115
33,"[ 411.11388507  403.35543556  416.01699305  410.16417668 -280.82303989
  425.91947565]",-2267.3027453125305,397.3714218185223,0.521021
34,"[ 429.93753298  426.16482823 -298.09097156  433.04698251  415.18828319
  409.46740226]",-2340.3590801633572,467.97870317484313,0.659488
35,"[-126.92336073 -315.89676891  425.90871752  425.71355828  417.96288735
 -303.79203705]",-1950.5575281917381,398.2077851397636,0.624742
36,"[-311.81087902  417.29450947 -305.39247519  416.46790815  458.19833219
  441.99320694]",-2040.0653864482701,439.4546859794527,0.598064
37,"[-294.1482205  -275.46314517  416.92140722 -307.48976018 -291.02651569
  421.64898487]",-1922.9675478743843,466.22765226766165,0.542452
38,"[-292.80314352  401.88275894  425.57124746 -129.03580606  425.16061976
  429.07237461]",-2027.2753298166576,349.2253533385483,0.625526
39,"[ 426.08556522  429.40694489  405.48227838  390.58548573 -291.22361417
  427.78347364]",-2221.926992633311,497.8554107861791,0.629227
40,"[-305.37326066  444.36505308  400.4692547  -311.61671044  422.46325304
  428.61071675]",-2138.564321447603,457.01538423737134,0.549968
41,"[ 437.35236408  415.98082293  412.01709029  451.53281407 -303.68155384
 -317.52126222]",-2087.88509007592,404.7980371326104,0.730008
42,"[ 409.644252   -320.71094957 -307.33128104  440.94507916  411.21625112
 -313.09889153]",-2022.5367747070309,447.67628385750754,0.550112
43,"[ 427.43307354  412.17337639  227.75591449  421.3789806  -318.77472225
  404.06429678]",-2024.7290898892088,537.2173907609432,0.740525
44,"[-295.622292    405.26349539  420.76759199 -315.032473    404.91457303
  413.5717724 ]",-2181.983540308678,473.16193530986584,0.70509
45,"[ 421.04238858  423.66611326  428.95869773  413.00778886 -313.56679368
  427.07240833]",-2358.434814975589,440.50002706603306,0.535984
46,"[ 430.5879208  -296.69450116 -317.68041332 -272.73994755  419.46260315
  420.17493167]",-2009.820001982039,462.1252262526019,0.525047
47,"[416.15223191 417.06282721 416.28933205 412.24448677 434.53748662
 431.89665178]",-2458.5856730504365,419.55129233256326,0.535953
48,"[407.60754544 426.10093161 409.57439404 207.83056175 426.58084637
 424.39208465]",-2247.505772008004,470.75058893072776,0.508516
49,"[404.62809815 448.79864804 443.41739736 431.52173162 433.11151849
 187.43789211]",-2040.7353810636434,455.0873797342962,0.501544
