,best_x,best_energy,t_init,running_time
0,"[ 426.85351377  430.48639008  406.82102844 -292.32830115  419.46744304
  419.17378625]",-2341.1123499836435,485.188259941492,0.680014
1,"[ 423.92148617  420.67121899  169.15521445  411.78396514 -302.82821892
  414.03231863]",-2030.7384682955253,506.7354880875326,0.751985
2,"[ 402.92330116  409.51153165  396.33819785  424.00693963 -271.05329323
  421.47735401]",-2149.6098322576195,387.22956288907045,0.62302
3,"[-300.97729257  408.26811349  421.63057324  417.48218622 -309.52708795
  418.02320462]",-2247.738185201616,432.5452510437134,0.52998
4,"[441.88171307 425.24681005 408.29913938 425.36231776 211.02900523
 418.75864367]",-2210.327615857276,431.8092921969247,0.511007
5,"[ 420.62546677  421.55103331 -277.41347381  394.6516623   407.39306794
  423.0536346 ]",-2213.215766543883,420.6188395977177,0.542109
6,"[-312.49188414  415.52188294  404.93438334  420.13480718  429.86916061
  451.55142054]",-2223.2317507600696,529.7706954524301,0.534409
7,"[ 435.60122346  423.83200021 -316.56199523 -283.51159515 -307.13862605
  411.40213963]",-2047.5636378328634,430.64187377046994,0.504748
8,"[ 410.42167805 -297.13021935  426.98423385  399.50943727  417.04124378
 -275.70365259]",-2111.4584028462446,449.3701309346954,0.518885
9,"[ 406.68148335 -295.62829133  418.73601606  427.03713251  223.26446931
  405.21184156]",-2063.8883169993514,479.6646973850839,0.522891
10,"[ 438.05771153 -283.00406161  408.28750165  436.16584038  419.66602044
  401.44932752]",-2216.425429468296,411.68689998487815,0.529
11,"[-305.93074461  408.22065184  430.88262566 -292.07450953 -269.73737999
  428.68586506]",-1979.769935888322,462.7441375591467,0.628601
12,"[414.93960852 430.35437565 416.09284542 423.36177357 433.04758739
 420.04221067]",-2476.0391129300774,447.2179774032976,0.548999
13,"[417.59599079 406.69541026 454.69619308 420.50880423 415.81566
 395.14720064]",-2265.8194914887936,407.4311784454349,0.558247
14,"[ 419.21007417  441.05926317 -320.96421547  434.29682675  438.79646927
  432.61026095]",-2223.145528505672,480.6219889553074,0.532006
15,"[ 222.59456327 -309.75242398 -292.18974524  418.27077114  427.44964486
  433.81282893]",-1968.96567093029,412.5339663864413,0.577066
16,"[ 420.63711686 -304.04850041  406.42230106  424.91695973  403.25573954
 -281.92384865]",-2158.232683767431,402.05094371900634,0.604048
17,"[-288.32502335  415.78943887  404.6887402   413.97108922  390.09510928
  208.23414387]",-1995.4355955383433,446.27573098312223,0.68706
18,"[ 408.3030956   418.55083452  398.04795781 -280.04697307  418.33874773
  433.40296269]",-2229.5182177021643,484.48450876863035,0.584326
19,"[ 390.38331328  407.05333526  413.72388163  435.27834898 -305.95235443
 -319.82387615]",-2070.581269239513,456.7953152587633,0.537972
20,"[ 422.4221025   408.42847622  403.21867215  432.29325705 -339.56343377
  427.33492342]",-2154.1152520567584,411.07055942664283,0.585228
21,"[ 441.49527073  408.09505163 -301.37495993  427.37001337  434.43479084
 -333.97178009]",-2056.7592115324314,466.11087854271403,0.515509
22,"[-293.96382474 -307.23745194  427.95236773  420.58465359  427.69922943
  409.44868369]",-2236.561796647554,501.11649856235647,0.653
23,"[ 408.99601059 -278.77392319  414.33610042  417.13949661  418.3968395
  450.8850872 ]",-2192.368592197676,428.4566834922747,0.644001
24,"[ 420.20955959 -317.92456858  414.40053923  421.02529017  432.74557055
  404.97087112]",-2311.044351758221,444.1186044218811,0.5901
25,"[ 419.97059769  404.47661832  419.2049505  -334.61404937 -292.0954217
  424.81429177]",-2103.783692356001,479.4392683269119,0.532006
26,"[-288.28057175  404.8449938   414.21755087 -297.02349791  432.77819895
  420.37080924]",-2192.578488861505,444.8704523561503,0.519042
27,"[ 410.26082372  400.37094144  426.30567113  427.26483155 -316.6767441
 -280.36564527]",-2117.623908292288,525.9359125129698,0.530023
28,"[ 423.41865399  422.51580969 -284.10582898  426.37469384  458.81475991
  413.55111371]",-2171.355190949377,479.7983524080358,0.487983
29,"[ 416.04422088  422.77376796 -315.87302798 -316.19091041  433.58811159
 -288.29343981]",-2064.036950324604,427.86465113707624,0.726834
30,"[ 425.6371645   438.12734493  421.0441732   421.11187879 -324.50811017
  433.42031816]",-2276.4533659628923,455.5567449650763,0.80454
31,"[-292.3790504  -275.84161069  429.65080867  415.65486103  414.93744295
  424.98109253]",-2160.1049955941276,370.12772689132,0.820884
32,"[ 413.56449305  405.95625108  416.11455616 -499.46366326  397.51040893
  427.63557894]",-2159.4173512862644,515.2093676179384,0.990816
33,"[ 431.43660013  426.97140982 -298.02004511  401.1183195   414.26910902
  430.49788855]",-2309.104490915934,442.55696927118436,0.648109
34,"[419.69989333 432.47181377 447.92014917 409.74625102 416.06744254
 451.93931263]",-2272.1102179229238,478.903810232147,0.645897
35,"[ 432.38939134  426.94914259 -298.67513351 -305.14642742 -298.09896023
  412.67396764]",-2123.80557636052,432.13822801829036,0.814764
36,"[-278.03073132  419.65114558  453.94706028 -302.35384675  424.46676604
 -297.49674317]",-1950.0989054663628,515.5704901941575,0.611578
37,"[ 421.73502619  435.13924321  419.78343379 -323.38239499  408.82794105
  432.27104631]",-2281.464784600369,441.2730572212567,0.56099
38,"[ 413.32601756  409.86290286 -280.64938319  416.48833152  420.69777701
  418.17649352]",-2311.3578740516155,362.8729589174558,0.740258
39,"[-293.02138252  407.9070227   412.87446921 -300.37884584 -322.14288946
  436.90548007]",-2037.4452607769822,473.98888930691663,0.688061
40,"[426.17343634 416.10934654 423.53259807 421.52360554 396.55380593
 424.20712749]",-2433.05879139126,436.7223023459706,0.671061
41,"[ 429.11428153 -311.66684393  394.79353752  404.67767287 -309.15874342
  403.01266505]",-2097.322191552787,378.62967800725187,0.549882
42,"[ 420.08908248  415.68681553  411.07853725  441.58302752  425.28835217
 -302.88125001]",-2324.3241228176903,437.0836354873487,0.503923
43,"[ 408.16077542  405.64696484 -309.69775126 -293.66162014  427.94764862
  422.31235801]",-2204.758010158552,496.8565316463815,0.587993
44,"[-315.26868869  409.56590348 -328.91186827  426.19794131  424.10631037
  417.20406704]",-2148.5937811736962,458.6577572732629,0.762019
45,"[437.09768862 420.00932016 193.73427885 427.95999124 407.32774961
 420.37224717]",-2221.9782120849004,442.86994304485427,0.606166
46,"[452.67606248 419.31912914 404.83001432 408.805476   403.04937163
 441.86057953]",-2246.7557180113126,423.5276696098307,0.586092
47,"[ 435.69898762  413.10190534 -284.22031068 -309.67041481 -305.95965557
  423.84291255]",-2073.558413036572,429.94170554079227,0.712028
48,"[ 422.09731431 -307.95616695 -281.72407581  413.47980835 -312.24202145
  448.60685914]",-1989.3736364801327,503.8610258729773,0.84445
49,"[ 425.08543803  438.31214782  400.23415915 -301.77647068  436.29257795
  227.37179982]",-1988.3133334090267,462.29788439421986,0.574
