,best_x,best_energy,t_init,running_time
0,"[ 408.79988115  393.20706528  425.86023006  426.83684697  404.56930792
 -128.58287933]",-2064.432709476964,507.5197400028698,0.642913
1,"[ 412.01465967  410.56410979  418.21008649 -300.22606105  420.42661358
  439.15143257]",-2328.89641141445,561.6352756062647,0.594001
2,"[ 417.33119768  404.88650448  430.95130133 -306.10315474  418.53489664
  198.61735014]",-2126.2970975137428,412.24387710195936,0.612349
3,"[ 442.25008501  441.62129641  405.35862627  419.78157876 -322.95957364
 -330.57158049]",-1989.4617665788587,398.1065544906889,0.742383
4,"[ 413.40921408  393.06015454 -304.61513436  450.99039948  415.64116864
 -317.12264615]",-2035.4961449701082,439.2991217908066,0.613228
5,"[-318.83353568  417.9356467   407.36033623  442.30421782  400.2770348
  399.50466781]",-2172.5626625521954,435.2123800512225,0.579279
6,"[-305.36106263 -311.3919261   422.84781075  409.11653361  418.92450351
  382.59312289]",-2078.0894773561513,507.7640307984198,0.535
7,"[ 421.70632254  437.17274576  425.81262824  423.55985316 -325.87502763
  427.99204958]",-2285.1137164511306,452.12268463959435,0.633173
8,"[-311.28877435  411.07016902 -286.69117794  426.64482426  421.67254322
 -303.79049317]",-2101.352083188816,365.7838586163236,0.683936
9,"[ 422.78758277 -319.97054121  403.12837612  445.29635433 -321.32866483
  410.41038788]",-2067.99765786752,491.3884769692923,0.635234
10,"[ 450.7786267  -279.91718093  399.88695445  396.71546807  208.08682341
  421.92222304]",-1879.9863028863024,405.9374326907716,0.593171
11,"[432.04585364 416.94368597 424.37309655 447.83930221 200.12864242
 421.60388914]",-2187.1955140875275,476.9139915768754,0.75432
12,"[-297.65110111  422.55886037  414.43789106  432.66954112  433.34065072
  411.73720655]",-2339.6240338758817,438.8319464822622,0.625731
13,"[395.61367767 405.95671315 417.23704554 430.51829002 178.56312065
 423.32236587]",-2102.950359534396,372.2942502422506,0.584959
14,"[ 408.82818456 -303.77825083 -299.59544082  433.89891948 -301.99590778
 -291.48765503]",-1984.2208132527026,505.1203862008349,0.584994
15,"[418.33160314 437.17387508 391.56359152 410.92750738 425.34992654
 396.66152319]",-2290.2959456599715,472.89740117359366,0.653281
16,"[ 47.48908843 395.62409158 432.45955734 396.81627356 417.16374218
 419.09955881]",-1954.7454255739135,456.5063010422815,0.558977
17,"[ 441.50317866  426.90373122  427.13728013  441.7409194  -311.39503983
 -310.54018697]",-2143.438410276307,395.262204717207,0.616025
18,"[-312.72863569  424.7587175   199.07857918  426.43591253  408.29435675
 -297.48317488]",-2015.0794963983926,481.5271346601446,0.525013
19,"[-292.88310499  447.70993908  404.43394016  429.50428244  443.02845456
 -285.57214785]",-2038.6042604059767,463.51437930419075,0.615015
20,"[ 431.14624721  220.05249315  440.88433947  419.87213901 -308.58907973
  432.03122676]",-2062.4759870951084,377.02360480537135,0.640974
21,"[-318.17068481  429.50040962  411.72620613 -324.06743206  407.3912866
  423.70138478]",-2144.969754795998,444.1823979653953,0.533
22,"[ 436.10704801  421.84299483  413.40182117  189.6735228  -300.15827676
 -290.81766065]",-1981.39236764087,449.24982814098854,0.557072
23,"[ 437.30554798  424.19508458 -291.78967499  447.50265659  419.25233612
  404.34367413]",-2225.0862803131836,418.2828866481663,0.515992
24,"[407.71988135 417.2692261  412.05059516 421.84264594 481.49238827
 421.20906513]",-2084.491631366963,420.541806262706,0.536982
25,"[-318.87883105  424.56230667 -305.07780254  401.27674885  403.52838196
 -294.05789035]",-2028.456383408679,364.0348640519641,0.500232
26,"[ 401.71567816  406.14594026  426.32837727 -309.58350844  417.18733026
  433.7695242 ]",-2290.298328983386,375.84402420966035,0.61408
27,"[-137.39321998  428.80167022  410.8113919   427.46625109  427.1946668
  431.38906334]",-2153.1240479260096,470.42115928722484,0.746921
28,"[-309.93718756 -303.53242468  403.78448339  435.44824091  422.47725713
  417.9958403 ]",-2205.745460691298,510.81627611639493,0.664081
29,"[ 436.9793565  -320.5256941   414.61432134  214.62470207  423.73704137
  404.32070461]",-2050.5389147069077,407.44443039019285,0.659948
30,"[427.53773332 429.0778859  426.8480893  451.90082672 220.44934799
 405.91307317]",-2099.273283131694,414.6500473881537,0.709512
31,"[ 413.28920705 -310.93287867 -298.62063553  404.75759527  453.51013099
  415.53043059]",-2094.08439667832,375.61581547927653,0.656932
32,"[ 418.42212326  441.48145171 -297.90659628  430.21453595  429.77708674
 -310.39374544]",-2192.6977787563246,498.9900960310099,0.633986
33,"[ 387.98580314  436.11061556  413.76732382  406.49267769 -306.70466059
  412.09977819]",-2194.036912976927,350.85252928736855,0.5811
34,"[-307.04139939 -298.52527482  436.81854089  419.58776412  437.86604486
  417.42726927]",-2203.34643451771,432.94820395653966,0.649971
35,"[ 407.52152101 -313.90550311  401.03494815  441.69109676 -286.04397759
 -332.48735881]",-1875.4527580313325,378.6382043380456,0.539998
36,"[414.74780289 429.51975563 447.79616213 427.65548326 392.83135984
 220.63424223]",-2058.150699145696,510.29555498473366,0.631934
37,"[-324.50216132  426.2417075   424.278767    418.6490865  -111.4751314
 -311.89104833]",-1882.4902867295284,526.7463653581208,0.664562
38,"[ 395.42161984 -295.28730182  408.32737346  415.09143168  431.44668263
  429.10607502]",-2263.5999583184907,341.02282798634855,0.736342
39,"[-302.26099589  415.02952049  417.95744389  406.20833309  402.79530238
 -316.0583037 ]",-2180.6468923946777,488.47079521452326,0.680992
40,"[ 434.60883953  427.16430647  416.06892235 -305.52205217  425.39391277
  426.91832352]",-2356.130303577835,429.3803354654852,0.666436
41,"[-312.74622767  422.61876173 -290.66447147  402.09926768 -312.97532039
  438.19785442]",-2032.754379323607,467.04174485048634,0.830715
42,"[430.13271899 429.86307009 407.54993466 433.91100605 418.39270749
 431.283248  ]",-2435.6257066588537,454.56108023419773,0.716062
43,"[ 442.32628085 -306.83522547  415.91018514  433.91858455 -288.28018947
 -302.1084119 ]",-2050.0261616579564,430.34707478293564,0.658994
44,"[ 445.85580949  448.96285765  429.61968805  440.24163595 -306.84460579
  422.09175786]",-2164.446582398099,501.42680091476524,0.62439
45,"[ 401.87026986  417.82736399  418.66364055  425.716383    420.65540375
 -302.41969515]",-2345.8450689283004,473.5058232272646,0.69008
46,"[ 409.45512178 -315.00355277  402.95087101  416.8807234   415.09539063
  454.79844971]",-2174.537275264919,443.7610286876817,0.537001
47,"[ 411.6630477   416.86603549 -306.76858544  411.45121173 -299.55082826
 -332.24613097]",-2023.9119144684273,431.62750262786614,0.629519
48,"[ 434.90832706 -308.5681711   399.54828055  217.35744226 -320.8726814
  430.28954033]",-1898.568641726511,491.06503758562303,0.681786
49,"[-292.45472883  439.00169856  442.73949148  436.98538854  422.20583092
  418.23450514]",-2249.916685543441,489.97067113086723,0.744284
