,best_x,best_energy,t_init,running_time
0,"[ 412.07535721  415.41338854 -266.39336522 -304.46266355 -265.53861645
  429.9177995 ]",-1833.6836479150818,480.9421883515393,0.568402
1,"[ 435.6409255   399.95999857 -321.98594113  420.02568004  420.60868457
  414.19532217]",-2261.328936590731,468.5564912993367,0.737635
2,"[401.69019418 424.80106895 438.74014961 416.67509732 414.66224524
 401.15063421]",-2371.353793216291,456.15279015349864,0.652128
3,"[ 434.94535565  443.65271196  420.62917343  214.18124739  410.87450805
 -298.29276474]",-2061.257186663523,427.54913559326104,0.646976
4,"[ 427.70436731 -279.09455514  394.72981231  414.97171541  435.46122854
  449.84666957]",-2107.7583544403,418.4463412450825,0.60211
5,"[ 428.61310666  413.99171547  381.0802176  -331.88060222  430.45949823
  437.08963348]",-2051.7285717698746,443.3072075889448,0.536052
6,"[ 417.94551108  435.4849651   434.88449537  433.12189979 -141.85411308
  395.62740167]",-2033.2970899443899,455.8017629550697,0.524015
7,"[ 403.42999269 -289.44946527 -299.93108876 -307.06617153  435.78779008
  401.13490164]",-2020.084914135784,427.60353151335914,0.537992
8,"[ 422.6931944  -308.69218892  392.78490863  422.15711383  416.06263283
  414.47737173]",-2286.6173698489542,427.6900512085136,0.517993
9,"[-306.9567958   428.84182872  427.22968433 -323.92282368  416.4761934
  444.69147152]",-2132.7014933929745,481.8672313692972,0.522011
10,"[ 392.41823968 -290.7049567   411.97002856  438.21947832  391.37424963
  429.39047749]",-2119.7951027198446,424.03603134092816,0.53457
11,"[ 419.66805216  419.72327288  406.3400565   419.84283774 -302.12985115
  433.58274556]",-2348.29507805618,465.187089433182,0.547005
12,"[ 396.88816952  407.17332715  433.7697862   424.67724222 -318.69809521
 -304.16907258]",-2127.5056284210114,417.4366091641199,0.743002
13,"[-498.79724334 -289.97206921  415.16094414  437.71055806  428.90134054
  448.96957978]",-1980.9565653417576,430.93363278439347,0.686977
14,"[426.14324608 406.74524766 424.08977797  57.7245091  405.27010394
 433.97150072]",-2069.2303202758094,499.16884084254826,0.616999
15,"[ 423.0840352   428.84510129 -298.87949892  431.76731709 -266.1988483
  400.58031975]",-2052.753985852199,445.1315536768597,0.623999
16,"[-278.16200266  364.59726687  415.42328984  437.18807088  407.4890289
  420.68214892]",-1934.3662357955354,443.64366363087663,0.53301
17,"[ 402.39709103 -281.27786692 -287.79951493  448.50904046 -289.6006516
  411.44202068]",-1909.3064736005392,451.04491798520115,0.629991
18,"[ 405.33469258 -282.19995738 -276.37433004  415.21552889  422.51581662
  435.0229357 ]",-2085.999526550366,488.02533788809274,0.659999
19,"[427.7622613  398.49274405 418.85080673 412.98016699 414.21498743
 427.23391062]",-2427.250297072402,488.26439612581214,0.718001
20,"[432.86495802 384.38191757 414.90718742 411.69270462 430.85365984
 430.47495949]",-2301.724840543784,386.6437387091902,0.541162
21,"[ 394.34395104  417.56813595 -331.15289033  419.46887434  430.42322047
  438.52917114]",-2158.9013298328937,428.39369900022007,0.513837
22,"[ 402.44914201  432.60802613  428.32714268  417.3324912  -273.56167321
 -280.52099688]",-2052.382506728807,421.76083961276447,0.564
23,"[-318.13652598  431.52176224  444.14484025  432.41790877 -315.53380852
  429.94903611]",-2117.794657841193,496.7470802150801,0.527001
24,"[-302.70742914  395.63786598  393.77528142  404.01811252  463.65973985
  388.304483  ]",-1853.9624967793793,451.4672286889512,0.531993
25,"[-121.36183334  425.94457092  431.83825271  405.07702013  401.34125918
 -302.53233948]",-2001.2365298065122,466.6629101489414,0.506018
26,"[ 436.53451803  409.07206524  433.42695848 -319.20864038  407.46400901
  439.59426679]",-2226.9908939858096,447.5231652108495,0.565993
27,"[ 415.93537758 -273.04816568  413.08175734 -293.73015969  223.72884619
  426.14182449]",-1884.9271556441226,459.1264351907647,0.549995
28,"[ 187.8810111   424.33598683  381.33009926  445.21654276 -299.06622498
  423.39196886]",-1891.0512022965752,471.99275834938476,0.555001
29,"[ 426.37282453 -341.05307745  397.66610664  393.78044538  421.229082
 -315.20227174]",-1924.7644150395727,492.32384192317915,0.541
30,"[ 444.17967266  417.30103467 -296.78971343  443.69383657  441.14329917
 -305.6127302 ]",-2088.3863568288307,445.278289061598,0.523022
31,"[425.64642985 439.16698994 196.85776421 408.34051687 433.29447716
 440.59307195]",-2159.4803203394604,401.420905091355,0.540979
32,"[-295.50244834  398.0476609   405.27305736  445.84908975  419.09577369
  452.32862141]",-2098.201177452875,533.1276621722193,0.509998
33,"[ 426.94947894  412.71631786  436.30497118  403.26593722 -297.7375378
  435.78520177]",-2283.802726508991,419.38397249764057,0.545
34,"[-295.02945533  427.81766248  415.82778795  432.54494122  388.93522059
  413.74687353]",-2234.5019136733486,461.8623495299094,0.543028
35,"[ 439.62681366  434.65451047 -311.50519974 -302.07359151  446.10450054
  407.33494617]",-2098.6310916217626,475.655234302874,0.520972
36,"[ 438.52312781 -278.49587567  385.57915344  399.93130279  407.79878053
  449.48916602]",-1966.2589919146103,481.2419705217932,0.534961
37,"[ 450.16989435 -292.87770522  452.04455195  414.95331611 -310.63320504
 -303.11185249]",-1912.094149799914,394.55843876210946,0.537
38,"[ 407.30449364 -111.57889106  450.14674361  430.62580198  431.68924773
  392.68967315]",-1946.8361713090444,419.64019840648706,0.528046
39,"[-320.81380141  418.25179064  418.97142232  415.88087037  448.59494043
  398.16299452]",-2191.906731422987,452.04105194637594,0.572367
40,"[-320.92971604 -285.2124098  -290.59593065  432.23257011  417.82709706
 -312.137104  ]",-1914.3890317740506,512.5419226021933,0.535008
41,"[ 400.6084646   407.90361185 -325.77962969  430.9036392  -314.99680398
  419.02148408]",-2105.6326569405783,398.9809968270693,0.562995
42,"[-297.63612352  409.23441258  442.81441161 -314.80851682 -317.23951315
  434.79929875]",-2008.7925349389714,395.7902684679008,0.560193
43,"[ 416.33808129  436.00675005 -319.48247249  399.38620988 -278.78988657
  437.06100995]",-2052.936366019349,443.3602277398551,0.57199
44,"[ 432.21263718 -301.79279038 -299.80637251  451.27034373 -283.87265335
  431.18449525]",-1973.9324155620832,463.26353254387965,0.519999
45,"[ 435.12117931  430.57015001  431.42018449  395.98768536  457.53036754
 -316.28247972]",-2085.37439475048,394.2808999487398,0.516011
46,"[ 437.71081844  421.85188975 -118.38429811  445.97346619 -317.99448452
  431.2691932 ]",-1938.217297976074,456.8812225288708,0.526983
47,"[-276.22152788  400.91677927  411.11597602  448.65472404 -301.66879679
  419.67448427]",-2038.9927423421516,402.813522957215,0.52501
48,"[-335.98994741  442.99246494  431.33860786 -270.28783324  416.59430374
  417.43711193]",-1945.6945685885917,472.5003695025512,0.52301
49,"[415.56028291 413.00150002 399.31224242 432.11620815 423.71549671
 413.74667859]",-2421.821458207436,479.8173665454411,0.557128
