,best_x,best_energy,t_init,running_time
0,"[-126.29317156 -302.46527665  204.17865653 -499.75785754  203.41886861
  204.36737513]",-1206.5728674111763,138.8628021531945,0.827763
1,"[ 418.56178031 -300.82440914  418.10071822 -122.74312908  203.96089037
 -300.64933216]",-1760.6348060516734,145.17247712535172,0.523997
2,"[  70.486666   -125.55225715  204.68897328  418.764157     64.79546968
 -300.62304524]",-1166.9688968123733,223.37812843761645,0.518028
3,"[-298.50168578  201.14667066 -125.92699552  205.05360448  204.88236301
  418.76309621]",-1443.8756306723749,177.61954344102313,0.537528
4,"[-302.8494369  -125.15335647 -304.3598762  -125.2443324  -300.12333176
 -125.49792849]",-1268.9994458813387,183.14266942549378,0.500991
5,"[-297.54839187 -123.84540177 -127.72656392  197.53142282  197.53969975
  209.2418523 ]",-1133.7794253018178,248.5270789735823,0.482046
6,"[-302.59138945 -128.54681742 -126.65380436  418.6073449  -302.25193134
  420.45887884]",-1681.8458077442922,278.34221400552525,0.530446
7,"[ 423.50882132 -499.84973456  202.43616431 -302.7036253   206.88183398
  417.00281041]",-1716.9230355178092,210.18595141227578,0.569164
8,"[ 203.63809828  425.5956313   204.37719564 -300.81716817  417.73586483
  205.06729082]",-1739.40670444747,192.72855258698468,0.532999
9,"[ 212.28627543 -118.38015619  425.69420852  419.27760355  415.22402214
 -499.43308966]",-1734.3842322937287,478.80091125295974,0.465997
10,"[ 208.06679052 -128.52168822 -122.70903132 -499.98247446 -127.39829614
  420.13693971]",-1164.2673573844986,96.74524996878142,0.528998
11,"[-300.76663541  202.9486967  -303.74493649 -121.05524257 -300.80477367
  422.13589444]",-1642.2907308788972,186.49148255946102,0.463083
12,"[ 421.55228329  201.97063479  422.91235723 -295.69287315 -300.02620595
 -131.33107261]",-1750.7076609567216,229.5945509640523,0.455977
13,"[  55.22324719 -123.74792372  200.92934249  197.08407694 -123.32297816
 -304.84771404]",-992.4467660191959,191.61675151683775,0.476313
14,"[-128.69506345 -126.74495066 -499.56091925 -305.57890436  210.71268088
  423.18352572]",-1332.6969773208493,163.9732834097987,0.543703
15,"[ 201.91481391 -305.37617341  202.19742021  418.95465545   63.37494852
 -123.51223918]",-1306.546781509266,137.18471490606615,0.457554
16,"[ 200.80925897  423.37793938 -305.16374305  208.24499998  419.38607994
 -125.43442511]",-1659.442215085432,147.82278423400587,0.470999
17,"[ 421.84891667 -305.08059686   68.53819567  203.55796833 -124.3314171
  422.14022863]",-1524.5371213829894,95.24679203608349,0.473021
18,"[ 205.14624419 -301.68225212 -125.15932807 -305.61082181  419.62812152
  202.6005219 ]",-1544.6830452569704,248.6261419619246,0.44998
19,"[-297.34369286  418.60137638  421.47023486  202.22961576  204.67262886
  419.50163572]",-1956.3726380445655,313.29084817392146,0.473049
20,"[-315.40244877 -113.78931018 -302.26215581 -297.81545306  429.83249612
  203.66987612]",-1596.5490369974725,152.9300324410151,0.472032
21,"[-499.17945174  203.350996   -499.08542846 -302.91696606  422.50310467
 -302.87354757]",-1563.9743753216458,200.99752095804413,0.579995
22,"[420.09679781 192.34731205 422.23134686 198.35642088 211.1930878
 -30.83717741]",-1436.6833947187074,177.1659294106088,0.468002
23,"[ 421.21680465  206.2673445   204.76516901 -298.8321167    64.9937787
  425.06553942]",-1601.058845832319,198.92697914767632,0.465012
24,"[-124.04052428  202.82061638  202.55790454  418.49203718  201.16880464
 -301.46988854]",-1445.7231922559604,111.85394770846825,0.460734
25,"[-499.43232352 -302.97412214 -122.77459312 -130.61002887  419.31850653
 -499.9138324 ]",-1314.1694804688163,163.26319616215048,0.603191
26,"[   6.01921855  425.24830598  423.1573367   203.77083286 -300.15721561
 -309.17264867]",-1635.4955228524607,283.34538750424446,0.494997
27,"[-271.13122547 -315.06536596  403.43903167 -316.95532163 -105.73704228
  411.05410739]",-1609.2366295128804,265.22447745382345,0.476219
28,"[-302.85143355  200.83640025 -124.74304649 -303.59857264  416.22573922
 -125.34214529]",-1463.5164788468044,182.52156314902342,0.46455
29,"[ 419.33031095 -128.30084457 -300.79245101 -125.03410308 -301.42752778
 -304.720449  ]",-1563.3245472007586,232.88822222904554,0.463061
30,"[-300.89097196 -305.42539185 -127.41861028 -126.75421397  426.17418663
  204.43404132]",-1461.4481715395427,144.1336456386983,0.46898
31,"[ 418.14057826 -119.12005035  199.04854626 -306.20985747  196.73901815
  420.72230133]",-1648.9986687428952,143.26125234389116,0.482016
32,"[ 201.63618162 -498.99439507 -131.00515172  204.79418377 -126.64629214
 -304.28419249]",-1113.2291001173676,292.1351211495355,0.49429
33,"[ 200.92813539  204.02222322 -305.19238918 -499.58140399  201.3060845
  417.9867849 ]",-1497.2403400351623,143.71357952569923,0.520638
34,"[ 424.33016467 -302.08486934  202.21664576  424.72424132 -300.51583586
 -124.34157916]",-1759.676035890302,359.1674971249593,0.478555
35,"[-119.14214199  203.24268211 -119.7902798  -120.45173534  208.76305498
 -134.94742902]",-869.0838913767263,165.48234173058552,0.475022
36,"[  65.72139166  420.92285307 -302.66820456 -125.76086163 -298.84223063
 -301.79342715]",-1505.2284978099754,131.79231930612,0.451976
37,"[-300.67025571 -304.70227277 -303.05519437 -128.95182399 -303.27870712
  422.19008412]",-1740.509295492326,191.85544856522685,0.454018
38,"[ 199.32132716 -129.82144398 -295.55133443  207.42532833  216.17217369
  203.13237628]",-1197.8386157846512,259.4006907009183,0.476
39,"[ 422.78621982 -301.29794152  419.57013028  421.16352847  419.1706758
  418.48302427]",-2393.413686869265,221.91438944586434,0.471981
40,"[-117.23681494  421.19019668 -499.96818306  201.01905073   67.5459148
  203.00461833]",-1180.5242096548043,152.62535011569923,0.638052
41,"[-302.7903807   420.28847936  205.68972719 -303.66414491  418.00991495
  202.33965815]",-1840.681174761791,99.53375229883218,0.714925
42,"[ 422.96922664  421.97718899  423.7694689   417.8377571  -126.31212845
  202.8585004 ]",-1997.3917155095082,175.18076763697755,0.665289
43,"[-124.09421142 -299.50928277  205.28428218 -126.14885549  424.44978476
   64.50783931]",-1227.3656899778985,176.5234036514304,0.580901
44,"[ 417.2996528   423.13640003  204.32225965  423.3770279  -301.11252697
 -301.35992946]",-2056.403175966651,219.6677306482268,0.561001
45,"[-125.0109075  -499.57762852  417.79832613 -303.21136137 -125.75002345
  425.47585581]",-1556.285956398941,177.30314922949557,0.531995
46,"[ 208.03146446 -122.12624029  419.78579611 -309.99742089 -314.13066881
 -126.76727171]",-1439.7233613287924,221.7244439307268,0.607005
47,"[-499.70623639 -308.35496814 -297.95998837 -306.17343898  418.5234552
  208.31117795]",-1687.9195786954451,221.96708799122817,0.682002
48,"[-306.74192247 -499.76316113  204.42208494  208.10761333  199.38712812
 -303.34595494]",-1377.4285135343487,107.8584318880135,0.702995
49,"[-132.79126223  421.66167136 -304.34462887 -295.11240975  419.98899525
  419.62888619]",-1965.017448240675,114.58479959543851,0.486021
