,best_x,best_energy
0,"[414.03898701 418.48576871 422.40393563 430.97684118 416.514515
 195.8691235 ]",-2266.629874959861
1,"[ 419.64862949 -293.17277223  434.50847512 -304.24775125 -296.59956335
  424.658741  ]",-2117.8502032867564
2,"[ 428.17447856  418.86048038  426.49114803 -311.9143358  -304.519915
 -302.71375329]",-2135.9577634085645
3,"[ 202.43120183 -293.35711959 -301.43425579 -307.37191688  421.4534382
  422.15496392]",-1927.3339413012818
4,"[-291.15654019 -302.6279968   430.16071692 -316.86130316 -319.42968599
  212.56612409]",-1724.8230549764905
5,"[-316.61364481  430.81264504 -293.03566338  413.47092822  422.90722821
  208.93597911]",-2000.5385286222574
6,"[ 420.27311617  416.69128603  194.3637939  -308.60654816 -312.96475768
  420.71953129]",-2027.85738263466
7,"[ 410.40686256  193.68784149  419.93028182  416.13580134  418.65415358
 -289.68918695]",-2127.3261208600516
8,"[ 420.22971392  414.10057622  411.29269779  416.69720542 -294.65103441
 -303.63977554]",-2249.0765413706276
9,"[ 418.15908225 -302.00845348  419.44601588 -307.89826622 -303.39132162
  421.76745584]",-2153.4263285485376
10,"[ 418.57621201  420.07489451  430.84956716  202.64346747  423.56135118
 -308.70139229]",-2159.3335540185412
11,"[ 436.00829148  423.13162736 -310.58215006 -139.92382937 -299.76565018
  409.70668398]",-1898.1304322530857
12,"[ 407.93408598  194.74963472 -309.64348388  409.26849115  428.82565136
  433.74804276]",-2095.0397197031452
13,"[-283.74337559  206.00589947  407.45761899 -301.80025119  420.92994374
  411.33744248]",-1981.775854126405
14,"[-271.54898182 -289.03831433 -318.45600112 -295.36193405  413.17815032
  404.66469165]",-1827.418499189017
15,"[ 418.3831638  -314.53933932  427.32778988 -299.62445531  402.76349965
 -314.65688359]",-2073.960246935132
16,"[-286.8221018  -309.26348018  199.58580469  215.94131055  212.97844279
 -307.47718685]",-1436.2958167207064
17,"[ 433.56639605 -292.38032202 -323.8854315   403.67240516 -300.13131063
  443.36689289]",-1969.1805555525123
18,"[ 439.10600662 -292.04624993 -273.28826543 -313.82643024  423.58305446
  211.46075143]",-1762.0727887625244
19,"[ 421.50408218  429.78005254  422.00322071 -315.30560006  430.20006485
 -286.80241024]",-2205.2215859284274
20,"[ 445.24111191 -299.13405328 -308.9004318   428.61356037  423.32878775
  416.07978614]",-2186.4498082807154
21,"[ 216.83488721 -302.19066804 -322.57131936  434.44989406 -318.75184523
  419.91004711]",-1813.9443710542569
22,"[ 419.7248266   427.04783347  194.12689385 -295.26450353  430.24220179
 -302.23814617]",-2025.790581782141
23,"[-312.16383316 -301.5652194   409.70030302 -289.22351796 -299.65906056
  403.86261215]",-1953.284325293612
24,"[ 437.32284174  422.16826475  438.96432523  395.17935028 -316.04679333
 -289.77964783]",-2079.3250899653203
25,"[ 207.14909107 -305.53569116  420.75962432  430.94107528  419.51781384
 -292.53368236]",-2032.02107560751
26,"[ 420.01506746 -320.71415693  424.53824434 -296.73119794 -299.09134643
 -315.59183753]",-1969.8376772549423
27,"[ 426.85876173  420.74458244 -307.42571648 -285.81044225  409.73134573
  417.07058308]",-2217.5436403146696
28,"[ 419.22088996 -317.05661694  425.12922168  415.07548092 -306.04481704
 -293.34507291]",-2112.9611167458065
29,"[-306.60240703 -311.84398552  422.37099489 -317.1038051   218.17779853
 -291.71688769]",-1742.3233625870805
30,"[-295.14135808 -310.3884957  -314.45597769  199.24371925  425.70592999
 -126.34695589]",-1606.914187008313
31,"[ 425.96648332  420.0860159   417.28564547 -315.04083194  420.09177397
 -297.07929607]",-2248.4723650184064
32,"[ 412.17680888  425.18321609  415.33585433  414.66663884 -304.27697539
  419.53348621]",-2373.906543522048
33,"[ 415.07047737  415.07849287 -297.41417243 -307.15833228  438.25254362
  409.26782197]",-2207.8076597838185
34,"[ 408.36556583  184.29801065 -300.63700159  205.65825899  428.56333102
 -313.64803297]",-1753.32165947898
35,"[-300.37300734  418.95627491  204.49715275  415.14947333 -297.94492227
 -313.27435959]",-1918.785339705832
36,"[ 429.3236995  -316.15343642 -308.29083782  418.91015265  201.75878415
 -294.27353077]",-1895.4193008186148
37,"[ 418.22889884  431.79552134 -291.18136479 -296.00880963  419.8730954
  420.69658204]",-2239.755197364019
38,"[ 429.72908207 -301.7109662  -298.71370156  430.80549666  414.50938385
 -124.43199582]",-1951.8589283943575
39,"[ 201.86354241  424.04655301  405.85646002  426.03356771 -316.81186631
  424.14081341]",-2118.1311477256427
40,"[ 427.63215582 -301.52636663 -307.9973117   404.36687076  434.6883329
  199.46912038]",-1990.2340426355831
41,"[ 193.21905656 -296.97617291  411.47163538  431.24478401  426.19508809
 -294.49603721]",-2005.8479545157015
42,"[ 395.61556385  404.07657275  404.02011527  429.61237794 -304.42157466
 -325.88648772]",-2051.308112839734
43,"[-316.15116085  416.65103371  422.07976677 -297.77203948  431.84314284
  421.22811205]",-2233.383719021411
44,"[-309.06081857  435.66862723 -324.30212705 -288.35735645 -294.82777678
  415.98910204]",-1913.3716873738076
45,"[ 405.28958236 -296.9650801   440.98553119 -314.95666566  446.84122174
  396.05113294]",-2015.5562050646174
46,"[ 411.37277813 -290.32224299  423.66604477  439.69879299 -297.42334499
  405.74358799]",-2170.2066608581454
47,"[ 414.58720093 -303.36401764 -297.78728249  422.31027503  433.60184929
 -293.63568961]",-2120.3390976378378
48,"[ 413.85686962 -295.75584352 -308.8429774   205.90387792  424.87465027
 -303.60924388]",-1921.6401485627875
49,"[ 419.94041393 -278.10344453 -298.20234963 -310.41595144 -300.78465642
 -296.78851883]",-1835.420027915495
