,best_x,best_energy
0,"[ 210.70031214 -296.64576473  433.03635952 -323.02026706 -289.51585395
  395.60962714]",-1761.7154256323415
1,"[ 203.66129612  419.14663547  426.79469954  413.98512992  210.02079892
 -308.24306504]",-1941.2938700863542
2,"[ 206.55756185  416.92717748  419.03214976  420.83243854 -301.63888951
 -301.48215374]",-2056.1523127278188
3,"[-122.51562877 -306.06129907  418.17230643  422.1465954   424.86305014
  421.92485483]",-2093.8882440038674
4,"[-304.2269111   204.91261243 -301.10470826  423.41261253  196.57538503
  423.70821301]",-1833.6600786670338
5,"[-304.18102647  205.95917855  201.99212877  201.6823112  -301.65470809
  204.17383522]",-1406.4147355296768
6,"[-310.45929108 -299.63891596 -298.6463831   418.0504281   204.44200165
  422.10853462]",-1929.2324325713018
7,"[ 423.67818266 -296.04426008  427.9015954  -304.25268734  213.81206078
  432.41933516]",-2018.0112207536915
8,"[ 421.98556469  424.57726695 -301.67632617 -301.70363197 -302.02219605
 -303.40844406]",-2038.0617412831812
9,"[-299.90330786 -302.66698663  416.59405814  423.83732161  420.1654759
 -306.46491983]",-2152.2141186075323
10,"[211.29685961 194.7629017  213.97403132 205.17175129 189.07313988
 418.49798674]",-1369.9304617741477
11,"[ 202.8024561   420.52829943 -301.00176996 -300.74026287 -308.253817
  418.76219145]",-1935.8181604825725
12,"[ 417.26620705 -300.21614315  421.67193682 -305.34031559 -302.80629708
  426.37842646]",-2151.409960381118
13,"[ 217.69984172 -292.88070341  421.75255698  204.05816572 -312.61788285
 -301.1215142 ]",-1675.1037750962018
14,"[-301.61499383 -303.25429212 -299.13987614 -300.64190086  420.8346869
  414.5356081 ]",-2032.875304841772
15,"[-305.75193802  200.00583479 -302.84227468  418.84874677  207.56189279
  200.44720466]",-1618.6306066394902
16,"[-297.66070454  207.41659553 -306.84920608  202.538644    425.6056332
  422.85210417]",-1832.3611060409562
17,"[ 416.6757754  -123.40330682  201.42060331  209.07686083  200.23512405
  418.93567765]",-1557.381835135477
18,"[-285.8620766  -302.6703426   430.20676677 -306.33619351  425.15183637
 -317.92831572]",-1961.3669057629602
19,"[-113.5437466   411.72867451  413.75912902  434.52689814  200.78436753
  408.87460884]",-1925.106096064561
20,"[-307.42977687 -307.72923667 -301.77563853 -315.61247473  427.57654081
  210.18204163]",-1784.1838918488231
21,"[-302.73734373  205.48620342 -301.76034479  213.14674165  418.29186594
 -302.15334347]",-1711.868052427373
22,"[ 429.63614328 -304.18894966  424.44451407  420.914238    428.53994233
 -295.85313162]",-2252.835223937072
23,"[ 432.11855285 -297.6111657   431.6480892  -307.09429176 -301.24651886
  427.43515697]",-2117.380562596068
24,"[-126.60015933  203.94923127  419.13272709  423.22954936  202.33185121
 -301.38607808]",-1663.1514519541724
25,"[-305.61357151 -298.33233755  422.45410843 -300.71260502  203.85201326
 -300.81857669]",-1818.5140412594596
26,"[ 214.45153424  420.65475806  422.7458982   411.17262279 -304.64012721
 -307.76626199]",-2029.0475901405273
27,"[ 423.18692291 -308.39101139  415.24800544 -314.26420428  209.68471496
  422.20691028]",-2028.801707886818
28,"[-312.43065229  192.19836216  416.17885818  205.98802191  416.50470559
 -306.97679357]",-1805.031041542051
29,"[ 424.8926932  -293.55526259 -499.48325056  197.9799706  -303.08409268
  201.44278664]",-1581.681466565081
30,"[ 200.03782343 -305.47713392 -296.53288131 -301.69437288  414.10343946
  205.46147474]",-1710.5166831592617
31,"[ 420.20849972  201.25133664  418.90542233 -299.10783363  197.80036023
  204.02422193]",-1736.5451986964308
32,"[ 419.79353717  421.67294444  426.78950127 -304.20640789  425.41997211
 -298.70214556]",-2267.8009837200357
33,"[ 201.53676744  201.74661829 -302.86067959 -301.77832008 -305.90384118
  418.66410149]",-1720.898209562169
34,"[ 419.09560654 -308.82818766  419.18893705  200.27965299 -302.29081346
  199.59253035]",-1833.0129054050324
35,"[ 200.88678739  206.47966746 -295.75739652  207.73187325  202.29692381
 -298.34827202]",-1396.2528228755511
36,"[-304.52850351  422.96206812 -301.10914015 -122.99729307 -304.56372824
 -305.76948056]",-1740.4802421752688
37,"[-301.26374823 -299.66420042 -306.7102333   208.07218491 -304.22496971
  424.4726915 ]",-1815.3179492502386
38,"[ 204.79534312  204.33744378 -302.47535622  205.4757558   203.58318884
  416.82402101]",-1524.2210725611171
39,"[416.33227904 422.35209831 421.75454048 420.08446585 422.2909882
 414.92742708]",-2505.9674978778967
40,"[-134.20161518  430.94338486 -301.03486384  213.2088413   200.00429051
  194.2898936 ]",-1399.3959189831835
41,"[-302.19632152  419.80130121  201.28051061 -294.07920532  420.27967756
 -302.35920577]",-1931.430097210506
42,"[ 419.74305582 -302.34712255  415.65135208  423.24833368 -302.66648577
  417.31621379]",-2270.9331985625954
43,"[-303.11316758  200.53244596  423.24901354  419.64426415  421.9626877
 -310.48508099]",-2049.4442595554797
44,"[ 391.39579128  429.02538811  209.20813218  423.57866722 -299.35962705
 -313.05330045]",-1927.5867667437906
45,"[-304.20675807  424.61198225  424.71635157 -295.05367462 -305.18264437
  416.30543103]",-2144.129377432957
46,"[-305.24940017 -308.18370833  428.94291653 -309.94830888  203.04799206
 -289.10571858]",-1780.5749003636754
47,"[-302.21590716 -297.05052422 -302.76992817 -304.56630504  419.93419613
  413.26328265]",-2028.23733420383
48,"[ 211.50127032 -297.20140627  205.84216971  416.69524973 -303.57598765
 -291.49901647]",-1695.0656268225632
49,"[ 422.47177432  205.57908547 -317.73360439 -308.62965484  427.78598855
 -302.56882593]",-1901.1109245558414
