,best_x,best_energy,t_init,running_time
0,"[-330.43312315  442.22335683  394.99715575  427.76963671  393.99988204
 -135.15683323]",-1759.8900544230873,503.40532445572785,0.623013
1,"[169.81345165 425.32054401 395.97117197 455.60456577 431.4508291
 445.1559029 ]",-1862.1925778811574,492.8947298953414,0.614887
2,"[418.39803851 173.13632977 432.77223373 399.1218613  409.47099375
 444.58606699]",-2029.2632807412474,393.8662255283844,0.564098
3,"[-313.64276191  431.63561862  419.76850161  428.12635064  428.28936619
  427.20384674]",-2347.1941909664233,449.4153001658873,0.529002
4,"[423.30986035 404.49777444 394.50835882 417.17608257 410.49292897
 434.3930817 ]",-2357.138495783406,481.604969596818,0.57299
5,"[-140.6375352   411.05254461  433.5113216   415.69147858  412.19894526
 -298.47185011]",-2020.5604394203765,418.75117551414723,0.534002
6,"[ 387.43107506  421.00962059  423.76250357  438.52578487 -298.73819167
  437.40388635]",-2188.138994900382,495.52927647439077,0.525997
7,"[ 394.85866395  419.295849   -307.66374165 -284.28545199  413.15360448
  426.53700084]",-2138.7993367441895,510.65208925353386,0.536003
8,"[-309.18746514  408.64286598 -301.65180015 -291.69408962  441.7581176
 -295.11583905]",-1940.1357982760537,438.09861036568276,0.515
9,"[-309.1203384   427.35444585  414.39426667  390.12991487  420.85710717
 -306.3696523 ]",-2146.194998490043,435.6718668891628,0.542003
10,"[405.8855711  425.70932277 414.14086042 407.03987753 445.82586454
 412.79296048]",-2368.158397392911,369.9794844081682,0.565388
11,"[-140.06668766  416.50651012  412.86160506  426.088175    401.22709224
  442.90557303]",-2066.7776563390435,479.485461262479,0.544832
12,"[ 455.8202695   428.32295711 -310.9301931   403.59409228  434.64251924
  421.41146659]",-2172.580771388596,443.21915017097484,0.579552
13,"[-303.78946494  387.866833    207.90256384  435.11435655 -285.97018819
  432.09549404]",-1854.1597527152846,428.1168490876053,0.532
14,"[ 441.07385252 -278.50175502  442.12565166  217.57070133  413.19539807
  426.91363128]",-1967.1168507119355,460.34833495437124,0.539414
15,"[-499.97857381  440.7610629   385.95376902  418.8020134   410.79782037
 -291.30964113]",-1935.610895231986,423.52438115772674,0.554519
16,"[-322.9299683   444.8136412   436.28707049  431.24386071  439.15904115
  452.2295533 ]",-2070.225750207093,438.29359125355563,0.579893
17,"[-275.46681076  423.182586    456.0470125   411.91280979  389.35330502
  449.47429529]",-1931.942765731084,450.1544458286205,0.576979
18,"[ 420.0437058   430.99727265  404.23211336  398.95125901  433.12784309
 -309.47206714]",-2264.178821457341,461.0615290916153,0.581081
19,"[ 411.9514624  -272.64655676  391.17203486  414.69738892  432.19823553
  422.31559803]",-2154.27412142101,451.882486967565,0.595511
20,"[ 430.07609988  419.50786839  385.15495021  445.70785726  419.503099
 -322.20349655]",-2111.3079501498655,427.5326576162276,0.560102
21,"[428.36226967 433.31001139 418.8456897  223.01951941 416.83428467
 435.64120596]",-2195.0155129443783,441.87260842219774,0.599991
22,"[ 367.25946049  410.94857647  410.81418026 -295.53046379  413.50400347
 -302.28043503]",-1933.0323141311019,423.6527041071115,0.521991
23,"[ 437.91133983  412.6305734   405.79244374  405.43912223 -309.02071203
 -341.15691248]",-1994.3033205454688,473.5233418713118,0.540015
24,"[ 432.54301816  428.34704248  391.33295422  437.8962164   406.9463165
 -276.87093919]",-2128.3780623124867,480.55726559533304,0.537034
25,"[ 422.3323117  -292.42441605  394.88926119  423.61033488  395.43295637
 -314.67091878]",-2083.7323954445483,430.77548354356463,0.526076
26,"[ 431.11608379 -302.3686676   416.76292528  424.05527486  440.67328569
 -304.98486894]",-2211.4199409233106,433.4458415766975,0.556986
27,"[ 432.26398233  377.26895011  415.99666995 -300.82251759  419.29258894
  421.64013474]",-2161.3322552193654,481.5479376662665,0.578343
28,"[ 420.26051099  407.72158566 -289.05018501  443.77341756  425.8869432
  194.75394026]",-2056.01708684877,492.6379671453792,0.576001
29,"[401.7101406  411.30200088 193.17882213 445.56301426 420.05847368
 409.09417125]",-2132.8937918079046,441.124819449062,0.563001
30,"[ 425.53727261  439.2881291   413.09701274 -328.57730908  443.04177787
 -309.4661059 ]",-2074.862247933567,498.88548650967317,0.559996
31,"[ 380.38812788 -314.58964122  429.3757377   447.34960452  430.27091259
  419.43028615]",-2083.6815209011834,368.78750596407656,0.546997
32,"[-306.89076847  418.09421154  438.99338863 -341.02332509  406.62836797
  389.59360314]",-1917.6296433444604,518.2129457988639,0.571026
33,"[ 437.7904613   483.22053756 -303.8575462   430.89696422  415.68238478
  429.49033906]",-1920.0032503322038,364.5855256630707,0.55298
34,"[ 395.27627608  440.5628568   404.50359751  438.24907732 -328.87957227
 -295.05959784]",-1986.4791093983274,455.7410901627935,0.575008
35,"[395.91401188 417.7795805  442.50044706 434.10159428 446.12547117
 421.05744173]",-2279.185219917108,440.01086314242707,0.557991
36,"[-334.99274892  406.40982674  392.6963684   424.33638455  397.75690099
  434.94541444]",-2055.5430807366583,478.01738488574637,0.55803
37,"[ 419.12818992  406.79095851 -302.18293974  439.68908921  389.71602776
 -308.84226689]",-2087.044289703308,434.2315486466623,0.46697
38,"[ 391.61097749 -290.91710055  406.92488249  417.81792617  421.75332941
 -296.88415361]",-2127.5569650607254,373.3180416437106,0.576013
39,"[404.24615586 421.19973016 412.75739821 421.04422869 184.45133611
 407.87774537]",-2187.2437663380915,469.76411802356876,0.58999
40,"[-319.5389855   397.56872495 -296.30399524  453.60764717  382.81593788
  422.10408542]",-1872.3163819110428,476.18647470529487,0.558016
41,"[ 421.47879096  401.26900698  390.92845065 -284.22595255  443.10833855
  405.0707322 ]",-2107.216038291929,479.4391032820221,0.559003
42,"[ 401.23833385  418.30799275  402.8992845   429.96685076  224.82940851
 -316.18874784]",-2001.0169540016573,398.5875430205735,0.565088
43,"[ 397.10368247 -272.27293898  405.62080062  419.59146752  204.46152996
  399.61277927]",-1917.318383516372,407.41032513327957,0.56398
44,"[ 192.85027112  395.01120395  398.85524138  425.02840557  406.23243786
 -284.16307153]",-1952.0785103549929,493.6060372217352,0.558303
45,"[ 424.46326955 -284.6128401   437.29780349 -304.23216582 -284.21466252
 -301.15809368]",-1924.2164046797445,438.2922915341082,0.556655
46,"[ 376.64027413  419.38465198  409.3236168  -331.67783127  424.16874767
  411.04042817]",-2041.8155383480012,444.1027692864678,0.587002
47,"[ 180.42489443 -296.76844392 -313.41303252  397.9322372   415.20611553
  405.73687046]",-1878.7924257715906,445.7510629155077,0.544028
48,"[ 437.70838324  395.8533218  -302.57858961  446.70809805  398.48063707
  418.83993694]",-2140.144919879367,525.3167998991626,0.564264
49,"[418.33358138 406.29805613 414.97275637 452.0443093  446.55588545
 443.52441954]",-2220.284144466617,450.0609945873317,0.571753
