,best_x,best_energy,t_init,running_time
0,"[ 399.00269957  429.45553911 -302.39619223  437.32235735  409.90347444
  434.07107139]",-2257.0952641815593,547.1821971514331,0.62514
1,"[ 409.45221696  420.40762495 -285.99875074  432.74577929  412.57493696
 -316.68678739]",-2175.2866970212694,468.48130386590066,0.588283
2,"[ 411.07172444 -307.86121254  460.9892653   212.69506416  413.45351448
  441.84483915]",-1901.3533541607237,428.87704276681836,0.648367
3,"[ 392.50560301  440.42859428  414.68570506  392.79785081  184.83114634
 -319.43503898]",-1854.7801678632734,445.17503419136335,0.558019
4,"[ 410.41199914  403.26337877 -281.90708138 -312.45254047  429.00503053
  410.24396115]",-2137.821276681878,470.0132845929368,0.572997
5,"[ 427.78727751 -314.26797373 -305.02575299  426.17849093 -296.23366939
  394.78077202]",-2043.424023915726,390.3733344454933,0.540984
6,"[-295.16250306  431.49366422  392.74493752  427.0002956   420.58863259
  414.67598427]",-2269.699405516685,466.49894597734686,0.553
7,"[ 432.73192004 -273.65295284  415.08703499  396.16116061  405.25782245
  394.38940826]",-2085.7648298764702,412.2996571534608,0.538999
8,"[453.92050192 410.03712915 409.59168809 406.21684232 445.22164991
 434.04344881]",-2230.010260362621,405.57123073387027,0.542
9,"[ 416.72883968  443.80664402  405.61795324  411.23888291 -285.43940353
  408.79569564]",-2233.1015844304247,468.83722453585443,0.559
10,"[-295.89312546 -318.77801729  451.13912366 -321.9706402   420.60687152
  421.50829534]",-1961.6253309037934,426.8427796384322,0.526
11,"[-305.91641281  443.70958419  415.99320557  437.85122295  206.74514958
  433.20970584]",-2053.9411331632427,484.7916516095661,0.560022
12,"[ 413.67009835 -299.04993918 -323.44499403  427.03151355 -311.76469963
  225.11615563]",-1807.2990846427545,454.48993139758977,0.581977
13,"[ 429.67325145  388.72646753 -294.81046045  431.01208791  467.31896848
 -293.3643395 ]",-1865.6080954925178,393.36117880463115,0.527001
14,"[427.04021531 413.10019187 421.76995123 441.43860327 403.75752613
 395.95119233]",-2336.9004877751177,460.1477953907352,0.524902
15,"[ 428.3661514   442.51731445 -282.85283371 -305.34640543  406.02770327
  408.47882919]",-2117.085036697256,486.11019395402906,0.557982
16,"[-114.98075744  448.69812739  424.95081235  419.92826655  410.18600582
  423.37568483]",-2093.8392087498764,431.5396690296003,0.515217
17,"[-117.95682984  426.19983789  402.95485196  396.86217961  203.59087632
  418.4052661 ]",-1879.8750109249759,444.11978011307264,0.52097
18,"[ 420.94345407 -258.5472596  -310.30946785  402.40637336  409.82507917
 -282.0428332 ]",-1835.3101274782048,484.4389790427069,0.575067
19,"[ 231.0275433   417.83871355  439.50996372 -285.23043542  423.56257277
  445.52762973]",-1932.5936199519056,419.556164177372,0.512999
20,"[ 458.06474589  402.3348237   424.40651014 -276.64194947 -310.01626185
  438.27154163]",-1943.911247324968,387.5988037555097,0.525561
21,"[ 413.61191362  432.83262945  389.53492208 -287.73329584  406.61959237
 -309.17322386]",-2077.278686024624,440.2696902115275,0.529013
22,"[416.94170509   6.07490261 424.18830937 417.72127256 409.62638372
 422.65467267]",-2077.6246515713046,511.3950612066904,0.525977
23,"[ 446.43638971  403.17310709  423.63432947  443.0392715  -293.82181087
 -278.73878831]",-2019.1313803126163,452.728805511027,0.519001
24,"[ 417.1957813   405.33881957 -271.46341125  428.43455641 -125.14445859
  412.14922845]",-1938.5857128711746,476.55662157975996,0.514879
25,"[-310.14116846 -333.6569275   404.92958877  411.00901527 -295.23202801
  407.20923276]",-1959.9919557935727,449.55950971080546,0.507019
26,"[ 422.0444413  -309.31013302  442.1341969   449.46938613  431.63717007
  392.75661352]",-2124.516376876053,431.16202668931334,0.518008
27,"[ 425.98910511  439.99927853 -304.79031432  386.49229932  425.44513362
  424.09371309]",-2203.556950738384,495.7799164307093,0.531974
28,"[ 444.02990821  435.88640561 -308.6914578   426.01378598 -276.18421804
  423.98069005]",-2091.610017126148,456.4658077877252,0.510002
29,"[-306.73826741 -296.67355419  408.63566363 -277.28524666 -309.49235936
  396.31035508]",-1858.8460622588955,450.4878296557203,0.523011
30,"[ 443.56166099  413.3184113   444.69369575  461.92597331  438.31819056
 -499.67573598]",-1895.8774858739248,475.96926035297895,0.524872
31,"[ 427.51372503  434.86268603  404.44316533 -291.14833393  424.76002596
  423.12080859]",-2313.488212659209,442.55392264718625,0.538072
32,"[-279.04661025 -290.30045994  443.63726898  404.90778533  429.90960093
  445.5145634 ]",-2011.9217318516426,513.673844695127,0.52374
33,"[406.68790382 431.45121196 405.18834665 442.5262901  443.96899622
 406.6933722 ]",-2295.1895398469883,414.9833594580348,0.527999
34,"[ 399.08890862  411.59351454  413.98686513  414.28378473 -262.55943261
  377.978912  ]",-1930.6064297552264,453.2321405078589,0.513045
35,"[188.11578234 422.80506514 198.73294943 428.31996656 431.93309139
 393.2370777 ]",-1931.5009044905962,491.55156729647064,0.533971
36,"[ 414.04108876  430.19879424  423.125888    416.87156661 -300.80588313
  418.59325739]",-2374.905832158952,473.8415701290219,0.523087
37,"[ 443.11790377  414.91348785 -290.47103769  445.037227   -124.0709566
  428.20651648]",-1937.3370276484502,443.6564994976146,2.102157
38,"[ 431.63743959  454.08000641 -313.0601152   411.65434652  418.06602878
  210.90899515]",-1998.8593950532506,412.6683920481428,0.516023
39,"[432.53917552 423.55736104 410.12880682 428.84456133 223.72447923
 427.93028148]",-2201.1804095408597,423.21917973178836,0.546993
40,"[-297.50857669  419.77139945  435.81184536  413.39028513  403.61272241
 -283.95610099]",-2159.454188688913,428.49265460714264,0.545106
41,"[ 422.38098431 -298.80121378  413.65984678 -328.24705886  427.60864756
 -303.07779832]",-2063.106128119054,379.6383902864182,0.436547
42,"[-291.50188975 -280.77950023  417.37919225  428.70596524 -335.02605504
  421.54784492]",-1950.3788514666835,460.842818286946,0.508
43,"[ 423.20473002 -288.82425525  426.50703873  434.58221219  231.70580044
  421.45181293]",-2033.6106042495055,449.854881595652,0.522995
44,"[ 416.62420186  409.01172777  385.79817716 -114.12061973  401.66070819
  410.60848651]",-1979.7325903502235,484.75845530260517,0.562005
45,"[-332.75066129 -323.46193089  426.39647163 -280.09705899  431.33906988
  403.23509388]",-1876.9390058214553,405.2639393716288,0.544007
46,"[ 423.29879438  407.1773313   432.45212523  437.13569895  424.46546985
 -268.81642064]",-2190.306346389776,466.44260614565525,0.521993
47,"[ 435.08433824  424.78687437 -295.16770283 -300.10979284 -329.62885728
  460.71301489]",-1847.1299944331897,449.63376891177404,0.526
48,"[ 439.53189523 -269.99429837  406.84671285  448.52041967  454.28311918
  393.08496672]",-1885.0521143627923,502.84138023616174,0.515002
49,"[-296.93415366  413.55324193  406.95094521  438.93337615 -292.94578697
  424.95663432]",-2187.919266456448,525.6880098155309,0.524999
