,best_x,best_energy
0,"[ 204.07843557 -128.50355465  197.34356296 -499.9274796  -301.41716359
  198.82978506]",-1198.417374234367
1,"[ 428.38683447 -499.71287152  420.90193775 -306.4234749   199.48317696
 -312.2541584 ]",-1795.1677822660013
2,"[-137.30037709  199.26450524  197.78987592  420.33202212 -294.95533286
 -499.84477086]",-1390.7164725105574
3,"[-308.99585641  206.19489296  419.46322815  202.86600771  418.53604567
  428.67802906]",-1946.5053834411117
4,"[-308.00490845 -319.06767494 -301.10928935 -306.83201633 -497.5276156
  196.56674425]",-1510.4383988507775
5,"[-301.68698372  208.23332829  201.55372754 -303.19508827 -302.9082768
  204.69236744]",-1503.7589308756342
6,"[-304.49039108 -301.87565511  202.26203023  209.98738238  204.78414363
 -301.4698129 ]",-1501.1929018529663
7,"[ 421.03437856 -300.68924692  421.66378728 -301.70882471  420.30858388
  419.68050113]",-2276.1843172258186
8,"[ 419.17533732  423.39772889 -301.25137826  199.37824371  201.5664525
  203.78816994]",-1739.5478833807053
9,"[-290.95217833 -302.45868704  427.48398288  431.00567007  423.0461187
 -302.44170265]",-2123.2841265368493
10,"[-135.30114211 -130.08207644 -132.53695142 -499.76623215  205.23587286
  417.92981647]",-1140.8258190299011
11,"[-303.01084124  207.05237456 -121.73468391 -305.20162879 -301.17594873
  423.24871485]",-1640.944833751531
12,"[ 417.66514365  209.34578693  422.2523262  -300.67185994 -297.96311838
  420.79051555]",-2051.331376017104
13,"[-305.43355868 -305.88002785  419.99800417 -304.5596943   206.33532124
 -302.97586247]",-1819.0245272995617
14,"[ 203.01798794  206.39739688 -498.75603151 -305.2730236   203.4792514
  418.58421961]",-1489.5635285047397
15,"[-127.43487388 -299.32525482 -125.4930924   418.91770093  199.84194755
  205.48468127]",-1363.851185059332
16,"[ 204.15260505  198.18988298 -298.54320001  417.97877921  421.34483995
 -123.13967117]",-1657.5453957105328
17,"[ 420.52556396 -306.27696575  203.89729786  206.77666816 -123.37958856
  422.20502218]",-1661.6793422698292
18,"[ 207.79655926 -301.74697901  208.57274945 -296.86648328  419.88832191
  199.77978026]",-1614.3668852568958
19,"[201.89194422 414.18174087 423.23514711 205.82404651 203.94523752
 421.45728918]",-1855.02833835329
20,"[-297.60360415  203.42867453 -304.61286798 -305.22349922  420.84994131
  203.6876969 ]",-1719.7505408454506
21,"[-303.41456742  423.41862386 -302.65441876 -303.32367304  415.48249506
 -297.51411298]",-2032.2529591352486
22,"[423.22721127 199.84173767 415.60840464 193.11116445 191.10015316
 -39.00924624]",-1404.3534951906508
23,"[ 421.95799691 -125.54786217  203.40331794  202.50598045  197.80389752
  420.84760478]",-1561.3756854891412
24,"[-123.38034655  202.38324983  419.05935564  422.78063515  200.46121567
 -303.29239198]",-1662.1660986870015
25,"[-301.98624223  202.46513656  209.86592345  423.06568442  417.82167392
 -303.25021938]",-1835.9326020219135
26,"[ 202.5805703   416.70405265  419.08789705  201.18794362 -499.89107675
 -300.28238822]",-1717.1693291434499
27,"[-299.60465646 -293.21764779  427.41372473 -307.82552093 -311.85239272
  413.82292896]",-2001.997434148905
28,"[-301.45390246 -301.41808134 -303.16646455 -299.76573375  418.8070453
  199.23876458]",-1818.4481419440758
29,"[ 424.442854   -304.44647107 -304.12109674  206.18609209 -299.21766891
 -121.34499547]",-1639.3658098747214
30,"[ 198.83067795 -499.4115876   210.31391912 -300.68535571  424.58505557
  190.07970259]",-1465.3760618434726
31,"[ 420.91813268  201.45913107  419.17510758 -300.19473461  201.39474089
  205.15925544]",-1741.2674834249233
32,"[ 417.44758662 -304.35906823  207.26906185  204.45901179  420.84012861
 -298.19223029]",-1836.8064938176926
33,"[ 208.21918148  216.19400882 -298.93211728 -315.43354345 -303.6025108
  419.00362294]",-1679.15274416608
34,"[ 423.1826892  -298.89566134  206.81586285  206.50388872 -302.77172637
 -301.76466404]",-1719.8670536618208
35,"[ 212.08019525 -124.14005332  205.30889573 -126.94696817  202.79190517
 -300.30556596]",-1141.444614918757
36,"[ 207.82962381  429.95100323 -307.74363629  204.26993227 -127.68225287
 -499.97803913]",-1409.6797317471446
37,"[-303.521933    204.55361053 -298.02556039  202.65644186 -297.68716728
  421.5136016 ]",-1718.3936491863608
38,"[ 207.51087261  199.99002276 -307.03524526  196.10829676 -120.44460713
  209.13273052]",-1211.0744673701151
39,"[ 425.01889664 -303.74882855  421.74484792 -301.00024182  419.29590786
  418.28941415]",-2273.131877775037
40,"[-297.09601409  422.66381683 -302.70908447  203.55972192 -128.30335875
  200.81746262]",-1539.8448152460626
41,"[-309.00710999  425.29483707  210.89565865 -303.69811663  208.03743497
  417.96885576]",-1825.0781051792571
42,"[ 430.32031776  180.54350617  409.75466896  422.89533357 -499.76727724
  428.25816936]",-1958.1356500195436
43,"[ 205.26539654 -301.92918991  202.11663017  196.98649465  412.70675927
 -128.55346335]",-1431.024349706772
44,"[ 416.03115634  428.55760418  204.89806185  426.60145054 -308.32226189
 -303.93542827]",-2040.8798697217155
45,"[ 202.8651334  -307.70224232  417.8096054   201.60131913 -298.6910182
  421.67980166]",-1835.429553951475
46,"[ 422.5028111  -306.77536847  422.83647659 -303.83331698 -305.15999244
  204.03402731]",-1937.3116657542519
47,"[-304.60222025 -301.84035086 -303.50715778 -302.14596858  422.4967962
  209.2811335 ]",-1818.150120770471
48,"[-302.44973651 -304.49132074  202.01022193  210.53528642  -24.50199943
 -309.40392673]",-1316.4751015250854
49,"[ 423.84583038  424.05621598  204.30834018 -299.59888888  421.5333612
  425.56085422]",-2172.254308696024
