,best_x,best_energy
0,"[-301.66851681  434.4821044   428.22026733  402.96139954 -301.11198353
  416.49615934]",-2204.6043920221027
1,"[ 437.57914629  198.64446204  412.79493032 -295.70246287  404.13296735
  412.2115122 ]",-2081.5164726788703
2,"[-307.52235439  425.74813191  407.8032484   429.31993622  436.24773903
  179.12485026]",-2041.4161253661866
3,"[-298.38427489  220.01303859  431.66538865  419.14513411  426.44188794
  197.16352092]",-1901.8624950012413
4,"[-305.03897582 -294.97561204 -321.42495287  405.81058872  410.03186478
  410.56830389]",-2049.094923233177
5,"[-298.96988488 -296.21294814 -309.93185146  420.06017839  427.26662559
 -317.14343962]",-1994.6006653416237
6,"[ 426.9640393   424.39624489  422.49499708 -304.21044165  429.81333487
  422.87809327]",-2378.457462585341
7,"[419.45482242 401.80651932 412.31560966 432.44215799 408.6132586
 428.71354106]",-2415.9265243073205
8,"[ 427.1721581   425.19608416  405.91514557  419.9928141   199.95409551
 -306.81443928]",-2138.7597240314744
9,"[-302.82834655  409.06272649  420.58381754  425.58842292  431.60659291
  423.16253892]",-2360.191890306807
10,"[-315.1453398  -294.38391839  424.05605851  420.1601797  -303.25645166
  443.95514959]",-2063.299558410259
11,"[ 408.26336213  428.04229982  421.50622847 -302.62919239  409.22156786
  416.76049974]",-2349.560336642688
12,"[430.7081393  195.88011185 432.31998794 424.65229269 454.00056403
 440.78664793]",-2077.817572641362
13,"[ 418.0889822   409.75389965 -287.45336067  425.78609762 -301.6213955
 -303.27867491]",-2110.654653925674
14,"[-298.85268976 -313.89375385 -302.95373456  420.98973757 -307.5434991
  417.49415189]",-2017.3846961269676
15,"[ 212.99764678 -292.19094515  429.91685348  410.80840042  194.08969582
 -310.05456809]",-1776.6388315529512
16,"[ 414.58173786  406.49383001  413.43697855  428.46679559  415.71782604
 -290.07032737]",-2327.3446012943705
17,"[ 412.16558771 -323.54505271 -311.45610803 -309.92700276  418.78767912
 -304.21884045]",-1957.555447424387
18,"[ 424.05326285 -293.43579799  428.91004119  416.27119373  414.71173701
 -292.83652421]",-2238.0689719829675
19,"[ 412.93311179 -291.731026    421.32718072 -314.32204507  435.98186197
 -295.0486439 ]",-2083.0464420834373
20,"[ 426.84660059  425.37658765 -297.48649836 -122.9198171   434.21525113
  428.77810463]",-2059.111660152401
21,"[ 420.9816904  -303.92283178 -294.33475522  410.58810985  392.73623867
  430.02338587]",-2149.0859053584513
22,"[417.20808041 407.72330298 430.23351928 421.99399763 408.71132377
 425.5083967 ]",-2458.00407917987
23,"[ 424.09335085  415.17003461  408.17292906 -309.6114178   432.07534757
  420.8896498 ]",-2347.7134300530265
24,"[ 419.99055492 -298.28515273  417.12194819  425.03847203 -299.93318417
  425.1415422 ]",-2267.629002197747
25,"[-299.63878539  416.6156947   439.70003582 -304.24562571  404.36333805
 -301.60153521]",-2076.7508427013777
26,"[ 409.96430859  416.75509204  439.60702962  419.66148303  424.54499847
 -298.25587863]",-2330.5763206037973
27,"[ 428.42815202  402.52627514 -294.54377014  421.17323259  406.44841877
 -288.40694165]",-2169.24841288504
28,"[-312.8711766  -302.25483731 -295.45796918 -293.16422081  424.97964316
  414.24247416]",-2001.6403305721415
29,"[ 417.82291749  423.62880062  433.7095173   409.65422369 -295.56305814
 -306.50502249]",-2230.380921335978
30,"[ 424.33587438 -310.91271362  416.79210261  422.64545544 -295.4631998
  415.852175  ]",-2254.570330325375
31,"[414.11383306  61.76615496 410.86695518 431.9272449  427.11772367
 443.50879238]",-2055.06032218187
32,"[ 404.50668782  393.46467565  410.50537033  412.15590973  414.01360158
 -319.68875255]",-2204.755376668874
33,"[-315.9947944   404.47105082  417.65855111 -307.54830115  420.40058927
  434.0493607 ]",-2194.37922605351
34,"[442.8396333  407.01387413 417.14858558 419.58230941 428.08430825
 415.61854563]",-2418.185727587195
35,"[ 416.02358378  411.13101236  423.5736957  -297.550994   -305.64961671
  203.62434406]",-2039.4799729207239
36,"[ 406.7746164   209.82916349  414.03670574  423.46601687 -293.76973533
  418.54766232]",-2131.5105835457753
37,"[ 412.32133017  407.86041414  420.6635928   405.03880414 -303.32527413
  406.65262686]",-2307.746592116245
38,"[ 425.24440192 -302.52004073 -307.59897398  423.68748359  420.65612033
  414.59671434]",-2265.4027273816587
39,"[ 402.44204521  418.03726751 -299.09487664 -321.46808532  420.61567315
  415.66150938]",-2183.8623020669147
40,"[ 425.40593475  416.30522144  419.01299195  430.22648335  409.15920143
 -305.42487609]",-2360.48693857603
41,"[-314.08854503  436.68774318  427.35069737 -306.37579681 -294.95360958
 -294.13735168]",-1969.2304853492417
42,"[-305.13131211  425.82174057  408.9262667   422.56657951 -288.87435177
  423.88429523]",-2230.592261639286
43,"[-320.22529039 -292.64800318  436.51180132  406.26516778  197.74963224
 -309.78257906]",-1821.597258344841
44,"[ 424.78558163  425.19435666 -299.64579379  187.7126615  -304.85334583
  426.60693279]",-2018.3198675459594
45,"[-290.46932725  425.21455716  413.07863173  424.88138245  418.25253201
  425.93734546]",-2361.296241450655
46,"[ 426.73171104 -313.03038961 -301.26967442  428.0258349  -289.19648412
 -291.5546446 ]",-1978.438803462351
47,"[412.52864925 414.3555266  407.87318115 418.18681504 433.29526139
 402.69421058]",-2416.9065147396022
48,"[-299.12236841 -297.19581373 -292.17809195 -303.150226    426.89572537
  414.92057462]",-2012.6398980149288
49,"[ 434.30718483  421.99739712  421.84407221  411.50574515 -274.96336495
  416.18923807]",-2269.116645692923
