,best_x,best_energy,t_init,running_time
0,"[-317.18887735 -310.60198945  418.39460852  421.21853067  418.38702503
 -306.07358608]",-2120.0050072879876,440.5896414261934,0.551002
1,"[ 431.01031524 -308.20589783 -292.26339747 -308.77561577  409.93625098
  419.13340303]",-2108.0449746891018,414.6240710148543,0.546002
2,"[-310.76841852  409.54291665 -296.26163293  416.53847926 -292.98192621
  423.45295385]",-2114.0992755921566,415.6705444793698,0.633278
3,"[-306.68801366  413.11223611  435.19610124 -295.73152654 -291.08227929
  426.05537518]",-2097.8202472475696,503.8168480951633,0.484007
4,"[ 448.71846426 -303.95746401  429.61625574 -299.97897078  404.0066423
 -318.90706671]",-1984.3295178405033,438.31910918267636,0.503971
5,"[-325.97620309 -308.66991276  427.69132553  421.65405991  436.26666517
  410.63379313]",-2155.8592189859905,427.1299658387381,0.475013
6,"[ 419.83162589  423.74257815  419.04245661 -316.04835646  413.89723997
 -310.23155448]",-2238.5872181822556,482.4411172148059,1.956994
7,"[415.53118172 421.96212903 421.26649152 426.03471694 417.42365228
 435.66501816]",-2478.106223734397,486.6287308168082,0.477016
8,"[ 429.97799665 -313.47947533  422.46947945  412.78439087  202.56297267
  412.74978164]",-2135.5761792270473,333.68551387274994,0.479982
9,"[-322.85366891  429.47985405 -277.50695202  419.97689356  395.64443598
  428.31868772]",-2057.27717485703,522.7461548974632,0.497538
10,"[-134.56329555  415.70272722  399.40880167 -296.56878885  416.26691198
  406.97664564]",-1995.3305264822106,418.14818596170073,0.476016
11,"[ 417.80194091 -308.05262216 -300.67851043  412.47151345  415.87126312
  410.15394447]",-2244.5275918816246,464.89995817961875,0.466525
12,"[ 436.46065157  430.53855233  419.50260664  411.54744026 -316.64199367
 -299.50432001]",-2197.7590465600756,433.1253509853251,0.475001
13,"[-316.62223162 -300.08187443 -303.39313055 -297.92687539  426.30172531
  416.68667596]",-2005.7185167126572,342.17143946728055,0.468069
14,"[ 441.47472775  412.20460676  416.70518588 -303.6642381   424.90565652
  204.78468751]",-2111.7912052420033,479.3113056540245,0.47899
15,"[ 413.11993779  433.13175492  430.08226409  414.94920463 -309.35249827
  409.14756381]",-2330.7551077931666,444.60058021578067,0.480021
16,"[ 424.04427686  425.47765904  424.17914615  200.71904158 -310.9339689
  412.63258022]",-2154.378795436571,447.92310574379155,0.503103
17,"[-268.18081205  427.3893031   439.28089091  418.75293691 -302.86900369
  422.96578119]",-2094.39689673602,398.50537486202734,0.524872
18,"[192.46162679 430.72074517 417.87940331 415.71969579 434.62594247
 420.81003258]",-2240.6029782239634,369.15172956094534,0.499086
19,"[-305.16104902 -289.39170884  403.47091318  420.59133119  412.28961952
  430.64298946]",-2195.683260183384,446.78468640147577,0.494545
20,"[403.37887317 407.29448074 418.98028906 425.80969876 413.44279173
 410.7446523 ]",-2428.8490449558703,360.13543792249055,0.461014
21,"[-301.91610488  416.37249213  427.61381564  417.98935253  417.3368318
  433.30924172]",-2365.2391445643866,305.5785785871411,0.499852
22,"[ 406.18685786  423.73995393  413.89931522 -298.75051111 -306.12662618
  413.52097129]",-2232.263896546351,500.6036802891755,0.470286
23,"[ 418.47964907  421.21288928  413.51625401 -300.16052869 -300.27419478
  434.46281184]",-2245.028713917576,410.5440136393224,0.491009
24,"[-291.87060323 -307.65149413  432.8730246   424.98151258 -298.58226443
  420.815781  ]",-2119.235538658113,566.8362776560089,0.492969
25,"[ 429.71517728  384.97517366  416.24842369  430.41819479 -316.669726
  416.99828994]",-2193.9390704543457,432.5255905983394,0.485003
26,"[-306.37078412  421.34920561  419.52704534 -288.26006899  422.63852229
 -299.79129083]",-2129.9255116165114,352.0175438202853,0.474022
27,"[ 433.19689262  411.67626638  432.13961551 -304.66037017  199.46345444
 -302.65324248]",-2011.560072937275,505.88752773022696,0.470016
28,"[415.9725468  424.10949258 420.77933721 426.93027817 410.15620424
 210.10154488]",-2268.2359499531603,484.6277363975169,0.486984
29,"[219.12640431 415.64488753 433.17544672 429.91285098 419.93540747
 422.45058809]",-2234.431906320456,359.95813134519847,0.474009
30,"[ 408.46030714  432.72217357 -302.91015757  422.6459053   422.5155395
 -295.40341748]",-2233.0869576959085,509.0930116641031,0.489047
31,"[ 439.46428953  410.38777318 -307.04843042  423.07964464  226.27052316
  444.17748971]",-1989.5561033596123,442.13139537767177,0.494993
32,"[422.21249099 409.74812871 423.85133626 408.77349325 420.48625509
 201.97758243]",-2260.7997178690944,494.9563883427547,0.479997
33,"[444.92576629 410.04881631 411.19094889 401.18845557 433.3796452
 425.55212967]",-2345.94417219291,318.23537651948686,0.483002
34,"[ 412.46443472  205.59659388  422.23328803  421.61555008 -298.29069724
 -309.9339347 ]",-2040.9430791310333,369.45496238004114,0.468016
35,"[ 409.11610096  425.52677311  425.81083895  414.50008977  421.39560203
 -300.36761844]",-2366.487429678115,313.9723501890474,0.476981
36,"[ 415.74073527  430.14319007  403.53944613 -297.50748929  210.51973313
  402.28211669]",-2074.9043630670185,486.8123469272301,0.479998
37,"[-309.01850752  414.91598786  392.23546836  419.1022471   432.10532342
  442.56923561]",-2212.73414812789,637.5371358648969,0.506978
38,"[ 418.15543766  407.70673959 -297.2581071   412.74585466  437.90575357
  431.16169578]",-2311.5947737386305,326.4908703849088,0.504942
39,"[ 408.77924911 -309.03600969  386.18369826  406.38666346  384.7020106
  411.29226557]",-2039.278812953216,447.6398291970218,0.482177
40,"[ 406.19586521 -301.88464072  430.64108288 -297.54457102  424.15863543
  415.00772512]",-2229.218832626011,442.92785114571836,0.492404
41,"[-297.1671128   426.67111549  441.71747859  426.04167798  450.76658132
  420.59333755]",-2222.3881065787455,487.63972948185733,0.471004
42,"[-300.19529136  439.55898722  410.63168288  424.44546334  427.47156801
  402.37571762]",-2288.8274534425,511.78670538578365,0.480976
43,"[-303.64994688  416.81239721  414.75037395  426.05385459  438.68069653
  413.75339943]",-2339.227323714508,469.3627192384372,0.484999
44,"[ 418.30300278 -303.65527358 -290.55181874  414.04428409  413.79633962
  430.57442417]",-2233.9990331784998,507.54153219378156,0.496135
45,"[ 425.58724582  425.90634181  422.2031484  -296.54457344  411.75047809
  432.14004476]",-2358.6354160651454,383.88493341237853,0.483865
46,"[ 425.28059738 -304.24362289 -288.93502427 -302.843849   -302.17541855
 -305.59405295]",-1894.845553842515,362.553361588484,0.496034
47,"[434.87807391 410.52783951 429.02751868 201.9921875  418.69438384
 414.41996719]",-2244.1705239761845,380.7018597210041,0.497966
48,"[-310.30279868 -327.10607982 -312.79017328 -297.10317886  421.72046021
  407.89926734]",-1919.7586176165426,404.9493728129328,0.483998
49,"[431.34478767 427.09338965 422.8997446  422.77632584 431.75910326
 418.65968056]",-2479.372672432093,403.1347553368093,0.503
