,best_x,best_energy,t_init,running_time
0,[421.5025333  420.01564308],-837.8152358101618,269.5243554842927,0.618608
1,[421.44022162 421.35761274],-837.9186367550783,253.06021407738044,0.638937
2,[421.68519425 420.8554425 ],-837.8993688159698,273.99041588113226,0.610137
3,[421.68141755 417.8543841 ],-836.6798485798423,236.63307745151218,0.546008
4,[422.38022205 420.80996277],-837.711091153246,245.81846887652296,0.573284
5,[420.27662573 422.85031038],-837.4583768846239,295.1123370097855,0.692953
6,[-303.2630017   421.54289503],-719.4168225364655,229.03597758590163,0.683671
7,[421.35969147 420.06546599],-837.8435710659185,299.6218971625099,0.634682
8,[423.08427212 420.46981583],-837.36930917271,273.14252410763044,0.646344
9,[417.49688466 417.24397036],-834.7008038137376,314.40135256834526,0.5884
10,[415.53619634 421.88949376],-834.1480859167782,237.30530819171662,0.699139
11,[420.22423097 428.90980738],-829.939454476643,267.8764703572531,0.66159
12,[424.35986419 422.87708644],-836.0538647964834,275.11293780297694,0.862938
13,[415.69942128 418.28323677],-833.5654362962567,214.6833550881805,0.789019
14,[419.94512292 418.43161297],-837.0224249196112,249.7472717595887,0.801541
15,[419.93739658 420.08779369],-837.7337246018426,272.23389226835536,0.666522
16,[420.3263669 422.1907878],-837.7252035968756,254.51180525320612,0.961921
17,[421.45021254 420.24873771],-837.8711236167737,214.39116320638962,0.62357
18,[421.58780078 426.92643447],-833.4363413748804,268.3765980987085,0.740322
19,[422.25250254 421.96558313],-837.6323064805061,278.04177319872343,0.657141
20,[419.0604756  420.58510931],-837.4881307029189,254.7706561538191,0.626268
21,[420.04398315 418.39255604],-837.0215677013392,252.98219751702845,0.686558
22,[421.79907474 419.88067614],-837.7294362984157,254.92256456605767,0.681009
23,[416.57491168 417.27944185],-833.8223267343403,253.34264761624894,0.613241
24,[423.50537316 421.99506978],-837.0203600261436,268.65242719628833,0.619619
25,[415.27711102 417.09481609],-832.0042982515458,289.46814405257015,0.592468
26,[424.20576539 420.76550102],-836.6374232503078,244.99141691093683,0.6874
27,[420.28182505 421.25023934],-837.8962510119915,243.20204390587313,0.627526
28,[422.51480412 421.25548861],-837.6536394782536,245.0197839359451,0.781435
29,[420.8022579  421.26785273],-837.9509869573795,258.65309938138176,0.643736
30,[422.98934158 419.61170567],-837.2180653134328,284.8408536437828,0.605816
31,[420.61843804 420.20290422],-837.8763075626553,229.94798069935288,0.552908
32,[423.33698397 420.75964644],-837.2521058067211,268.63266124292824,0.577879
33,[421.32061354 420.07286026],-837.848912277055,326.5973522119617,0.55329
34,[420.44424    421.87463033],-837.8274867894536,250.11752710241964,0.560659
35,[420.02724181 421.56501705],-837.8090944597486,238.09323658310555,0.55722
36,[417.98060583 420.93615827],-836.8407519444197,296.0241798855396,0.563914
37,[416.37020487 420.40342154],-835.2646709512176,248.71067483843066,0.530863
38,[420.66260773 422.50717233],-837.6551632619189,242.7902345438846,0.534999
39,[422.22996661 419.87800657],-837.6149257738482,279.9386067473583,0.544767
40,[423.69058525 421.54165802],-836.9888989482752,248.17079424721464,0.524415
41,[422.52624861 421.14378547],-837.6556643788026,264.0251585542708,0.541813
42,[422.93550213 421.48887179],-837.4432630846222,249.10762720399632,0.536022
43,[424.17872526 421.66790673],-836.6029538048605,294.53906429695184,0.527037
44,[420.57235954 423.51690729],-837.1260899711524,299.9750734920577,0.537317
45,[420.67096003 420.85520433],-837.9529596785148,256.18467168117706,0.527869
46,[419.72862757 421.26153943],-837.7610065839662,295.7864460236825,0.511886
47,[420.43001712 420.59604689],-837.9116356533584,270.09750496022735,0.541422
48,[419.38208373 420.76145328],-837.6429201992831,277.08299701990325,0.527554
49,[420.22800933 419.9386887 ],-837.762737494838,308.42376106868335,0.547924
