,best_x,best_energy,t_init,running_time
0,"[436.63300321 448.58506799 403.02309629 413.78931777 398.16453169
 411.22631117]",-2268.090678310476,541.4846629066174,0.671143
1,"[-287.88250503 -309.20917302 -279.86190251  418.82451746  415.87726735
  415.16285099]",-2056.4050285550443,410.91762113145774,0.598917
2,"[411.13532234 216.42407638 421.96974416 446.42498349 408.15592148
 411.24802033]",-2152.1734275836557,451.36469657378456,0.621016
3,"[446.1529637  427.48912086 207.52619531 432.55134885 222.37886303
 406.68471397]",-1908.9437127630135,470.5050027013919,0.749982
4,"[-125.53230293  427.87627892  431.50075215  414.7923584   415.87868504
  394.03433308]",-2102.4205840061413,435.79996097249466,0.565026
5,"[ 454.19723783  435.09684168  405.7973496   424.79556698  408.81724314
 -291.29714   ]",-2172.2114618297696,446.6071379887462,0.678003
6,"[ 437.48892766 -329.22397883  400.86509605 -302.50111022 -318.83161157
 -297.25220808]",-1832.3473129245722,450.2101790822176,0.623084
7,"[ 410.93660041  429.90189228  399.74657928 -300.19465572  425.19857615
  407.71398465]",-2292.9264252261723,483.6934452788707,0.792654
8,"[-314.73952982  407.2664234   416.80918006 -304.97998235 -283.69556893
 -305.36923232]",-1950.6847186140023,470.6318032759086,0.555987
9,"[-307.18155634  416.59225355  423.03977919 -323.34769598  220.32731413
  413.12166052]",-1958.354453643005,486.49413773095586,0.534588
10,"[ 402.77758095 -291.95283669 -340.33554685  415.30754581  412.35802118
  439.87605297]",-1996.7494073017629,408.8835020815091,0.526001
11,"[ 430.93994586  445.29322639  426.91021725  422.19935199 -302.13576929
 -323.88257438]",-2130.0164434440735,479.94622741232143,0.541996
12,"[ 434.5416987  -319.40780382  397.29494634  425.64498676  392.36188895
 -320.53084957]",-2008.8953833126116,404.0215600763685,0.504072
13,"[ 408.18118607 -497.59429564 -301.67493899 -316.96565036 -320.03148954
  434.33439733]",-1786.587173793669,431.90565324257574,0.519999
14,"[ 427.16881699 -288.25413036  430.11058069  439.13988388  405.69687387
  406.10716841]",-2257.257047249531,460.8512483385044,0.540012
15,"[ 442.32720439  431.44578233  398.58122031 -307.1449938  -114.41553286
  430.17430773]",-1940.74778062018,441.91850347226466,0.514989
16,"[ 410.79705118  424.274746   -308.41117874  445.1510089  -305.2439952
 -318.76488787]",-2033.5025140703524,426.1958849195346,0.516999
17,"[-292.46156888  441.57478939  412.25386841  400.65159054 -283.16186613
  428.47489001]",-2098.5160326683063,507.24449931163645,0.517
18,"[398.95443951 420.2311601  433.7252336  411.31146977 413.55425635
 418.89223002]",-2415.108402992157,483.154618118427,0.557
19,"[-314.71170393 -295.69347375 -300.35099644  429.62042606  436.9103147
  416.63473556]",-2089.7144466685954,498.4353093826577,0.506021
20,"[207.15876381 426.60968078 191.10529361 412.24919208 415.18677204
 411.86277544]",-2030.0358391610823,378.64978708352294,0.511979
21,"[ 422.73567574  437.96042498  386.2255248   410.67335621  386.02720171
 -324.22637444]",-2003.5657382562335,439.2667146899454,0.509
22,"[-324.27388329  199.63351221  427.84409898  402.22677448  417.1689052
 -279.24134398]",-1882.820259423657,416.14290642758175,0.508001
23,"[ 433.93768386 -312.08817319  420.18162721  417.21444773  437.01172719
 -305.17031438]",-2209.3000053746614,432.60451078702755,0.498999
24,"[-281.62571214  432.80668236 -312.2480551  -280.36402133  426.81173252
  410.813468  ]",-1999.4728484633958,446.6477952013372,0.510005
25,"[ 408.16299153  393.61663925 -297.09726931  414.5095827  -324.34855591
  432.83535149]",-2081.0141010927405,457.0107485879354,0.51802
26,"[426.47320352 413.27678541 428.51867517 448.77324644 452.29986506
 402.64407149]",-2239.7412857622794,476.4849603529681,0.524996
27,"[ 419.20102716 -303.68042108 -317.36402286 -297.60722724 -308.66191347
  417.90533717]",-2002.895667424108,468.6854570884684,0.497486
28,"[ 440.47757867  421.20193403  392.71084626  421.42504816  419.52337964
 -282.73541546]",-2204.35057396673,432.66639310869925,0.518519
29,"[ 425.39455905 -304.29030402  448.41086949  415.68734826  439.3136653
  414.34188722]",-2248.981310344588,423.78383827919663,0.515996
30,"[426.17037824 403.6404605  403.72689345 396.4843714  409.49808362
 439.95894908]",-2302.6211341491835,463.11129293611737,0.501011
31,"[ 429.71168851 -269.5733586   414.48442185  415.24308582  439.35388409
  402.24464501]",-2166.3591090451096,417.02975537876586,0.515987
32,"[ 416.92542004  379.14775962  400.82293325  425.12631967  400.65868885
 -301.11288685]",-2092.618110537431,534.7533893638714,0.519009
33,"[-296.76251544  418.12295439  398.21808565 -305.37051542  408.59632031
  409.68991069]",-2172.799194632576,450.48923158364715,0.507997
34,"[ 397.08401196  406.0255268   416.14781604  407.49313546  438.33379861
 -125.48917711]",-2057.5353390917185,436.52823891585496,0.520994
35,"[ 422.49242775  417.04229302  432.27383558  420.11729806 -298.78566088
  402.38872349]",-2332.782644370858,460.9851845342098,0.555
36,"[418.49272686 430.35163079 392.73804317 405.04312302 389.52334249
 419.62975537]",-2257.867245306408,429.6746232743067,0.513994
37,"[-280.37529857  430.42010676  432.16451978 -284.09033198  406.70125585
  429.91935474]",-2113.7499111860716,505.9423080919867,0.519009
38,"[ 420.81247393  395.52403649  406.45593325  416.40635928 -286.36197157
  417.45283975]",-2254.7071008642442,389.2166572883342,0.520017
39,"[423.45244483 415.97651668 420.87733018 401.3140705  389.50943924
 417.56768085]",-2343.916589168835,510.4668847916751,0.515981
40,"[424.02913822 431.25861623 426.73328283 410.38112485 402.11635554
 450.2020564 ]",-2332.8967455783945,487.7033101628626,0.574003
41,"[ 423.89090765  417.33628296  405.52395781  429.55790924  427.60585126
 -116.75826221]",-2162.4047234263894,464.2651445499693,0.715989
42,"[ 407.31590885  429.61943151  412.13228346  411.75046037  418.50928874
 -323.97759228]",-2284.554296060591,450.93773360200674,0.701705
43,"[-315.06964117  400.99573434  427.26614011  411.20687731  429.33897718
  425.34458582]",-2298.4923540399145,445.2595508619631,0.646772
44,"[425.26120411 464.30015649 417.42486891 446.51761104 408.5163504
 447.19169677]",-2105.66866717484,496.9624324288759,0.625033
45,"[ 403.92330308 -312.22920961  435.25326038  425.80847538 -319.94365226
  417.75127535]",-2161.361854918421,408.51163001393877,0.518003
46,"[-321.67819101  422.52173531 -317.65869013 -316.68493526 -312.62027166
  423.1490836 ]",-1926.588588838391,395.45107337376874,0.717954
47,"[-296.54212535  429.16912867  416.16269186  420.39444473 -303.81522053
 -318.32626739]",-2111.093628892111,414.62940576220194,0.632127
48,"[-323.21722426  431.15857784  415.77078262  388.07577504  429.18276038
  202.05035912]",-1972.2936764494116,527.9360953955014,0.583195
49,"[ 453.83859776 -317.17261052  418.01406182  409.66339822  423.788469
  416.13564993]",-2216.56681405009,409.5175986951543,0.673619
