,best_x,best_energy,t_init,running_time
0,"[ 434.99057838  426.01280076 -291.54201107  432.11419253  417.97892033
 -309.38045193]",-2211.325510850901,423.8152718215318,0.504172
1,"[-309.36876711 -293.37687668 -310.04830758 -310.49753608  421.59474105
 -297.32227138]",-1886.609456884042,331.2636223230498,0.532052
2,"[ 420.66129052  435.16499319  422.68703458 -302.92767125 -115.33841088
  418.14090916]",-2061.328699710912,368.5260721638287,0.614062
3,"[ 417.13361822  431.5899671   420.36423685 -295.77402861 -303.58505034
 -303.58269992]",-2136.454837950233,422.9281727514904,0.470218
4,"[-293.85595088  417.06329013 -298.84259427 -303.99404321  429.7619698
 -311.42622992]",-2007.0365864311705,372.049826232784,0.487767
5,"[-306.14964791  422.35296725  411.78598523  420.5266992   418.67725774
 -307.16445575]",-2261.1407578788003,407.25836761217107,0.467999
6,"[ 425.34292106  420.78109652  423.76085171  418.39932904 -301.97057882
  392.81636388]",-2296.2377383346284,382.5205971071533,0.487996
7,"[-296.20213367  415.90037957  414.5332555  -305.34159795  423.53500354
  423.00497588]",-2261.1951732835246,520.406952360379,0.481989
8,"[ 433.81305563  415.77115786 -305.16039544  451.0594219  -308.38610823
  421.40810816]",-2137.0774855825994,380.7224834095562,0.48101
9,"[ 404.86089989 -306.64692231  410.01350503  417.25015721 -314.94966614
 -293.05754905]",-2076.8981147127834,472.6178191397606,0.476809
10,"[-305.07227285  425.1640685  -307.39594404 -313.92652378 -299.278892
 -306.81496504]",-1895.5749761325005,458.7895395996771,0.525205
11,"[-304.1212978  -297.03366928 -313.95710675 -315.65858076  417.17696773
 -305.83459105]",-1876.1473033619282,372.0681198494293,0.483517
12,"[-307.43644292  420.92952145 -304.28546563  417.56153447 -292.02601031
 -298.33615494]",-2019.243375612262,377.48290391654484,0.514216
13,"[-298.87199314 -302.65608084  424.86313604 -317.12567983  423.27731812
  421.74827184]",-2127.422057922812,301.94997238556726,0.514023
14,"[-303.60541293 -290.68545068  417.43933623  426.13667716 -302.14334134
 -318.45296585]",-1985.7344526470736,571.3481416974669,0.514523
15,"[ 424.44103947 -295.68285775 -306.07938925  414.4611415   193.53384672
  421.87744721]",-2032.2358791009278,381.12487957443597,0.511014
16,"[442.10437799 424.80045753 459.08511656 407.72129414 419.20109305
 424.10596445]",-2259.757674143349,402.819742754316,0.549994
17,"[ 211.84968846  433.45717218  423.0990432   427.31988751  433.96937563
 -306.87368176]",-2121.157593838659,323.40238319927226,0.488019
18,"[ 419.52638305  422.36119092 -307.52838545 -290.98597915 -305.53426138
 -296.76282066]",-2014.5328183336242,354.16180887089655,0.485
19,"[ 420.7718633  -301.59904213  413.55607671 -291.53704194 -305.33410659
  412.4374018 ]",-2126.383058972033,420.8219584666554,0.522982
20,"[ 427.86154621  425.11551527  424.24893693 -306.65665756  420.3094986
  418.08961826]",-2382.6688915429945,346.6948829213787,0.483995
21,"[ 431.97624365  426.16639353  415.77428064 -308.71831934 -300.61341326
 -301.92007461]",-2131.1473563061422,353.74372409148316,0.533006
22,"[ 418.32918522 -315.86674559  405.5288403   425.86052771  431.42488423
  181.88300527]",-2051.5458986263993,262.02553465238265,0.496974
23,"[ 420.67070457  422.77527675 -308.55480699  425.22743269  417.42539771
  416.62066486]",-2384.1774302430763,413.65144804017046,0.493022
24,"[ 424.09746055 -309.3046767  -292.70206314  418.67049045  407.85543725
 -305.8137495 ]",-2116.0124791517223,369.4436762687274,0.488988
25,"[-299.19423104  428.89683362  434.90779922  424.35517576  419.77242929
  206.98435082]",-2141.664858769669,388.9620769297274,0.487989
26,"[421.59740435 426.86001164 202.92232317 205.06081632 420.79584934
 415.26687534]",-2070.7964145774436,328.6606318871882,0.490999
27,"[-312.58406625  425.25679369  418.81886681  430.07255192  422.58499434
  418.49096657]",-2368.207187460511,511.8431216383141,0.497
28,"[ 423.82421257  417.06435432  418.55345417  426.64252275 -300.80336892
 -310.1203805 ]",-2261.5912188473135,504.16427425843466,0.491001
29,"[-302.65281382  418.41528339 -310.23128329  203.45287515  205.47511251
 -300.67914541]",-1715.1591883116866,371.1654574112584,0.522007
30,"[-296.14321219 -298.56414235 -314.63427465 -300.107831   -300.51540188
  407.39735895]",-1871.9464722521461,464.1343510767347,0.513661
31,"[ 435.60939967  423.37867981 -312.5276976  -302.55256219  407.67406609
  415.41290836]",-2210.8553446192905,510.1150988809952,0.466374
32,"[ 423.64293643 -117.07957272 -310.95381538  421.13464647  398.11791216
 -308.61428479]",-1895.1489307406378,463.616364218995,0.500875
33,"[ 421.05839154 -298.14741819  441.49265129  435.30495015  417.29278531
  405.89947074]",-2284.900150023476,434.43277846232235,0.657307
34,"[-309.55822086  419.37675902 -309.63333051  409.97226245  410.38092603
  193.85225573]",-2005.3694087578003,487.22811195542255,0.592127
35,"[ 426.71236522 -308.67138046  434.74297712 -304.3256961  -293.81367024
 -303.21655297]",-1997.3637655276498,278.5234431810072,0.610074
36,"[ 429.44290156  415.13196757 -292.29849635 -301.58919217  435.13757667
 -306.40430042]",-2104.931439336338,487.8925386966197,0.582065
37,"[ 426.85446023  413.51949561 -307.53940942  421.16619575 -130.26715137
 -319.87652131]",-1924.8788233246084,529.2059476962345,0.580985
38,"[ 423.26182873  420.40452324  418.80831657 -294.4195036  -310.27501029
 -303.58750218]",-2141.2948985205494,314.2155064112464,0.474999
39,"[ 203.93689643  409.9998596   428.87082417 -303.12092436 -307.61816412
  416.93533326]",-2031.5936421663075,450.8716516869279,0.574001
40,"[421.41961901 424.59008779 200.92963241 436.05749469 428.01374486
 440.96090965]",-2209.3589269013673,483.08458218502807,0.741996
41,"[ 422.37722252  414.12491788  415.52690861  416.53037859 -302.44905703
 -287.76808732]",-2237.748030469544,527.9571407347438,0.554003
42,"[ 424.80931593 -290.39178269 -302.9449332   423.97317531  409.67080155
  228.88635231]",-1945.988870336795,496.75815655853944,0.578
43,"[-311.4679944   406.17181338  213.8118029   423.85319136 -290.32823063
  432.98849416]",-1972.1388396426628,470.4480578167963,0.568999
44,"[ 409.576165    423.15983256  412.02490313  418.3838249  -301.14839097
  412.89534998]",-2359.382345132405,483.4028805042724,0.576241
45,"[ 406.7799959   416.31667844  423.95525361  209.97311873 -294.36254371
 -304.40843818]",-2017.3764879793073,401.22027604908675,0.474833
46,"[ 432.05871978 -302.08932672 -293.78218504  431.49707552  426.44400246
 -307.16472321]",-2113.005087960052,330.71146711583293,0.566973
47,"[-298.57905282  423.5919232   417.60724125  419.07914012 -293.90581027
  422.59889642]",-2262.661432578719,369.0289606976478,0.505052
48,"[ 407.3594947  -302.35127251 -304.33422089  428.46094144  210.54638913
 -305.84383881]",-1903.7359274715382,462.2048831800231,0.569946
49,"[ 413.33672986  413.53480815 -311.51559905  190.96688194  414.66324063
 -306.40905288]",-2008.0488372028226,314.77067150631814,0.479997
