,best_x,best_energy
0,"[ 205.83041039 -304.52025455 -297.16749047  203.24674845 -310.51355841
  200.5914642 ]",-1493.0825899659162
1,"[ 423.23830318 -300.32313749  417.75373432 -297.97632339 -297.60492177
 -305.10639373]",-2031.071379764028
2,"[-302.40682971 -499.60780704  423.9010105   428.90009376  429.30989957
 -301.32723576]",-2016.4091240608877
3,"[ 419.14870311  207.31943677  422.76049875  425.49454082 -297.95404516
  413.27100604]",-2163.2737964928738
4,"[ 420.02814107 -302.84979153 -307.47331525 -316.03788935 -300.51244893
 -297.37947381]",-1891.6292600934719
5,"[ 207.10826337 -300.6390624   193.97067256 -306.5085307  -301.15309577
  413.12618277]",-1700.3779775907863
6,"[ 413.67265922 -302.73589014 -294.36970141  416.64082097 -302.27288045
  427.58809333]",-2135.6533802309004
7,"[ 437.81331121 -322.11104304  409.23204294 -305.35886565  192.76870605
  417.58465537]",-1941.68744728842
8,"[ 194.42770515  417.61783069  199.71528763 -299.48979474  205.86844562
 -304.13414362]",-1608.9847389779036
9,"[-311.49416712 -286.93246133  435.29597457  420.23369432  417.30819471
  417.73140496]",-2207.9788577706513
10,"[ 419.75390875  425.36337379 -296.33011599 -299.5402851  -301.74062936
  419.7822684 ]",-2149.7454323452357
11,"[ 420.0103534  -308.35441334 -303.32293128 -292.57378434 -294.6446292
 -305.70735896]",-1895.7341313898849
12,"[206.3317399  421.82215919 436.80636522 413.19685076 198.48806945
 423.15150765]",-2035.5013489289825
13,"[-299.94835405 -289.63591001  417.98366307 -298.41904496 -291.15847288
  418.05754075]",-1998.2242505206896
14,"[ 423.80052877 -304.3826693  -295.77078108 -297.61797572  413.2415481
  423.3675497 ]",-2140.142192754434
15,"[-296.71105751 -298.40992883  415.39641132  421.6715699  -125.31772746
 -301.96735172]",-1852.044932262617
16,"[-304.07216884  413.59425832  414.73456455  422.4782439   422.41666181
  422.39617629]",-2382.6393706597205
17,"[ 425.06180932  200.41130898 -301.0611874   208.43565472 -307.91559205
  425.02364522]",-1830.3999365829486
18,"[ 427.95543102 -295.74479954 -300.59554328 -306.43223126  425.19154121
  423.68259618]",-2141.0512947735956
19,"[ 420.59116538  421.73758861  419.49722424 -299.08937759  434.17956197
  423.33989371]",-2370.9497911633175
20,"[-300.21546301  415.95510508 -288.19228671  412.24393584  419.0634165
  416.21362376]",-2234.9054493763138
21,"[ 425.21645965  419.37411198 -308.83360786  409.11590452  415.04682022
 -284.70902968]",-2208.5334145689244
22,"[ 415.48869257   61.66239522  413.1399005   421.89563211 -313.70575437
  419.16246108]",-2010.3684015526937
23,"[ 415.96621604  200.71210945  206.2112035  -300.23253174 -299.85693981
  203.20435982]",-1618.8870744901076
24,"[ 206.36594428  200.72160089  418.82456423  425.68675905 -301.91628775
 -302.6341361 ]",-1837.257097585189
25,"[-280.54032047  414.44415439  414.90942549 -290.92747182  413.36519011
  396.87268625]",-2114.185233691652
26,"[-306.58417835  417.28431242 -307.6966194   415.23213018  429.68748337
 -110.98750041]",-1936.550439115474
27,"[426.63935661 428.7062109  424.58041341 416.31974366 423.33540126
 422.84885452]",-2496.7631818754394
28,"[-304.88598986 -302.56256052 -298.95400042 -298.73322194  420.60814519
 -300.75449301]",-1917.1602749533563
29,"[-308.48683671  203.35705328 -300.19569299 -303.16155266 -301.87681586
  204.84563034]",-1600.4073702133273
30,"[ 420.18728715 -301.82442507 -319.50012502 -291.26898606  402.75228273
 -301.91994405]",-1947.1783250613948
31,"[ 419.56452314 -308.78131116  414.73016687 -305.37387182 -301.9522035
  420.23734173]",-2147.346177045945
32,"[ 212.45786739  425.710923    420.11150289  437.03267684 -296.56976874
  425.70980279]",-2126.2267958526218
33,"[ 416.32517136  427.28502105 -297.01534236  420.03065206 -304.70618403
  425.55408543]",-2262.0773956038925
34,"[ 421.57013383 -302.33418223  431.97873892 -304.60496993 -296.77954242
 -304.71885517]",-2019.509030344885
35,"[ 183.99487476 -302.88323553 -304.33897296  192.78116097 -294.72071701
 -304.20224742]",-1535.0406182446588
36,"[-299.29637114  418.91763622  423.24028044 -305.37193496  212.27140302
  201.58076994]",-1829.474849328447
37,"[-302.98346973 -299.55800357  414.95375738 -293.12069927 -298.00446785
 -308.49705893]",-1897.8476721681754
38,"[ 184.05760737 -122.25704855 -307.54921226 -308.86040966  433.06362065
  428.01017064]",-1683.0477516142366
39,"[ 421.40332492 -306.17209683  415.00267889 -305.67791867  435.60414143
  430.53656969]",-2231.14414371506
40,"[-300.84205118  424.2793729  -296.74364011 -299.13090341 -305.90866165
  203.55527363]",-1814.1370155141585
41,"[-299.95992122  416.77238493  426.04561562 -305.55264252  426.70692643
  414.40125623]",-2259.98185481353
42,"[ 398.87987608  198.72297302  428.67262356  412.66923801 -310.07604111
  422.10407634]",-2092.0002278736547
43,"[-309.44491489 -310.95808242  428.12891389  422.44808729  425.15589839
 -300.04233598]",-2133.7739712643443
44,"[ 412.89136857  427.71156209  424.97278764  429.1489611   227.31554514
 -324.88440067]",-2024.2915709091828
45,"[ 436.21961969 -308.73645524  435.47321873 -327.62227385 -305.24536999
  442.64203819]",-1961.3498530246038
46,"[ 421.28882319 -290.20089158  420.97622565 -294.55901889  -16.65618346
  408.79707175]",-1826.1357619576393
47,"[ 416.37773147 -300.07057031 -297.619232   -308.52733168 -292.11762773
  410.80870963]",-2002.686561671058
48,"[ 194.97291726  203.90443089  201.87332139  427.50477121 -304.60521267
 -306.74245085]",-1607.114633774238
49,"[ 442.5911457  -297.15611866 -287.00387367 -294.2361485  -316.32691671
 -288.37202768]",-1772.787999659927
