,best_x,best_energy,t_init,running_time
0,"[ 414.30143501  414.92526872 -284.52337741  425.77099387  401.10450223
 -283.6892962 ]",-2132.451559350969,544.0977685336218,0.599345
1,"[ 429.61136202 -298.7017382  -321.63742078 -293.65574358  403.63559378
  416.61514738]",-2052.419637623184,518.3741051252729,0.664664
2,"[-302.90628075  445.04146889  441.05290521  434.66942111  427.52692752
 -276.47611253]",-2045.3424667540005,434.7194892285283,0.552047
3,"[ 403.21171541  425.40018967  415.16252206 -311.46590409  424.48056696
 -309.37942592]",-2213.7958155470797,510.29783437741173,0.497023
4,"[ 396.99932313  419.51088902  429.1238612   415.45189283 -310.91571905
  428.54959153]",-2297.077813231748,402.21863701559835,0.528001
5,"[420.38637177 417.56907104 412.18672098 437.21066396 214.77644878
 423.49178213]",-2236.4828071246648,433.31072738571777,0.571003
6,"[426.67692085 420.10506951 406.09717814 425.21544343  51.40838807
 430.57781847]",-2089.196305272484,473.52905273617154,0.506987
7,"[-294.50831456  434.65802092  406.61025777  424.90960069 -282.18802738
  416.49179127]",-2165.033941918515,394.5259836589416,0.500562
8,"[403.84032279 427.69422365 410.22177576 186.36334701 408.01858587
 435.99326222]",-2154.1541017829795,413.8515101892347,0.502212
9,"[-297.19695069  430.44988225  404.51511679  403.86682944  383.02614055
  407.24155552]",-2121.535457238244,459.114684608674,0.503021
10,"[ 424.13272116 -287.62868114  408.87660672 -289.22576164 -303.32803208
  423.77658858]",-2088.611460688018,409.0154408872041,0.597001
11,"[ 427.56749773  398.71347623  428.23544437 -289.37506776  420.4117074
  216.55562008]",-2063.6924111503845,512.3215405326371,0.560011
12,"[ 426.09711529  424.42907078  426.62697194 -321.47681638  418.38363983
  415.04953879]",-2336.519001229975,466.36929125507095,0.510963
13,"[ 422.79927616  435.04294722  434.43274799  441.47732561  200.10466211
 -292.65019106]",-2063.8907351392877,383.303978156194,0.518995
14,"[-307.38870218  404.26407087  425.84112502  426.15295975  414.8472273
  437.83313842]",-2311.2573724389254,464.1101695942612,0.554442
15,"[ 193.36234447  399.44713617  430.18895541  433.18509885 -302.95183518
  436.16570836]",-2049.5732753446973,446.5511557237617,0.621512
16,"[ 431.73949081  421.71817376  434.93714    -328.73333756  405.50582372
  426.83602614]",-2238.145389182388,428.5604743289146,0.564974
17,"[ 426.56448398 -308.04444821  428.08421538  426.48274228  421.75176089
  219.60976877]",-2128.831717377361,396.37982792994217,0.613985
18,"[-323.32697615 -286.29231537  452.24137586  417.56347472  412.80018111
  434.39005094]",-2039.2864585920584,462.0571340265137,0.685056
19,"[ 429.53058131  422.77526045  419.80162583 -299.47619652  412.19652156
  395.44306633]",-2296.0992688258166,503.7333477352682,0.516017
20,"[-305.21542413  431.55835816  432.46367061  407.44524712 -307.61462225
  415.42626496]",-2215.447876179073,358.2036685708672,0.526087
21,"[ 400.6227005   417.40568769  411.78027254 -303.06232768  425.49722621
  434.10339369]",-2308.235136676143,421.78151959125876,0.536983
22,"[ 437.07150346  430.32526168  411.25941707  412.58166742  459.65393838
 -320.77991099]",-2111.568832592565,485.4045344030194,0.540994
23,"[-285.47193785  403.20653112  435.51582065  425.42285324  396.98658081
  424.24784275]",-2220.5770075173127,365.75392617246354,0.553083
24,"[ 414.69677728  423.79804321 -299.7755872  -274.58153651  404.57730865
 -317.05987354]",-1999.8740335611556,490.0467618451335,0.498005
25,"[ 436.17695447 -295.79279916  420.16212433 -285.20008215  440.28644257
 -278.16248727]",-1969.298026466276,428.42015478154326,0.533999
26,"[-312.37671139  433.28844461  391.28334351  424.23308433  408.94945174
  443.37842993]",-2177.371845887066,388.4432816045964,0.518995
27,"[ 415.91721087  420.57875407 -319.28963357  419.57023568  197.77490411
  417.89108379]",-2133.8230897462513,483.4805513600645,0.495986
28,"[ 407.65939082 -276.63071928  388.13474779  424.08922218  428.2466256
  418.15013803]",-2157.7800536529794,510.30865346864056,0.504528
29,"[ 420.48092885  433.50885576 -319.48224662  433.85064748  416.67292772
 -285.30027562]",-2161.550797074703,409.84815391891897,0.505338
30,"[ 418.90504997  403.99154464 -327.92182692 -319.75762679  423.32858525
 -300.27714995]",-2004.716514537767,419.39794016643566,0.49
31,"[ 434.15432654  410.22812809 -277.60569213  426.08006389 -285.9978465
  444.69765334]",-2059.9325865248043,397.21037352568493,0.525001
32,"[ 435.67475098  404.35942053 -297.03471069  434.97450968  409.90925676
  393.74292446]",-2201.419308807208,458.06572341653674,0.498017
33,"[186.27591042 435.65796162 396.72215996 430.94131191 418.03586862
 421.67968887]",-2147.302406959417,400.3388917214081,0.495194
34,"[ 437.42998047  429.92275022  413.02725907  419.51545519 -299.8539439
  389.38214076]",-2224.246906482111,454.0786489309846,0.531314
35,"[442.35858425 422.7812798  436.88202744 413.28628261 168.35949325
 416.47190989]",-2062.8504472584896,394.7133014702932,0.694047
36,"[ 427.4129954   422.48277233 -287.58193578  428.49414874  434.52100494
  424.3456015 ]",-2330.6480970278058,438.2534137713378,0.631002
37,"[-296.80132193  409.94231015  429.78395498 -317.40926551  434.01829706
  201.01140315]",-1980.5116503588324,423.0002922068087,0.583547
38,"[417.34969536 415.32736222 433.34883193 412.98529394 179.3505832
 423.6039811 ]",-2192.9521590033964,346.8633566908453,0.619999
39,"[ 432.73001706 -298.50825244  421.80278798  414.1253564  -298.69995235
  395.55551551]",-2171.70569269758,538.1343990686365,0.616868
40,"[ 414.6069697   426.24764961  431.27408618 -287.07501465  431.82980786
  429.14559301]",-2320.706597546596,463.87509713412084,0.593025
41,"[ 406.47984651  396.73330592 -285.20844391  433.79690391  430.80596551
  404.82007243]",-2196.1775708716787,392.42695239130364,0.682989
42,"[ 425.53376484  413.01973415  433.85604613  407.10559668 -322.58591267
 -300.07869711]",-2170.8356573052756,500.9134183269052,0.601995
43,"[-288.67159147  417.38177652 -314.8614966   386.13208309  408.91965811
  406.84046826]",-2047.706837012936,439.9304182310592,0.508991
44,"[ 435.12989945 -313.00219352  436.27959363  423.03455039  422.56150502
  399.02404203]",-2267.347596867094,436.8548963985529,0.500997
45,"[ 417.01415965  421.81258933  431.19936944  404.69651397 -291.64025567
  444.43478622]",-2264.4328195852163,459.8747014083305,0.505003
46,"[ 425.05223032  405.4167185   400.65474117 -312.61636708  423.61754644
  394.24641381]",-2213.101298986103,450.07903891377003,0.525008
47,"[ 409.83500786  413.54448754  422.96154432 -295.22480181  420.34559768
  404.55218182]",-2332.488273429153,453.57658476863526,0.505994
48,"[ 425.77470909 -291.4791306   386.12072197 -318.56702895  413.22048407
  428.32090597]",-2070.3460516198384,508.0475790759399,0.688998
49,"[ 409.2222506   403.44340878  430.20257266  426.07858132 -292.59250152
  436.10634457]",-2285.2111311394137,423.53446337137854,0.576953
