,best_x,best_energy,t_init,running_time
0,"[ 387.53000085  430.14798431  435.40159581  209.91991138 -305.26354555
  422.61536142]",-2004.0987745201608,537.3069985101603,0.581003
1,"[-286.21037623 -297.30773495  429.213392   -270.27122794  434.70381795
  416.04164967]",-1967.1188871435008,443.4106494631591,0.766919
2,"[-311.63191026  384.06041824  431.71925134  398.17672621  420.48766714
  449.07125945]",-2052.44771985539,442.0365443961983,0.710089
3,"[ 417.88887958 -307.86680422  392.68368759  431.33413079  201.03342744
  408.40189478]",-2043.5140580965328,507.0235297223996,0.528154
4,"[ 444.37915885 -293.52221805  221.45538926 -288.48745235  439.84080079
  418.83322091]",-1873.4033329859508,431.5098478033908,0.623849
5,"[ 205.08837968  442.91771207  396.41629594 -309.11774383  430.14931527
  428.43042529]",-2022.0503173357836,446.3037981914806,0.61513
6,"[ 390.13742776  421.29085657  436.32194242 -316.69636304  429.70847898
  414.33553694]",-2212.6335203825447,499.4410600542379,0.610932
7,"[ 439.45571185  420.55571407  484.72872172 -298.41668748  418.50876705
  424.06943388]",-1917.330806774125,467.93316865600406,0.521989
8,"[ 411.66017074  440.42871827 -328.51753606 -305.48988701  432.03995118
  408.5253904 ]",-2100.2672464840844,459.0554593656277,0.619021
9,"[-284.78569127  200.23794113  437.18509134  430.37560473  405.14801156
  411.52545361]",-2051.837771837008,411.6434146225949,0.530999
10,"[ 442.9936184   434.56095794  412.51433172  417.76818515 -309.55148894
 -278.42711659]",-2107.4369346666745,384.7225389612556,0.574109
11,"[ 430.73656606  439.75625146 -289.94593519  390.38938677  206.91107371
  410.73427743]",-1977.1324130152238,498.64376097192957,0.554001
12,"[ 437.18885881  450.6507236   437.25828517  432.2533835  -295.87939307
  410.06833336]",-2185.1359146895534,398.74845169868684,0.548018
13,"[-324.7774659   423.94223049  441.04257679 -299.13008472  400.55909023
 -310.10330336]",-1986.1373725238411,433.0348443494885,0.542053
14,"[412.10883251 422.04248006 395.95755144 428.34098308 421.56001145
 389.75759886]",-2305.877995188373,459.4101877841519,0.56297
15,"[ 411.91676338 -280.98620174  404.75236099  421.28446931  406.47809362
  401.3683321 ]",-2223.2515500798727,424.42823558317843,0.541999
16,"[ 413.25571035  399.92532089 -290.26423897  408.56690697  435.02502146
 -322.6161336 ]",-2102.43549550832,464.20867620847343,0.559693
17,"[ 421.08234752  395.70104905  406.34558331 -102.89372992  427.82749663
  420.8389155 ]",-2052.999822999304,425.7289095731196,0.511268
18,"[ 438.55008255  439.95418008 -297.11303423 -330.8581032   413.52026259
  420.96853906]",-2085.018273267338,466.12136123123446,0.564944
19,"[ 419.40546805  414.18493839  413.72829847 -321.50600447 -286.15990697
 -310.06605778]",-2060.778314144349,451.0469442101884,0.549005
20,"[ 187.48398045  413.44492763  424.58092697  412.32272834 -312.29051087
  441.94394232]",-2060.7929856487717,347.6189404512904,0.558991
21,"[ 413.39599139  404.72203225 -284.3394242   413.27082005 -305.35904271
  380.23124352]",-1999.3361207027704,436.324957974012,0.605999
22,"[421.21052742 455.1866102  434.15945428 206.38466749 420.78622645
 422.32825816]",-2132.468822667112,452.5985896976308,0.787074
23,"[ 445.51388098  447.47948103 -298.65708819  419.27074792  410.93440811
  389.73192324]",-2103.9633255833296,443.169406173723,0.538
24,"[ 425.39381671  427.9923179   424.70862279  218.4270708  -313.4315484
 -293.91252275]",-1998.1677247705202,470.17288920478296,0.555996
25,"[-284.40304348  196.24169078 -303.60499623  422.71682786  200.53955785
  425.11589907]",-1791.2278090459406,484.7500576762177,0.558013
26,"[-128.96660359  404.19319909  403.24239268  456.33752175 -295.61822643
  425.89581329]",-1864.0784660820937,408.95099652184587,0.560013
27,"[-312.08752115  421.73980118  391.336241    428.57802999  409.21681192
 -319.75633473]",-2099.0131907110685,437.0615824925564,0.558211
28,"[-289.60743938  425.94611802  440.14435012 -319.22724347  424.38965192
 -316.82555678]",-2026.6513550090112,486.48683421028994,0.546988
29,"[ 438.36956457 -298.14951777 -326.85557512  412.3365963  -298.22803289
  413.28567117]",-2026.2941596148862,418.2483693363331,0.524003
30,"[-312.872663    448.83839909  460.19406638  449.44958073  423.99505713
  423.3860671 ]",-2002.4981062180777,497.2476569589835,0.510517
31,"[-260.10882051 -309.98348489  431.46957964  440.35082166  415.43960464
  425.2985518 ]",-2008.4950238549422,421.5250104594558,0.518004
32,"[ 421.42572351 -283.828175    203.82991925  410.32047665  448.82833463
  412.89853644]",-2017.9477511718221,546.9735402126578,0.493999
33,"[-283.80095194  386.75935569  432.89655652  396.46553999  426.54434204
  423.21641828]",-2120.276772922162,391.1303871861617,0.529012
34,"[-295.4452554   447.71908275  405.40247038 -289.75133982 -325.92591376
  415.60651459]",-1942.6817510261849,460.12309221647644,0.537007
35,"[ 431.38066849  444.00666237  421.28098555  188.5726329   436.68948097
 -297.82544099]",-2036.5293868949705,429.305454608308,0.536978
36,"[ 427.49416628  417.21748688 -131.50695591  444.75324808  393.88521386
  414.51144807]",-2041.4205869569373,505.2567561370527,0.603048
37,"[ 408.02807249 -285.30438874  422.88202312  388.06119724  437.6810684
 -287.35736826]",-2028.3626160439292,459.82480912288463,0.628526
38,"[423.70529959 428.30655676 426.70797918 380.31269499 406.52130119
 201.5590849 ]",-2070.095235806583,391.4395788180325,0.529981
39,"[ 432.7604682  -271.06826824 -305.01263477 -306.79480439  440.50541554
 -310.10645403]",-1850.10043422443,454.81766625344693,0.523099
40,"[-284.61079248 -301.77284345  383.20179919  429.06935122  432.19362708
  448.40218098]",-1956.4093779021496,457.31022648881884,0.52701
41,"[ 391.11500497 -314.83951057 -287.08510874  439.53308611  436.10140279
 -313.82870459]",-1915.94984378,410.86271476831644,0.518989
42,"[ 442.08448816  407.06869442 -319.73328195  428.02038652  439.44583731
  393.51717711]",-2139.4664021759445,429.0132078112256,0.536008
43,"[439.86961674 425.11426069 200.37578572 398.12046573 410.20198429
 414.35338113]",-2164.9371828376616,422.43490775473066,0.545915
44,"[396.70394028 206.78244592 412.32393826 402.20051478 420.92892473
 411.29848528]",-2159.83224255565,476.47864114193914,0.556995
45,"[ 215.31950156  406.45568835  427.57079602  404.43416214  396.19787541
 -303.50323228]",-2021.6616745678944,441.171829344766,0.505016
46,"[-291.09465878 -320.28268731  422.08807578  413.13459569  420.45335214
  407.3306543 ]",-2190.269237155653,450.56420629382507,0.532977
47,"[ 409.84065438  425.25889684  439.14646213  413.09521103 -300.33708522
  412.5264809 ]",-2319.058029672314,438.7190708792769,0.691812
48,"[385.9816493  410.60539185 432.05136236 419.84103759 425.31880994
 177.71265117]",-2043.5391292567738,450.27989680941727,0.509841
49,"[420.24738384 432.86377579 204.94023588 458.06867922 403.98910237
 437.30265736]",-2045.015517091816,446.3277031803778,0.513159
