,best_x,best_energy,t_init,running_time
0,[421.15897382 419.42875563],-837.6621678681545,310.07245174990504,0.570068
1,[421.3753389  420.57904035],-837.925750539446,224.20607646972394,0.609822
2,[-302.64577332  421.61029845],-719.4736430711987,245.09980553840234,0.629931
3,[421.18214318 420.70370981],-837.9511651676219,138.41583875261935,0.688076
4,[ 421.13221253 -302.550814  ],-719.5239831350781,238.8221946377707,0.586153
5,[ 420.49798555 -302.36042293],-719.4960537927226,262.7923745051905,0.556002
6,[-302.51064396  420.56360391],-719.5067056470909,166.10990387189491,0.550868
7,[423.99179686 419.9424339 ],-836.6789401468686,253.2977674370967,0.614501
8,[421.52101825 420.81367309],-837.9242462032794,186.40270421468634,0.606094
9,[418.86648426 420.06327432],-837.3052658748777,273.8099537796625,0.528262
10,[-305.03852349  415.60706764],-715.1118400786185,221.39678686762974,0.596128
11,[-302.74903854  420.65259759],-719.5084683835626,220.81204310762277,0.562155
12,[420.79067721 421.4547633 ],-837.931962375887,181.99118844997778,0.555858
13,[419.504873   422.60666593],-837.3568637140668,152.6900347950518,1.087299
14,[420.34288869 418.68160071],-837.2570458575034,246.2850767980849,1.074907
15,[-302.53520034  420.82152119],-719.5246916848238,229.10938453429367,0.804224
16,[420.71630323 422.28042352],-837.7405448056512,287.64854194619875,0.584465
17,[420.79231193 421.00923972],-837.9616399291208,212.53049606122528,0.928553
18,[417.47276822 419.01365856],-835.9447364085596,278.0041143967065,0.634473
19,[421.01088535 422.05512265],-837.8165735602269,297.82687581451194,0.554294
20,[421.17779911 420.52177363],-837.9350545685024,222.126401910934,0.675117
21,[-301.8560356   420.79077647],-719.4668011615624,267.6235367915104,0.628643
22,[420.68615711 420.85473362],-837.9540589081114,229.36042796732372,0.53119
23,[-301.34546012  420.50195172],-719.3238941747586,258.883479015921,0.748618
24,[-302.04600622 -302.23155432],-601.0491653749206,109.4876572366177,0.5861
25,[421.01918799 421.01276346],-837.9652089971428,270.6581045690606,0.60875
26,[-304.4334169   421.79609679],-718.9794158238502,205.22881056353683,0.690418
27,[421.4241112  420.31931344],-837.886400046194,226.70775803193706,0.539388
28,[419.17610179 420.16156345],-837.4784337385386,271.3957816660018,0.53552
29,[420.71445646 421.08667063],-837.9558611162233,319.24329669551184,0.507341
30,[-302.63130308  420.80492824],-719.5226208980183,271.8596547611224,0.560151
31,[420.95722503 421.49765259],-837.930452299812,207.66114357176284,0.515424
32,[ 420.69560417 -302.83533639],-719.5058228626197,283.491693436649,0.517497
33,[424.34171641 422.20935909],-836.3348611377236,298.1903276930387,0.572531
34,[420.88767544 421.86135275],-837.8643784812866,311.9758239770528,0.528551
35,[ 420.36077474 -302.89911175],-719.4630759827294,83.77273367608841,0.636948
36,[421.06856236 421.69169598],-837.8985500900264,248.40973646950243,0.533507
37,[418.1350529  421.35986079],-836.9347530746415,255.60858839667787,0.549287
38,[-302.92303225 -302.66358342],-601.0665958566768,126.11051036419771,0.545644
39,[-302.63404497  419.4868471 ],-719.2490185515439,242.07921195096773,0.546178
40,[420.79022411 420.76918614],-837.9567285615836,213.81186439403675,0.534949
41,[-303.18643171  420.88597949],-719.4711410631312,355.65406558198816,0.516154
42,[421.14055366 421.30417703],-837.947850517816,275.6035480646185,0.646005
43,[421.16493248 420.99545834],-837.9608274740732,231.98923315480874,0.739082
44,[422.33200756 420.73764553],-837.7244251842769,295.59060465274064,0.70147
45,[423.40011989 420.43885034],-837.1839311510827,245.4984330112911,0.634357
46,[420.78642038 420.76138312],-837.9561547707261,201.66066593529897,0.601944
47,[-302.75363404 -303.70233827],-600.9068237737536,150.77237152016917,0.648013
48,[-301.60215601 -302.5268164 ],-600.9813233135172,227.04714505340388,0.560919
49,[418.68894343 422.03656407],-837.1667527079753,241.93332698404376,0.613441
