,best_x,best_energy
0,[-303.2969086   422.60320907],-719.1146772908573
1,[ 420.40431203 -302.29587495],-719.4806049249662
2,[421.13523948 421.34115819],-837.9447736718757
3,[-301.86804986  421.17705958],-719.4673374950146
4,[-301.54089177 -301.94993967],-600.9246846612753
5,[-302.95699061  420.21106194],-719.4313769405207
6,[ 421.82592221 -304.45926179],-718.960482891634
7,[ 404.28667979 -287.36041301],-656.7139033983156
8,[-302.09857694 -302.80962153],-601.0558235908553
9,[421.31201257 421.15608318],-837.9464755177908
10,[ 203.91732174 -302.30244245],-502.3801481023379
11,[421.04665508 420.47846342],-837.9346830420061
12,[420.784855   421.04261276],-837.9608193198409
13,[203.84237471 203.75289872],-403.68585529644275
14,[-302.98370434 -125.12138369],-423.3830640677895
15,[ 203.84860244 -302.0196875 ],-502.3553001124925
16,[-303.25404375  422.4567135 ],-719.1805873013724
17,[ 410.89935101 -309.64333277],-700.4296414377355
18,[ 421.24880116 -300.59921274],-719.0484938719792
19,[-302.48228189  420.83940247],-719.5250986024434
20,[ 418.98766972 -303.16452262],-718.9808644671533
21,[-302.67875117  420.40525467],-719.4843865464661
22,[ 426.4039625  -299.17761889],-714.3821474059675
23,[ 421.57397695 -302.56267337],-719.4810281143264
24,[-302.99520278  211.01049759],-495.75950913204235
25,[ 420.21293349 -302.58959571],-719.454850722113
26,[-302.96199954  421.36773739],-719.483151817763
27,[-302.51364726  420.96084465],-719.5274159141052
28,[-302.72895091 -302.79334753],-601.0747081704033
29,[420.8831266  420.62609836],-837.9500366851659
30,[209.39441023 429.20060782],-608.3051376241498
31,[ 418.99658    -305.49293373],-717.9204481151901
32,[-304.48673663  419.77588302],-718.8601988016076
33,[418.22068195 203.12209152],-619.8135380884391
34,[ 422.29793639 -302.04383162],-719.2751060857804
35,[203.28759468 203.9716043 ],-403.6479489571565
36,[420.9822237  421.28678162],-837.9529871148472
37,[-304.23277279 -303.23531628],-600.6555298552471
38,[203.81617362 421.059061  ],-620.8250754031905
39,[ 420.64373216 -302.06575979],-719.4874171946688
40,[420.97232692 420.8568164 ],-837.9641921291075
41,[-307.16654067  418.37197578],-715.9466184455773
42,[ 421.14583975 -302.35402824],-719.5197834276901
43,[422.93152457 203.73611251],-620.3389322058164
44,[-300.82217236  408.48721292],-699.7516144817221
45,[424.09661881 417.83076287],-835.4899624747738
46,[ 417.39408948 -304.16758201],-717.5763447951462
47,[423.44496909 420.17514029],-837.1121137740133
48,[421.30307901 420.07325876],-837.8505208486954
49,[-305.01838496  422.27799249],-718.5229733200179
