,best_x,best_energy,t_init,running_time
0,"[-122.29969768  199.65842083  203.63185644  205.06195052  414.50026866
  422.25669791]",-1557.6924134325495,318.5959874445759,0.522031
1,"[ 421.55561802 -305.96927863  422.89305436  206.91855593  424.80014565
 -300.44243581]",-2054.2341643590466,208.709390824502,0.686908
2,"[-305.58282484  204.57717498  201.25679396  420.09631613 -304.1574639
 -302.99295275]",-1721.750622799337,252.55874576176228,0.530444
3,"[-295.60166488  199.68523538  215.29300218  195.23805508  418.76839397
  431.78320385]",-1694.5597288101337,271.84730128155985,0.48524
4,"[-298.45511019 -300.23970363 -304.29970235  420.06060939  199.11125368
 -298.81349905]",-1815.2088800697493,314.73812107590845,0.497562
5,"[-296.25262509   60.41855532 -305.70137146 -305.91767299  197.1423559
  202.7385805 ]",-1352.08602663748,322.4010120482117,0.476234
6,"[ 197.03709173 -291.54017158  430.71068577  418.22756693 -290.58244042
  211.96076407]",-1782.7567779333585,282.144698783536,0.464994
7,"[ 424.87743956 -306.13161709  230.91407115 -306.65203886  402.07198465
  415.80683101]",-1918.1805753661745,370.7938586351254,0.511004
8,"[ 423.46532346 -124.10069452  203.33669187  424.15206828  421.32708968
 -307.56147871]",-1876.8169271208676,222.8679315926948,0.530028
9,"[ 416.02155751 -299.84619654 -298.6416992   418.32576394  416.3559376
  197.23599095]",-2044.9727846859846,493.70848740825943,0.556886
10,"[ 420.87918548  205.89751157 -300.22575227 -302.33552035 -302.12235896
  424.41128013]",-1938.6979665513381,166.47264008247387,0.594332
11,"[-300.0247356   417.66998432  198.39033687 -499.50654348 -498.80508559
  426.46854863]",-1673.5705248652466,314.68338339351175,0.711094
12,"[ 418.74775149 -291.76050715  418.66577673 -295.89422598 -304.071668
  207.05065464]",-1918.5105707261685,224.66918686984806,0.490049
13,"[ 203.63392713 -299.30400621  422.12436494  421.05313815  419.19188294
 -295.37163234]",-2051.5662593373763,218.20765979398016,0.559996
14,"[-130.09758937 -303.95466753 -499.9126465   207.10374615  203.77979865
  412.70220968]",-1411.9462013592574,237.44030860676776,0.657627
15,"[-298.06037706 -304.74985922 -305.25739959  417.50408485  204.73780303
  420.29729774]",-1935.6765667411214,289.34848150053085,0.730017
16,"[ 427.53515925  419.07621706 -301.45272048  205.97513256  423.03370505
 -130.0335291 ]",-1871.5404550848607,208.74001289038225,0.598988
17,"[ 426.27023794 -298.0019519  -303.17761023  430.15874348 -307.64119282
  415.55095575]",-2134.7405402729296,205.1783880523501,0.564228
18,"[-304.59816863 -129.79892749 -300.45159415 -303.15161013  424.01614078
  203.36132531]",-1639.8086019449606,217.66778305302245,0.492009
19,"[-124.06057662  418.97755469  417.46235263  201.41377664  200.7690152
  419.02775477]",-1779.0016806846404,177.85391829656666,0.532988
20,"[-121.05198999 -304.67125903 -295.97498699 -301.2938049   422.08219745
  420.65684692]",-1854.3061950886963,252.62594549540134,0.526306
21,"[ 194.34034099  430.05520959 -125.58860942 -307.93627289  219.19620973
 -296.61863329]",-1487.023109201055,299.8865723742706,0.536516
22,"[-304.56962148  206.63381534  425.03613834  205.30536745  420.94582978
 -304.48982976]",-1838.3349029401957,283.38918947401123,0.523002
23,"[ 423.43608181 -305.667661   -302.19284683 -308.0223754  -301.00452083
  418.50297298]",-2033.2201228926156,289.519075478002,0.482998
24,"[ 205.60749687  417.88026036  202.38985259  199.58688871  425.20918997
 -303.51444229]",-1737.5096399677986,302.2794776138218,0.540928
25,"[-300.01951872 -299.60494639  206.92512028 -301.4277736   419.98571965
  200.09454541]",-1719.167154747379,305.09577017441904,0.547073
26,"[ 208.70925607  422.96966081  431.74686221 -302.47539077 -302.96331683
  437.46162424]",-2007.5808828733125,424.3731287469611,0.532987
27,"[-307.36462824  429.43193469 -297.66951586 -300.62565044  420.37573901
  203.11843033]",-1925.9032411793632,427.22933055606757,0.502221
28,"[200.66363695 416.32732811 201.31461635 423.42188333 416.09398685
 206.47960352]",-1853.057370670204,250.37210317176712,0.518788
29,"[-300.7828297   418.37973583  204.27632383  206.94313274 -298.02296667
  200.87044225]",-1619.4386820145298,264.297364206576,0.500985
30,"[-304.95897499 -304.55492968  208.33218305  205.63750797  421.52824827
  418.46586681]",-1837.6103549662776,275.2854531482547,0.483002
31,"[ 407.71678264  188.38890049  412.18615582 -498.80370411  422.94741646
  423.93182262]",-1983.109030654787,314.0603164474077,0.520993
32,"[ 198.24324071 -304.84058556 -124.29567754 -296.54926316  418.57393762
  205.31301977]",-1536.4872119649324,315.8220405287797,0.537984
33,"[ 423.21430871 -305.83742506 -304.8160964  -303.30022401  206.53755182
  422.42875188]",-1937.458016590018,259.4979128592078,0.567924
34,"[ 417.36753949  206.84011326 -296.59228645  209.01370228 -299.6680536
 -300.19592403]",-1711.9026660431348,529.032116534665,0.626782
35,"[-301.59366648  201.56607788 -123.15713385 -304.4304257  -303.55426661
  208.49833498]",-1423.6900619596079,215.01459464370922,0.623202
36,"[ 425.61417217  418.72864917 -302.72072346  204.89804858 -304.2670529
 -303.06641853]",-1937.508777409743,216.89445743738247,0.621991
37,"[-494.09237086 -312.03968273 -295.03138328  217.67071439 -299.85789179
  428.60144107]",-1587.4854110783128,360.38523334340744,0.617785
38,"[-299.4033608   422.85411397  416.62522096 -300.96889194  203.19631839
  425.40792147]",-2052.983308490341,339.26557647637014,0.498565
39,"[ 420.64325867 -306.46714379  422.31285952 -302.9502967   418.87034656
  423.71552954]",-2273.2784301206784,384.06332956967105,0.500735
40,"[-296.74298232  418.3975957   206.60542168  414.85589969  420.45564804
 -299.32494418]",-2047.8208665331204,498.6632812130147,0.492543
41,"[-299.23932027 -127.76313794  422.48687613 -305.84268835  415.91642894
  208.20688325]",-1753.9391477341762,326.3061135390286,0.518543
42,"[ 206.71356734 -121.23415239  206.02155066  431.71016085 -300.53672622
 -304.71393887]",-1527.6420928824787,212.84210016526046,0.461054
43,"[-297.98243356  207.48919709  424.91229817 -123.16648675  414.48335717
 -296.18809814]",-1746.7913615684167,320.4899005652103,0.475016
44,"[ 418.34178555  419.02807547  421.09763993 -127.22833475 -300.1750257
 -307.43447047]",-1975.0703181233264,412.7792829307456,0.472987
45,"[-278.90693292 -325.0250481   436.49287932 -304.73526922  212.14177348
  459.44927827]",-1595.783705604673,341.2106118137629,0.502043
46,"[ 418.96835684 -303.59003595  415.84518226 -300.33144271  198.61950406
 -305.63767905]",-1932.240975575122,234.17396445429233,0.496986
47,"[-304.57637672 -297.1425261  -304.63573123 -306.32311821  416.33520602
  199.35663165]",-1811.206895805856,337.36999062228085,0.508375
48,"[-314.07512679  200.22216914 -122.09743912 -298.88152534  208.21796365
 -298.04168266]",-1402.072168180682,191.33202327611517,0.472987
49,"[ 423.04031078  425.72914833 -302.48167435 -302.68928347  419.87243817
  416.90180379]",-2271.3800344853776,307.56504853886423,0.47601
