,best_x,best_energy,t_init,running_time
0,[-130.03322295 -127.57181084],-241.28265307485168,82.34075682807186,0.511494
1,[ 420.93474725 -302.54939016],-719.5272183341536,79.57459783552962,0.504739
2,[-124.82961794 -124.75734065],-245.75167826518395,58.8000896683064,0.509906
3,[-302.44951754  203.8100927 ],-502.3870480234099,52.76267173628538,0.52947
4,[-124.75350942 -302.61989679],-423.4188422832022,76.57846462402965,0.53576
5,[-302.7266759  -302.58689561],-601.0834642423358,168.53356331771778,0.502243
6,[  65.5999141 -302.4740935],-364.1788483650496,84.88085053745752,0.505925
7,[ 420.05794412 -499.99724708],-599.4377144856911,188.43302875438647,0.562677
8,[203.83080727 203.80914413],-403.686397513257,31.994938529412817,0.500001
9,[-302.35738504 -302.37687654],-601.0827743018824,206.27270171731146,0.499946
10,[65.66511329 65.58209612],-127.26798728739466,55.72653322878303,0.506168
11,[-124.79651618  203.91353387],-324.7179961271768,131.0312745025043,0.507086
12,[420.98921803  65.57461678],-482.61772154047895,65.79151727531068,0.513907
13,[  65.56098231 -124.93318899],-186.50974217520059,37.75424418562273,0.521064
14,[-124.78747208 -124.70227207],-245.75003840197812,159.58625016277648,0.69679
15,[  65.6196053  -302.57805927],-364.17849536304203,21.772197733067138,0.756103
16,[421.07368913 421.09851855],-837.9622596935835,127.10189420539373,0.58486
17,[ 420.79982794 -124.75632063],-541.8547727449733,81.71308297700978,0.525352
18,[ 203.70249307 -302.61829392],-502.3850751252584,88.79387764400097,0.510754
19,[-124.76430259  420.99068558],-541.8584543417164,102.22787642754899,0.531644
20,[-302.32042014  203.87944567],-502.3819323733352,159.33806004018396,0.522777
21,[-302.37704894  421.07622555],-719.5232126707779,109.4278775111888,0.545533
22,[420.76268603 203.74839857],-620.8201951007129,170.9298338487095,0.552334
23,[ 421.05200469 -124.72842506],-541.8568725071478,73.52827674640407,0.56479
24,[-124.81324448  203.85003684],-324.71919473299226,80.88090983165601,0.617714
25,[-499.98787456 -499.98015459],-360.833437673595,91.42084211104273,0.742073
26,[ 65.56777365 420.78975112],-482.61377417441435,48.0879595494383,0.536392
27,[-302.06078885 -499.98992364],-480.9977402511795,237.88966381725066,0.620885
28,[-302.47513902 -124.69049784],-423.4179260300541,107.19284385126193,0.521927
29,[421.03136333 203.82237827],-620.8256019773189,88.57962115614927,0.514506
30,[-302.47211643 -302.46042442],-601.0882249663066,76.97549867802259,0.505912
31,[ 420.82101422 -124.78530593],-541.8560567944699,132.9078609712299,0.53152
32,[ 204.01824702 -499.99925283],-382.41901293504554,218.02249771240704,0.554953
33,[65.52597489 65.61839214],-127.26924147062145,36.070465884162715,0.528807
34,[ 421.43188317 -499.99448517],-599.4854871769066,242.23417883084102,0.565393
35,[  65.49902069 -124.80242487],-186.51074594660548,23.140474507445152,0.508768
36,[203.82984596 421.01575681],-620.825795299513,76.29514968527168,0.519947
37,[-302.51880732   65.62094762],-364.1788222675907,28.09178374910514,0.515181
38,[ 65.42923083 203.72951381],-265.4754210425381,28.00288291036633,0.548076
39,[ 420.84696239 -125.03888821],-541.8515262784538,139.72536351289355,0.508281
40,[-124.76672638  420.82050646],-541.8557822527812,180.9969180018709,0.512552
41,[-302.56885315  420.99097959],-719.5271332837656,54.791718079517125,0.525303
42,[420.86533821 203.88689928],-620.8240833152457,108.14070771135891,0.50888
43,[-124.52657778 -302.70588163],-423.4047615417638,209.09873223755895,0.634734
44,[420.85118074 420.87770665],-837.9629847561573,78.0321202494776,0.700002
45,[ 204.23098449 -499.99814287],-382.3902059861772,90.13617412233667,0.742454
46,[ 203.79483102 -124.84213577],-324.71932226718167,50.53490674785085,0.677564
47,[-499.9980725 -302.4691324],-481.1125251987566,109.49160587315697,0.615717
48,[-302.67713909 -499.99523618],-481.0793899915516,124.45211303471432,0.698304
49,[ 65.71054436 421.11876003],-482.61152274235764,54.336775486221846,0.681073
