,best_x,best_energy,t_init,running_time
0,"[ 404.24084112 -306.36724273  433.37325496  409.55056703 -307.4065457
 -293.90243866]",-2074.152835784398,459.89599337443366,0.688199
1,"[-302.56803657  422.95777624 -296.85764288 -312.0188421   434.42653363
 -289.08229591]",-1979.0019700949688,498.48754867117873,0.633425
2,"[ 433.08590694  440.50366574  439.68182616  420.38197541  400.38234648
 -291.15030527]",-2217.543838627766,428.45589909797275,0.54711
3,"[ 419.6345658   430.76408627 -277.90870398  423.53472886  412.72656321
 -324.08136609]",-2125.2411070264425,493.48056495470246,0.628916
4,"[ 438.68442507  402.25855662  400.92323886  425.63189848 -310.07039741
  442.04119036]",-2198.627176814532,415.3426676106855,0.501075
5,"[ 418.91184797  409.99173148  427.39074811  204.23198565 -310.83805758
  414.72816526]",-2143.868580245932,395.3321748555858,0.49893
6,"[ 397.58248849  433.76185837 -293.33833187  408.47718761 -312.25697618
  195.55641619]",-1922.2434631368078,460.5254056368158,0.543184
7,"[ 426.71700246 -318.41772144 -300.28915963  419.17289884  401.96536533
  426.41802131]",-2191.956853606975,405.1095078003973,0.500817
8,"[-286.6457632   419.95569368  426.52784005 -321.16788848 -286.87798783
  430.87499839]",-2037.4762217527473,444.7551413326852,0.498005
9,"[-287.88489971  416.67328244  423.40738283  415.41970794  434.14565148
 -306.46027313]",-2219.760242203184,474.23119086608114,0.53656
10,"[-285.94505781  415.01006079  425.26488777  426.60973409  415.98585271
  425.80271907]",-2344.7437279398823,409.9046422814634,0.503305
11,"[ 423.16860527 -327.22671442  420.18944536 -303.1602254   415.38349978
  431.91119625]",-2182.201873934149,539.9894842074715,0.478523
12,"[ 440.45498867  423.19324192  435.84417391 -312.50255835  209.84586022
 -310.8064018 ]",-1958.1994274432798,455.37132603837364,0.466212
13,"[ 417.60193426 -309.27046142  437.72825356  420.08457758  406.82236218
 -302.13071767]",-2209.673088797105,360.77055109047643,0.467909
14,"[-290.52786525  422.98826719 -299.73641904  417.16795812  435.09721454
  411.97294998]",-2220.568487188006,427.74862209467653,0.454877
15,"[ 422.51151945  395.98401778 -292.27188077  422.42269049  436.57434148
  413.43739374]",-2268.5521308916623,457.60977083132144,0.472
16,"[ 420.56736332  411.72470422  435.18232731  406.52913541  413.76030667
 -285.16005655]",-2289.934120449101,462.5412222576624,0.469025
17,"[-317.16989181 -310.38235592  440.31923255  418.44839475  419.11692261
  411.3378649 ]",-2182.6699112202446,394.312893183678,0.474975
18,"[ 429.87508177 -307.43562402  427.74079593  439.84291412  419.51122219
  414.59288322]",-2326.7503354835353,429.2991871538572,0.464
19,"[ 411.32579708 -299.9942863   407.33347522  421.5022631  -290.35933806
  396.38064137]",-2149.7510606786036,498.9002822851993,0.471414
20,"[ 419.45706481 -297.2509346   411.92267992  414.58984961 -300.6312462
  419.04547228]",-2256.9482114310727,324.7250421786289,0.452694
21,"[ 421.88215145  406.54116275 -299.32148044 -285.80858225 -298.51969575
  439.79777051]",-2050.6592486748264,383.8452018281063,0.494152
22,"[ 433.64146489 -277.79467106  426.9002183   420.05949632  398.52772586
 -283.65759286]",-2074.2856256297737,491.3500856632412,0.464085
23,"[ 424.81276136  458.4105999  -306.89057228  422.67309381  409.58417192
 -300.80433093]",-2088.2975602883967,372.7262052014015,0.465657
24,"[ 427.30501878  429.52813962  406.17119919  416.20322376 -308.51048354
  428.59762887]",-2339.2406283230453,425.1433490476622,0.473664
25,"[-118.32414786 -294.71451388  412.06575161  421.85214661  436.17291321
 -316.94766385]",-1902.6839483411945,482.865021511721,0.471046
26,"[ 442.30359483 -288.49535731  398.51565262 -324.67444613  445.49613618
  411.12769382]",-1987.2836223916825,346.9846616911725,0.471928
27,"[ 429.39946415 -301.37663428  428.27695463  418.50111233  406.98804107
  424.85964344]",-2352.6187167799503,573.6651478055744,0.533165
28,"[ 391.48380382  417.05056534  389.62410786  381.68734062  428.94623012
 -285.78211931]",-1954.1328872172153,493.4084148974696,0.558526
29,"[-135.27751379  422.95350798 -324.42686041  407.47380053  430.21538648
  428.27347152]",-1985.2371127160434,417.28719349356334,0.54602
30,"[ 425.00388417  447.24257209 -301.63681788  416.53012483  186.1345055
  415.96473801]",-2047.5260066034532,482.27107514260985,0.722148
31,"[ 423.68218884 -307.32322314  427.38499175  414.1628309   432.92286529
  426.98341288]",-2358.0446497927533,403.3529193363428,0.624111
32,"[ 428.77387988  431.3272328   433.91734056 -138.30112326  401.58076753
  429.4582481 ]",-2097.159928560736,534.1560270427773,0.664021
33,"[ 415.88303192  415.05281859 -306.6700179   432.18625102  408.47086641
  414.90057823]",-2345.6963302142644,333.84974195343864,0.517538
34,"[ 412.96222779 -296.02426045  435.00764724  412.04502615  423.08814587
  428.45993206]",-2339.721330481309,412.8071545099229,0.481034
35,"[ 429.34775412  405.67925488  434.37634641  408.38266987 -314.59560045
  400.88290154]",-2247.434412263384,356.99471836152844,0.566977
36,"[ 416.76613402  430.51164997  428.03187341  401.02198813  411.36979656
 -315.66816265]",-2293.3489079568744,416.0721514178022,0.550007
37,"[ 449.79913227 -290.81765201 -313.25685593  428.1722456   411.72937625
 -287.27740367]",-1979.1982705271466,529.6787686417734,0.491991
38,"[ 417.31087439  440.28941877  217.53080033  419.94692673  413.47109406
 -301.50969896]",-2098.972110486583,366.2054025467539,0.535991
39,"[ 411.71336112 -285.46582448 -291.46617348 -311.33029966  413.17466656
  412.68395312]",-2070.79655883752,446.7223625402425,0.469014
40,"[ 415.65095753  208.94925518  413.56018126  411.62361016  422.85606125
 -304.41258751]",-2152.679276146368,415.4350211789524,0.575007
41,"[ 426.12924923 -296.83657581  420.4575453  -292.03624246  179.84393366
  404.34478497]",-1937.0817450620389,453.8088094072568,0.717327
42,"[-317.13014687 -290.01702042 -301.66882172  430.84355172  432.01432657
  432.54005963]",-2067.6865719859975,499.15894258256196,0.636356
43,"[ 433.82424056 -287.26962535  402.66248738 -116.6109091   426.45053402
 -281.22192508]",-1822.807166510136,371.1441946851899,0.567006
44,"[ 427.74472695  416.57655926 -286.203203    391.77163382  423.13034398
 -302.14000711]",-2133.6183179560926,475.2806813055173,0.537825
45,"[ 423.2748774   427.51957326 -305.25915936  427.20117909  417.27161657
  440.57673812]",-2333.839994010683,467.78892252161296,0.481978
46,"[-277.62616002 -298.05976236  424.17883766  438.48128206  419.39673433
  423.84011556]",-2159.4294219253393,403.89792100382243,0.456016
47,"[-305.53712062  444.50077577  408.12998358  409.62379031  431.86898239
 -333.15647238]",-2042.4501205570461,441.0217475169289,0.471994
48,"[-307.62647099  403.71324363  415.62853536  439.63628584  445.07408204
  424.3047395 ]",-2234.9739233316827,439.58523861012145,0.466001
49,"[-280.31097885  425.23632279  422.19547342  410.39691389  432.66590747
 -313.45260757]",-2168.672010743839,458.7361370338927,0.480534
