,best_x,best_energy,t_init
0,"[-278.4709336  -149.96074077    2.40297166 -481.07618984 -321.36258367
  101.46313091]",-448.09839521929325,1296.2444090825304
1,"[ 463.10578274 -315.95422883  424.82911634  179.2449202    54.73008053
 -414.07251557]",-672.5897655352288,1474.1134298051652
2,"[ 365.00596768  -84.88802452  142.69432521  422.75470059  383.88213196
 -474.79787581]",-574.9027154688146,1463.4914651352005
3,"[-315.62713488  225.61733993 -333.38608433  161.68194977  179.80170292
  361.45167301]",-824.3784752882841,1480.5325692259025
4,"[-206.64657977 -333.69509005 -345.67481066  441.46133754 -405.20034001
   82.55838639]",-76.52034066740819,1313.5583951161611
5,"[-334.76222713  -16.82750165 -115.46743298   -9.08643016   -4.61101298
  196.30774367]",-491.2413933687865,1218.8224031803618
6,"[ 222.70763772 -240.41868119  -67.0528495   345.93785038 -495.82979237
  285.21367587]",168.56553252541983,1354.2360612052662
7,"[ 475.51806597 -388.7201141   353.58479708 -295.8942191   146.84632556
  413.66889603]",-418.64852137870406,1159.4889398813395
8,"[ -76.48044954  220.5835053  -131.45946206  434.94358266    0.91500795
  420.87031483]",-1049.899759483903,1407.20084257175
9,"[-308.13402931 -485.20254343  417.60292737  474.97081294  368.93958888
 -479.83995522]",-912.9667995407559,1386.5282933196743
10,"[ 140.07603416   57.13698444   20.8406824  -482.41432597  438.09157053
  424.7299384 ]",-726.8853296071636,1264.4073646996462
11,"[-106.57131615  202.16869448 -253.06253696 -268.09321987 -333.37017973
  400.40095568]",-1053.656728983527,1390.8146911988044
12,"[ 391.78136868  231.54657855   29.12958115 -156.47312692 -336.18607837
  424.7865016 ]",-995.433936314063,1399.1004198428343
13,"[  79.38210872  -32.31312781  190.37729877  200.71387484 -132.97061506
 -341.15123481]",-678.1073344430961,954.3427621665926
14,"[  -1.37889372  192.14273533 -489.05922712 -486.10047047  414.73502093
  414.26826319]",-1098.7958922184391,1266.357674502017
15,"[-105.72982846 -304.78800182  144.31848665  442.33157983   73.83939675
  392.31028367]",-1041.6077057409852,1244.1221429864345
16,"[ 234.23584224  327.76351703 -283.61312028 -175.16854965  467.34778457
  -91.33307879]",-200.15405647468168,1268.3861049296752
17,"[ 407.56900151 -119.19366592   74.94590045  225.44750809  -24.11733901
  410.93365231]",-1141.5944216162684,1164.7102891566317
18,"[ 251.20774038 -367.34811557   -8.52843373  416.60873415  352.84895906
  100.11626181]",-186.87393053852773,1296.2102062200522
19,"[-138.02827602  484.43375856  369.19658291  196.38201442  207.49085723
  483.05120589]",-624.5625946202101,1427.251867062958
20,"[-168.16954782  209.50967518 -357.79452702 -306.79175637  413.16802825
  157.29737645]",-814.1266988077945,1090.5333504297682
21,"[-302.90346128  373.15963332 -486.77536029 -105.11541477  472.21482019
 -311.5062368 ]",-993.167413251081,1131.6574246768548
22,"[402.15019879 149.61965613 425.55641493 204.6257036  255.18352451
  59.07891688]",-935.4339847457818,1447.8748101831395
23,"[ 391.08923247   -2.39314677  113.57401312 -323.91898911  -74.54745557
  450.56905852]",-705.7765219881021,1177.2190953533875
24,"[ -63.77337595  434.86801171  255.50270209  391.26676687  110.86217976
 -325.22211234]",-713.3993004257852,1280.8948775325714
25,"[-490.6521453  -459.90839901 -128.25379999 -177.30508347  377.5176154
 -482.34109545]",-32.89126522483757,1299.1133494744108
26,"[  17.07029845  417.01186994  451.51274374  127.67008927 -430.43146973
 -273.32541743]",-379.1306833781688,1080.8944789822108
27,"[-310.91260482 -498.26741545  435.15491679 -256.67345245   54.68222884
  363.68007352]",-1054.8908964257043,1175.6973387879948
28,"[-191.15876644 -320.88036343 -128.164157     16.99308722  490.34067877
 -315.07636758]",-389.9878421115399,1335.1771548807085
29,"[ 405.58757039  221.05106903 -108.23409787   71.18082986 -145.53091779
 -236.42466307]",-696.6308217654714,1247.5125085393274
30,"[-275.09546147 -333.18200517  223.58127105   44.27696849  325.11067457
  149.80323061]",-282.5748552790052,1546.1870176483133
31,"[ -30.88383964 -110.22294092  335.41163108 -323.69046933  393.26515852
  269.71773957]",-341.2622316213983,1104.496832934212
32,"[ 464.98451673 -498.38077133    8.58488658  210.90285106  402.53590599
 -341.22093928]",-1056.021304078402,1491.5204786192458
33,"[ 109.54954291    6.56763099 -497.53958792 -425.78552984 -120.6231591
  398.65781542]",-125.74609197044384,905.0473460707847
34,"[ 460.54678899 -490.21042401 -254.74653332  159.97809482 -416.23378463
   67.50931116]",-29.939986635523795,1076.4156415099537
35,"[-310.11925862   92.3107238  -289.46717058 -150.70013965  -83.11698322
 -369.76750768]",-436.6715865391721,1198.137004621946
36,"[ 172.11779862  394.04897089 -356.6752854    75.55775891  -52.20436809
 -405.10437281]",-29.75526153076538,1183.3289582897635
37,"[-338.22314517 -112.768636   -297.1211415  -217.12302763 -286.16431674
  465.25487138]",-829.9321430995358,1314.57673059214
38,"[ -30.55044708  -11.85121395 -300.36968334  438.84576449  -36.05066023
   88.02423696]",-717.1248067400594,1035.6426388956215
39,"[ 289.62058184 -131.34559193  496.95836536  430.32038986  418.90556512
  405.85070352]",-907.0627083489971,1415.5743425796302
40,"[ 4.38677470e+01  3.20873369e+02 -3.71410758e+02  2.08136380e+02
  2.81864539e-01  4.38156820e+02]",-185.4749402254757,1117.7254138212547
41,"[-263.41160224  395.21124207    6.53019076 -299.3852166   454.32797577
  224.61290262]",-1205.7193657315572,1332.3219553155652
42,"[439.64718704 248.40740214 468.06873927 330.53922514 460.57943979
 225.62507605]",-696.5125141515863,1242.8176435932621
43,"[-179.6386896  -311.93578067  110.25173222  441.41825971  378.2426647
   57.00725099]",-693.5141828112476,1243.9077989749283
44,"[ 254.90219934  449.86423381  263.33024884  417.60759697   77.61476626
 -422.10538399]",-164.56864592577966,1474.9827431473975
45,"[  35.0547405  -476.2830448   405.70254742 -251.5980548   -32.4429159
  351.74414621]",-321.65697136444794,1142.9011689952613
46,"[ 390.24360491  -38.50750565  438.52501851 -455.24586638  -68.67881475
   24.47267212]",-326.98855629647363,1191.808326493015
47,"[-444.86273073 -341.1087473  -320.3239917  -277.79821154  416.40091589
  109.77348161]",-587.7407401631281,1177.654213168216
48,"[-237.10758618 -437.27565586  177.90447815   65.05359424   38.67834061
 -307.26555084]",-24.97198498113619,1434.9779876241712
49,"[ 182.66792376  402.35248378 -308.55512524 -231.81103372  489.62029036
  245.62597162]",-655.4013419804016,1432.2679597521499
