,best_x,best_energy
0,"[ 441.78192319 -180.24320298  106.07445076 -453.86777943 -151.37837061
  200.66014399]",-99.24119867372411
1,"[ 443.15859202 -427.00557602  386.7430579   -15.26116136  203.0607152
 -336.49145512]",-600.6020297732356
2,"[  59.74957572  -50.13721053  422.32715444  455.85129377 -117.01104054
 -132.51421073]",-944.9840756365205
3,"[-363.76286114  211.91444844 -121.43150494  368.06732931  257.29690402
  379.93695236]",-499.2673049719038
4,"[-136.00427899 -139.94310634 -322.7735538    31.08516648 -225.42114212
  -13.42338679]",-292.7470950609184
5,"[-319.05885495 -218.35793356  -89.90187192  411.00337189   43.29574547
  442.59614385]",-876.2665553388434
6,"[ 148.61805178 -198.67579666  -47.42218662  208.8089768  -315.40936997
  261.08188229]",-84.80035026413057
7,"[ 484.51501646 -399.80501703  213.48496742 -357.01735514  141.23979854
  406.4764117 ]",-103.49661184675728
8,"[151.37219801 342.77844613 -65.27389444 221.73080148 355.13116229
 164.14848452]",15.776714534293859
9,"[-294.3361857  -492.05671037  456.86062561  497.60356644  434.29474232
 -489.03490884]",-951.9875760898176
10,"[ 198.58030781  198.27318687    3.05420237 -378.20237688  -31.69617591
  439.34791297]",-582.4935006206534
11,"[-106.57131615  202.16869448 -253.06253696 -268.09321987 -333.37017973
  400.40095568]",-1053.656728983527
12,"[ 283.77944175  155.51902044  370.9708481  -264.33486675 -305.34871886
 -300.94916281]",-613.8100244775352
13,"[ 449.0222725   -96.74730285  219.43530765  214.93843036  -39.22684959
 -362.94101982]",-646.5540231187537
14,"[   6.18162117  313.92953892 -481.03330064 -441.53940315  393.60263547
  490.24092259]",419.1878723872722
15,"[ -34.24610414 -307.40644156  292.3360784   396.28566063   10.97831905
  -12.89058849]",-373.17900904155647
16,"[ 303.61792439 -286.73048047 -241.314138   -107.2031553   412.74544566
 -115.11318017]",-535.1153360612266
17,"[ 411.77044752 -471.67514293  431.39573664  441.7847841  -304.43744971
  -92.32883357]",-1368.4828720571945
18,"[ 197.46088585 -150.68401976 -113.72598839 -324.07409955  326.03553408
  196.60368838]",-553.4381628923086
19,"[-103.71868395  493.75953105  372.8466467   243.25908052  206.77310377
  435.67279797]",-744.0408648403491
20,"[-374.5640767   465.40479379 -414.62645677  -21.06974618  406.4897186
  397.54428741]",-360.1817906022505
21,"[-297.69953433  273.83513148 -470.33009191  -17.96181528  431.13252429
 -280.01448407]",-614.2594036878296
22,"[429.99391165 157.52728494 376.49613357 225.99689669 217.98055585
  33.57610268]",-906.2847393319665
23,"[ 314.19592374  195.75653954  416.43232657 -253.75746443 -125.40143624
  454.92199839]",-785.1055471036998
24,"[ 351.47320245  205.72791871  412.51715644  390.05949304   95.60374073
 -162.91235299]",-816.2873319599152
25,"[-495.14569394 -313.404035   -124.29941885 -147.66820482  263.53797712
 -457.31261896]",-202.6647250236269
26,"[  10.14935761  445.53899639  449.87056214 -387.56114315 -494.37731664
 -301.9421015 ]",-792.4489525036412
27,"[-379.28084213 -467.07430362  440.55045425 -178.82800219  -95.63566178
  407.69267084]",-277.3299133000145
28,"[-215.80991266 -154.42073632 -162.38243792   67.16596409  440.64769522
 -313.62258184]",-528.3379949125749
29,"[427.51151135 -76.89015673 437.97640036 126.37712167 378.54765608
 462.61884107]",-1057.405589196368
30,"[-440.0760869  -322.34263031  214.40639678   84.4045739   187.81087693
  188.84501595]",-430.47397169041494
31,"[ 423.51118105   59.3440063   199.353261   -253.61755444  274.31351151
  313.9303936 ]",-239.85778280270824
32,"[ 309.89336308 -483.22280553  396.47227083  273.96375469  340.68328946
 -467.6110579 ]",454.2323630200681
33,"[ 128.98724479  -56.06260516 -337.77055328 -484.2313788  -236.29116832
  404.95497253]",-296.41881975063154
34,"[ 424.64880287 -235.26259953 -199.22357753  271.63641485 -130.82147202
 -302.35909195]",-362.1109627709503
35,"[ -29.71032983   79.93354135   72.05395689 -135.95080093  -44.54831565
 -314.47979457]",-489.7835557091815
36,"[  15.83305119  376.78143537 -294.33675621   97.36582058   47.11429944
 -482.0196511 ]",-447.6249102607971
37,"[-432.59861503  -94.66352042 -333.0276105  -146.38600494 -310.93754141
  422.4081482 ]",-590.8898003987681
38,"[ 195.4170752   384.31875189  -23.23979835 -108.81379539 -322.47926313
  203.97773796]",-1024.0679953805836
39,"[336.28983964 -15.38897244 419.5923981  435.36560947 458.90841605
 444.56932661]",-1255.2121549741096
40,"[  59.32280335  409.90019619 -296.16539783  240.87458568  -51.41843357
   79.84680513]",-800.3959375779416
41,"[-293.12549028  379.25820054   41.7668287  -267.1166394   454.36461028
  227.13722875]",-1096.5707901763487
42,"[ 409.89838539  178.43715864  424.9343249   376.91887328 -473.1978774
  159.46950884]",-1047.6618397023242
43,"[   1.08106911 -370.04015727  432.23661351   -3.81828564  408.19551842
 -115.88323482]",-772.2512155856531
44,"[ 265.39601978  365.78542677  280.09658583  409.11691692 -120.86896544
 -472.88430005]",-121.21863400212975
45,"[  42.50879181 -489.15675808  447.71106429 -306.91453563 -128.46741467
  237.4282866 ]",-891.5489557531497
46,"[-322.8072534  -156.47638284 -123.23220484 -484.51768584 -169.12512034
 -100.37211075]",-375.2195659868829
47,"[ -50.47674356 -313.57979191 -306.57498084 -279.44603496  406.11165943
  141.91394523]",-1088.370616685653
48,"[-136.01511277 -467.66646128  180.94163821   67.51231201  -76.91555898
  -37.9780989 ]",-100.59395060629741
49,"[  59.19889227  443.27272529 -359.25955161 -230.29678934  459.37809699
  293.02549581]",-215.24883174545027
