,best_x,best_energy,t_init,running_time
0,[422.39341729 419.01902961],-837.2303253260852,931.2275801788173,0.711779
1,[422.04262315 417.12875348],-835.9636930068043,696.8010983807144,0.835038
2,[424.18009218 421.39766282],-836.6403245865018,738.4290767610308,0.673714
3,[424.28854458 419.48956765],-836.2981930049541,488.2674277543733,0.653967
4,[420.12583918 419.6789484 ],-837.666359884593,553.5146185208467,0.657014
5,[426.44637247 420.27777611],-834.1172018967252,788.7933834608052,0.637143
6,[420.16490011 418.97070309],-837.3810081079814,592.5297350772573,0.664934
7,[424.59738463 422.00918406],-836.1664499412118,710.6047727751275,0.663001
8,[421.69675345 421.28449559],-837.886299381267,661.1932531771025,0.679019
9,[419.59653257 417.10783127],-835.851553936039,705.805571967181,0.665975
10,[425.42248754 431.47791796],-821.5454594635576,675.8576813434839,0.66381
11,[423.19380555 410.42405004],-823.4458823877014,757.3170354567096,0.649991
12,[419.46146851 424.55528083],-836.0549791677627,844.233905117553,0.623444
13,[422.45620508 420.1164516 ],-837.5948334028126,538.3015123795859,0.616886
14,[423.09132425 417.8617672 ],-836.1808981051743,759.0914235698265,0.612387
15,[420.2396782  423.12864097],-837.3097077983774,781.3136919927254,0.636
16,[421.53331053 421.38429377],-837.9037550122481,733.0109407549626,0.676
17,[421.95032115 422.71479075],-837.4592664637196,697.2775324420485,0.633028
18,[423.03278666 423.44095936],-836.6561776337899,674.6796657859778,0.659011
19,[418.65066524 420.18893649],-837.211808300998,751.6303660294151,0.673959
20,[420.65279191 419.43262263],-837.6556386811621,616.9093306667438,0.934587
21,[409.55804331 415.90578478],-818.4921670040045,619.6971446290181,0.901001
22,[422.92950946 422.7034377 ],-837.100476337505,552.6453019367502,0.734002
23,[423.1115731  420.60591339],-837.3694233831409,836.177305246693,0.740012
24,[416.2255796  418.45885417],-834.3414628765373,465.7332609589451,0.738998
25,[426.80289118 422.91621668],-833.1896829979678,825.6493697462013,0.708537
26,[425.85613713 423.58057924],-834.0882699861252,610.2560930613625,0.646995
27,[419.0303873  424.29830851],-836.0922342384458,675.7240584025292,0.673219
28,[421.36298233 425.38833423],-835.4796713765215,809.3545190739196,0.635986
29,[420.06133278 421.40448534],-837.8379536222028,814.3917522177396,0.666974
30,[424.95712986 421.42825018],-835.9304219746907,695.1619398396309,0.651994
31,[420.83564573 416.57901888],-835.5384874600077,579.3305366378644,0.663996
32,[422.99718207 421.40768182],-837.4219730705903,726.4845209872115,0.692162
33,[422.58854374 421.59985022],-837.5842695197209,815.1487171457903,0.930592
34,[421.77935288 426.36262919],-834.2093932213436,741.1597679957518,0.867339
35,[418.72702027 415.46678662],-833.5265098801565,424.8507847323591,0.723965
36,[421.24352124 415.33503946],-833.9664399994658,653.8455645052741,0.728453
37,[419.64201127 415.58220954],-834.0955514050269,724.9051330834212,0.73103
38,[422.43575941 419.82613897],-837.5294317365463,445.60719479765754,0.746481
39,[417.50561589 422.1967701 ],-836.2649863261124,908.9174503336938,0.719032
40,[415.77723552 421.66206066],-834.5156472080387,663.3829147394016,0.848065
41,[416.25438834 424.33055881],-833.7424176015927,888.6107696125516,0.654001
42,[420.2544313  428.15060511],-831.3917974752945,744.0975405246664,0.632538
43,[423.10692459 421.43238754],-837.3614164189464,651.2961779436114,0.637
44,[415.6445106  419.63974731],-834.1784909699261,955.7490866859264,0.614
45,[418.49428144 422.45391482],-836.91567515372,711.7835312407062,0.651001
46,[419.94012736 418.1194186 ],-836.8094248601386,588.3146694804794,0.637998
47,[416.6001176  421.83286691],-835.4696866583719,458.4884654875313,0.638001
48,[417.03211875 418.45374408],-835.2176783792343,776.6381521961908,0.622566
49,[419.44612828 419.48601626],-837.3962164105122,872.0362917889271,0.638
