,best_x,best_energy,t_init,running_time
0,[421.58544178 417.65566105],-836.5352484179182,931.2275801788173,0.71028
1,[420.52920706 421.94130457],-837.822008764249,696.8010983807144,0.846299
2,[424.25854768 417.97648584],-835.4711401088409,738.4290767610308,0.64801
3,[419.03397409 421.60228039],-837.443209853196,488.2674277543733,0.623999
4,[423.14291249 421.53604213],-837.3283306856473,553.5146185208467,0.639991
5,[426.44637247 420.27777611],-834.1172018967252,788.7933834608052,0.658008
6,[412.58962469 421.37771327],-829.1452974711303,592.5297350772573,0.648288
7,[418.82889279 421.96887502],-837.2623342397089,710.6047727751275,0.650996
8,[423.24124402 425.74259985],-834.4360535403034,661.1932531771025,0.670002
9,[420.07695049 418.20783653],-836.9050007938833,705.805571967181,0.618001
10,[420.34176359 420.57985975],-837.897103727098,675.8576813434839,0.703282
11,[412.64809374 421.06288883],-829.2870344242567,757.3170354567096,0.650641
12,[423.04261812 420.12506488],-837.3329655573266,844.233905117553,0.64508
13,[419.31583772 418.00342812],-836.5135057064205,538.3015123795859,0.642303
14,[418.21590821 422.74054055],-836.614588863217,759.0914235698265,0.644696
15,[422.15965584 421.45764906],-837.7565771235695,781.3136919927254,0.662958
16,[426.63173426 421.42768964],-833.8902447190037,733.0109407549626,0.629
17,[417.48621172 425.4786429 ],-833.8700971682879,697.2775324420485,0.668
18,[423.2431632 423.1914256],-836.6888657114293,674.6796657859778,0.638101
19,[416.24524386 420.74822949],-835.15258060777,751.6303660294151,0.652002
20,[414.03195167 420.7729297 ],-831.9200348621204,616.9093306667438,0.652177
21,[422.01827667 429.75622495],-828.0875418826543,619.6971446290181,0.650821
22,[417.42015455 419.16981338],-835.9719846054979,552.6453019367502,0.655015
23,[424.94610203 424.42962422],-834.4556722801103,836.177305246693,0.635998
24,[424.09682736 420.32899773],-836.6785725153254,465.7332609589451,0.646018
25,[420.01117744 424.97241435],-835.8259899897129,825.6493697462013,0.616969
26,[420.62727043 417.1706629 ],-836.1347931278403,610.2560930613625,0.657539
27,[425.82902628 416.69119647],-832.6800773862119,675.7240584025292,0.637025
28,[419.34102699 418.39686913],-836.7981653886877,809.3545190739196,0.678047
29,[422.8886227  419.96815948],-837.3741373557841,814.3917522177396,0.675979
30,[417.40254385 418.83683244],-835.7913181317588,695.1619398396309,0.699028
31,[420.83564573 416.57901888],-835.5384874600077,579.3305366378644,0.70104
32,[418.71819344 420.97449605],-837.3273686899877,726.4845209872115,0.721012
33,[421.48988432 423.9568198 ],-836.8040682202368,815.1487171457903,0.687001
34,[423.14843892 421.82494307],-837.2733805544694,741.1597679957518,0.782014
35,[417.01170227 417.13017318],-834.1393917567748,424.8507847323591,0.781369
36,[422.55742836 420.83495963],-837.6448858871254,653.8455645052741,0.810038
37,[417.97411278 421.8207914 ],-836.7443635452705,724.9051330834212,0.650998
38,[421.89767668 423.93541961],-836.7455179609324,445.60719479765754,0.620478
39,[428.40569349 420.30529335],-830.9306153233492,908.9174503336938,0.652455
40,[415.77723552 421.66206066],-834.5156472080387,663.3829147394016,0.642854
41,[424.16220616 421.38194638],-836.6564619912219,888.6107696125516,0.65387
42,[424.38943928 422.50147707],-836.1916290314234,744.0975405246664,0.644999
43,[423.40234247 420.18664004],-837.1408293322386,651.2961779436114,0.687135
44,[419.13424262 422.3903729 ],-837.2863543989313,955.7490866859264,0.639034
45,[421.74788361 418.82793233],-837.3114536046294,711.7835312407062,0.653616
46,[417.70784768 418.40991199],-835.8012915671507,588.3146694804794,0.646999
47,[421.18890832 422.43985924],-837.6864498786858,458.4884654875313,0.661151
48,[420.97644369 419.99692163],-837.846644105937,776.6381521961908,0.70801
49,[419.41078808 419.89043937],-837.5130686814773,872.0362917889271,0.803026
