,best_x,best_energy,t_init,running_time
0,"[-250.92940541  408.33398621  447.28044991  434.34505229 -269.73807345
  449.40710703]",-1659.3575157397324,459.89599337443366,0.778
1,"[ 425.80702318 -273.57893176  452.39272895 -319.94713242  436.27864759
  377.34952818]",-1774.8193374487807,498.48754867117873,0.872479
2,"[-254.4088668   415.15361378 -282.3368783   436.90895723  427.00463932
  453.25373674]",-1820.7142236688132,428.45589909797275,0.773993
3,"[-36.85012849 430.96049672 414.28179905 406.32623567 371.79408472
 442.64024154]",-1736.3237774496126,493.48056495470246,0.750025
4,"[-291.64115202 -293.8214208   381.26273774  429.55733912  464.58767371
  455.14124127]",-1699.721452921248,415.3426676106855,0.728019
5,"[433.70393064 368.5645616   72.00439257 399.30928365 418.41510444
 411.09643492]",-1769.1828535164066,395.3321748555858,0.767985
6,"[ 429.85380484  407.60067718 -295.49667947  406.04353439  397.01789567
  474.48254979]",-1939.0468579533233,460.5254056368158,0.725014
7,"[-295.3700271   442.76176045  413.0175964  -331.04981812  445.52749947
 -126.21701937]",-1733.7636605235123,405.1095078003973,0.744415
8,"[428.76530172 407.85675791 433.52089059  32.12394788 430.79039628
 421.99688153]",-2015.18983494727,444.7551413326852,0.774172
9,"[  89.38710529 -318.35463863  454.03015808  421.9811072   424.01772383
  412.94740275]",-1800.6247375358014,474.23119086608114,0.766689
10,"[ 407.51522354  409.17701462  428.61841564  399.69920373 -291.54244049
    4.54545859]",-1862.7130832312298,409.9046422814634,0.758228
11,"[ 437.13712484 -310.7698358  -122.18302025 -299.41835832  433.14934769
  400.55628997]",-1867.6954147129761,539.9894842074715,0.744983
12,"[ 398.10022365   65.00368483  442.65004751 -310.75909334  449.00383102
  440.5260944 ]",-1765.2278719974188,455.37132603837364,0.732009
13,"[-297.16649472  411.64091092  427.22605732  425.29264311  459.63047007
 -299.56576856]",-2076.2041010973344,360.77055109047643,0.756991
14,"[ 427.38697989 -328.02386809  421.06235249  201.69548664 -312.93071138
  389.28237012]",-1841.829331634257,427.74862209467653,0.721011
15,"[ 429.25606022  406.70027381 -230.16879886  438.61063952  206.24399445
  414.1518784 ]",-1680.6285842415064,457.60977083132144,0.727991
16,"[-300.33291827  205.10566291  437.4826562   366.91366392  407.97489554
  414.13300452]",-1807.801797069069,462.5412222576624,0.719999
17,"[ 415.43928478  415.57384758  216.18865901  467.59294913 -111.85124112
  413.9153799 ]",-1695.6912751810698,394.312893183678,0.721999
18,"[ 441.23567951 -132.22528128  212.97962185  431.74392945  428.03913186
  438.18491421]",-1873.696735151167,429.2991871538572,0.722024
19,"[ 435.68411022 -282.3858725   391.17625175  428.18512191  377.87580805
  457.54019664]",-1837.437715469152,498.9002822851993,0.746978
20,"[ 225.58226932 -320.23844846  417.66313157  398.82467947 -295.45127213
  424.83529556]",-1892.754608460506,324.7250421786289,0.723225
21,"[ 424.9048107   439.01166635 -343.5508805  -305.52801043  449.04061941
  427.73820635]",-1936.459835014382,383.8452018281063,0.743023
22,"[421.5304981  432.05604774 375.0529014  425.15788073 412.93062457
 224.4173901 ]",-1984.603206310346,491.3500856632412,0.768203
23,"[ 403.83876731 -318.93827552  399.66883454 -312.30190565  418.60485272
  185.7474448 ]",-1882.0302027596358,372.7262052014015,0.766794
24,"[432.79939994 429.96452511 245.8594829  419.93910741 423.93462138
 444.67973042]",-2003.1153318683623,425.1433490476622,0.741014
25,"[-290.64940912 -303.38426465  405.98382808 -304.97555453   78.38707469
 -290.8854841 ]",-1600.3739315044188,482.865021511721,0.71999
26,"[-278.01643112 -319.38694822 -128.76797785  446.24640367  435.84225243
  383.72392786]",-1604.3344225386654,346.9846616911725,0.739024
27,"[385.21713298 223.26294706 439.64507638 421.9163032  416.13977368
 454.52494141]",-1918.1158063663606,573.6651478055744,0.75293
28,"[-287.27448705 -278.82308279  419.4941822  -115.34129501  404.70448436
 -298.30841903]",-1719.7747863803181,493.4084148974696,0.743977
29,"[ 432.8712695   185.91486661  202.04469228 -279.44489776  420.07352543
 -296.3711644 ]",-1716.6629414580088,417.28719349356334,0.714012
30,"[ -52.67074549  405.8115154   420.21975594  410.57522136 -313.92795635
  397.01186647]",-1804.76467518335,482.27107514260985,0.720008
31,"[ 363.94170813  419.12420304  421.60219193  212.11069473 -279.79972291
 -288.34934046]",-1626.6785389633208,403.3529193363428,0.718982
32,"[ 441.00089748  436.80441866  177.49693649 -283.66000577  417.56393014
  204.23485036]",-1754.723557615329,534.1560270427773,0.735006
33,"[442.35475951 221.0327774  433.22735929 229.16990207 407.63770784
 453.56111145]",-1737.5105426597056,333.84974195343864,0.825202
34,"[ 390.76111482 -275.14237522 -350.887912    422.22570864  432.95388295
 -299.52700631]",-1682.6613210252644,412.8071545099229,0.947592
35,"[-281.40564967  406.60281798  387.72197864  441.00645636  435.14797775
 -276.63618297]",-1912.3167980178991,356.99471836152844,0.925199
36,"[414.5916113  444.99209616 419.9522354  351.05265559 441.41005963
 222.80832544]",-1664.4565347296175,416.0721514178022,0.900067
37,"[459.23006191 417.78507287 432.95359721 429.08079841 391.51305492
 -33.06258311]",-1806.1204080572327,529.6787686417734,0.919032
38,"[-330.11876844 -342.2793158  -287.12171384  415.54287456  389.64051639
  409.35897537]",-1716.0578507125383,366.2054025467539,0.822095
39,"[ 411.30727359  430.04830777 -330.05814671  433.9669205   385.52238795
  374.9321557 ]",-1878.4480063054566,446.7223625402425,0.808038
40,"[456.00268287 442.03526898 400.20032522  97.3131574  433.73421341
 413.37396192]",-1769.9145274272057,415.4350211789524,0.774006
41,"[-330.14161175  424.84510101  421.08596944 -263.44856978  192.55101381
  432.16242373]",-1764.451590983212,453.8088094072568,0.788991
42,"[431.22452265 197.66921422 403.45212798 382.60732922 443.44906755
 462.90843712]",-1801.8559405904768,499.15894258256196,0.825525
43,"[-262.03617309  431.53968424 -271.45905363  413.76149908  468.2425097
  420.57819938]",-1707.3684499752317,371.1441946851899,0.72401
44,"[ 417.41985649  209.66907293  169.71922175  418.39548978 -292.39161658
  421.03301977]",-1815.2413066024897,475.2806813055173,0.72899
45,"[-301.13910636  422.72141291   77.00037873 -316.60765652  404.50885063
  418.4929034 ]",-1844.759854303532,467.78892252161296,0.718
46,"[-294.12173502 -279.95415012 -286.68938449 -334.84884838 -309.13750027
  403.26792246]",-1650.9790600980455,403.89792100382243,0.962195
47,"[407.71426925 216.86736126 418.22328983 216.83859209 423.97124283
  54.20829469]",-1641.4796184849206,441.0217475169289,0.940004
48,"[ 405.12589969  432.68949344  407.96869136 -296.33619285  183.09065384
  215.82476429]",-1817.3096366523773,439.58523861012145,0.817923
49,"[-312.77144595  205.39535496  385.0490692   423.59965275  435.62326281
  438.53241288]",-1948.2218208397946,458.7361370338927,0.80802
