,best_x,best_energy,t_init,running_time
0,[421.44354803 423.64166579],-837.0352015176398,313.2235879462,0.728017
1,[416.8073973  431.63305149],-821.4581352326752,227.2103236878006,0.776882
2,[427.8516241  421.88271166],-831.8808665878416,297.6881617411117,0.645984
3,[426.25380789 416.67535929],-832.1190399980544,147.0303140622166,0.701777
4,[434.19519411 418.74186233],-815.346252128079,195.79483809447663,0.738102
5,[419.99734128 421.52860478],-837.8071953656795,279.45125850590125,0.7121
6,[420.19249382 418.88686091],-837.3434122622978,211.07669267992483,0.71044
7,[419.33342974 421.74527431],-837.5524761276306,233.32767229393667,0.639497
8,[422.22636629 425.44461623],-835.2364211263568,182.78040475580255,0.657215
9,[421.96612639 422.74263207],-837.44294320974,279.6623496572509,0.616019
10,[420.82466322 425.99827548],-834.7690674059204,224.10996879259693,0.614138
11,[421.24871298 421.87408565],-837.8524263469935,251.88278776042148,0.640809
12,[430.4984603 419.7470469],-826.3281079786051,208.08670925785214,0.636048
13,[420.68419421 424.37059183],-836.4942299264046,197.17125698736564,0.655017
14,[423.2439118  424.63399661],-835.61579411759,258.55089121887477,0.620371
15,[421.22180534 422.30423137],-837.7325467850557,222.82944507727882,0.637
16,[423.6094495  424.99060923],-835.0427026343025,269.02491099112524,0.624
17,[425.05281542 428.9418886 ],-827.8388260117272,227.19015110617374,0.624812
18,[420.39033242 422.74162867],-837.526751497559,261.86075906533523,0.642
19,[421.62277443 421.4603216 ],-837.8812896042919,270.75746133209526,0.646028
20,[423.10451641 417.3532788 ],-835.7438048825059,223.9783312744762,0.630969
21,[416.91166227 420.87725991],-835.8927109569423,240.8081403247741,0.653117
22,[427.03214208 418.33467991],-832.4500820677856,202.18478181846336,0.637981
23,[423.71430717 423.85469111],-835.9622757357341,252.57294923734585,0.679667
24,[423.34998271 416.28674454],-834.4917778178956,153.43800410923447,0.633985
25,[420.67669818 417.41443889],-836.3641185366334,259.98599242154523,0.66019
26,[419.09815815 422.05063432],-837.3768930016018,230.1060845783164,0.626379
27,[420.02663994 419.13051907],-837.4278140485766,217.17547898601876,0.631993
28,[420.8324194  416.10908274],-834.9925565351314,277.6179247339853,0.652023
29,[414.48265406 421.14404066],-832.6779403246194,292.7302674576596,0.62207
30,[418.39815736 419.79227426],-836.9585073514131,258.922816568746,0.644995
31,[423.40743003 420.68384052],-837.2046172787557,225.38478816044108,0.653847
32,[421.47001126 423.52800308],-837.1070448718345,285.07658784320944,0.637485
33,[422.34429061 421.91465609],-837.6139781199328,296.50134480516965,0.627524
34,[422.96889194 424.5389833 ],-835.8510893759594,258.802915089282,0.64029
35,[418.78897427 421.24059211],-837.3575456810117,114.81624384548796,0.628983
36,[422.79885956 423.05836147],-836.991618305389,263.06500997510784,0.642273
37,[420.9691503 420.2878115],-837.907283413816,295.62385089495785,0.637047
38,[419.36964011 421.59367172],-837.5940560109848,172.28171467062285,0.709339
39,[415.62848167 422.66806047],-834.0152241634139,315.1898096355127,0.637763
40,[422.72806741 419.08662845],-837.1284212357637,238.6829009264529,0.611986
41,[420.99463168 417.170894  ],-836.1496409862773,345.05034692487527,0.648608
42,[430.13322478 421.08678332],-827.3732735921702,271.8063434575607,0.619931
43,[416.09147589 420.73101907],-834.9662510256924,229.39270774256704,0.905894
44,[415.39760904 425.69693411],-831.2409689813248,347.19395881892325,0.905405
45,[413.46725431 422.59510587],-830.5718464963271,242.01930091390673,0.726019
46,[423.22287104 418.02088289],-836.2294352274697,214.3587361017132,0.746982
47,[418.97005629 422.46992532],-837.1776989378347,155.54902852024375,0.71801
48,[422.96970079 418.24068783],-836.5225128293024,227.51762166557634,0.721538
49,[418.44176354 420.17409145],-837.0813992008549,273.1878573989852,0.658016
