,best_x,best_energy,t_init,running_time
0,[418.90727873 419.60385922],-837.1951549930814,313.2235879462,0.753277
1,[425.43115187 423.02124185],-834.9193839856196,227.2103236878006,0.777642
2,[420.7092809  420.42541784],-837.9200386743495,297.6881617411117,0.675286
3,[418.4704368  422.90168147],-836.7074844014048,147.0303140622166,0.637999
4,[425.46716278 413.7684501 ],-828.9038627517211,195.79483809447663,0.668013
5,[419.32744156 416.51745215],-835.1326873276644,279.45125850590125,0.631988
6,[419.32217546 419.39170389],-837.3103330677689,211.07669267992483,0.623502
7,[421.13945466 420.36700249],-837.9164180533569,233.32767229393667,0.628788
8,[427.8208993  418.80208945],-831.4477921294254,182.78040475580255,0.645
9,[422.24842005 421.03705542],-837.7584673005405,279.6623496572509,0.635
10,[412.61864574 430.18046278],-818.5270037410946,224.10996879259693,0.719
11,[419.85786993 421.26987343],-837.7986911559558,251.88278776042148,0.649
12,[420.58173054 421.93186217],-837.8297928140972,208.08670925785214,0.722148
13,[415.86109856 426.68182763],-830.5638298392321,197.17125698736564,0.627506
14,[419.52692652 416.17751065],-834.8156612937661,258.55089121887477,0.64737
15,[425.50853348 425.29622923],-832.9985522616312,222.82944507727882,0.665542
16,[422.49282798 419.79602767],-837.4990886442881,269.02491099112524,0.641129
17,[421.94624183 425.96295824],-834.6957663631276,227.19015110617374,0.642024
18,[418.76848417 422.30631818],-837.1297161101409,261.86075906533523,0.620196
19,[423.62188988 412.09111804],-827.2056475637642,270.75746133209526,0.672777
20,[421.59473517 422.97889369],-837.4061573947707,223.9783312744762,0.615571
21,[426.96863478 418.32668336],-832.5414246328537,240.8081403247741,0.658978
22,[417.89503258 415.42908897],-832.9175538924285,202.18478181846336,0.709276
23,[418.40331556 417.3365091 ],-835.4750759817234,252.57294923734585,0.646006
24,[411.58436853 427.24747429],-821.9660666285954,153.43800410923447,0.708973
25,[416.91823793 422.77557392],-835.4883065194056,259.98599242154523,0.700055
26,[421.77890848 422.75228289],-837.481327858367,230.1060845783164,0.694019
27,[421.0427332  416.02172586],-834.8866797260305,217.17547898601876,0.646304
28,[418.32708796 420.47698697],-837.0559165578436,277.6179247339853,0.692678
29,[416.89671316 413.881054  ],-829.5729609020002,292.7302674576596,0.657014
30,[413.0587747  420.01539065],-830.0050699990899,258.922816568746,0.685987
31,[425.42037428 418.9383915 ],-834.9437419581994,225.38478816044108,0.971557
32,[418.05871608 422.04112826],-836.7537068316219,285.07658784320944,0.857085
33,[419.2034934  421.28169628],-837.5605409815082,296.50134480516965,0.725023
34,[419.40735638 419.80473068],-837.4874874738969,258.802915089282,0.795308
35,[424.68173053 421.27160487],-836.213319666454,114.81624384548796,0.708005
36,[420.55527477 418.12244137],-836.923472828189,263.06500997510784,0.751207
37,[419.91033144 420.44383618],-837.7897240417055,295.62385089495785,0.737512
38,[426.95616959 419.32081147],-833.0974844305763,172.28171467062285,0.954563
39,[420.549584   419.93469025],-837.8087446621143,315.1898096355127,0.825066
40,[420.79210396 420.54662784],-837.9393575337772,238.6829009264529,0.774944
41,[420.66784842 423.03217729],-837.4167820917763,345.05034692487527,0.849993
42,[421.33020396 417.63792892],-836.5519391710504,271.8063434575607,0.708999
43,[422.55861795 424.08164541],-836.4230610205275,229.39270774256704,0.688976
44,[421.34709124 424.93523136],-835.961000957547,347.19395881892325,0.695001
45,[419.69174627 416.25139309],-834.9603519532457,242.01930091390673,0.665151
46,[423.33576899 421.07423015],-837.2569449167408,214.3587361017132,0.649991
47,[421.40314391 421.17785292],-837.9364419263231,155.54902852024375,0.660117
48,[417.93830561 423.66738869],-835.8892751237488,227.51762166557634,0.6708
49,[420.99152772 420.43831396],-837.9302139926062,273.1878573989852,0.799473
