,population,best_x,best_energy,ave_energy
0,1,[417.93810437 404.7032618 ],-804.0792578650448,-36.06092291639156
1,2,[417.93810437 404.7032618 ],-804.0792578650448,-547.100657258416
2,3,[417.99288595 426.36284808],-833.1763600929567,-811.4098944695854
3,4,[417.93653741 422.90966404],-836.3318784925303,-833.5907867277398
4,5,[418.38765254 420.91243368],-837.1258509085685,-836.4581582425901
5,6,[419.19292415 421.49357422],-837.533421167422,-837.2641091964921
6,7,[419.41695923 420.36790207],-837.6165947544257,-837.462508540855
7,8,[419.50533969 420.78608753],-837.6915166356182,-837.6033514691159
8,9,[419.72399959 421.6320383 ],-837.7148471918904,-837.6675924966628
9,10,[419.84999801 421.32379208],-837.792012991886,-837.7186720929489
10,11,[419.81502005 420.90165346],-837.7973314341234,-837.7622246033513
11,12,[419.85354796 421.05767801],-837.8079233551891,-837.7824469068995
12,13,[419.89411278 420.96868329],-837.8201218159193,-837.7966563425547
13,14,[419.89411278 420.96868329],-837.8201218159193,-837.8047567961819
14,15,[419.92612052 420.94146977],-837.8285730381805,-837.8128768537892
15,16,[419.9597468  420.92104098],-837.8370788951097,-837.8193819185469
16,17,[419.99910511 420.95040228],-837.8471436803416,-837.8259090421355
17,18,[419.99910511 420.95040228],-837.8471436803416,-837.8292230939053
18,19,[420.0027374  420.95150731],-837.8480352404197,-837.8324567554002
19,20,[420.0027374  420.95150731],-837.8480352404197,-837.8362149049974
20,21,[420.0027374  420.95150731],-837.8480352404197,-837.8378077829072
21,22,[420.0027374  420.95150731],-837.8480352404197,-837.8392725806764
22,23,[420.0027374  420.95150731],-837.8480352404197,-837.8411347105746
23,24,[420.0027374  420.95150731],-837.8480352404197,-837.841660707486
24,25,[420.0027374  420.95150731],-837.8480352404197,-837.8431793061178
