,population,best_x,best_energy
0,1,"[ 466.78072015  432.32269591    5.4363222    48.46112126 -299.41555494
  452.11039563]",-1213.0809007482253
1,2,"[ 467.53518818  433.2174391   387.45034247   48.09938597 -296.92661811
  454.12814931]",-1467.2105263147387
2,3,"[466.57401063 432.77527948 384.70121886 421.78391064 358.91536206
 419.23456386]",-1717.1172348667453
3,4,"[ 454.38190318  435.41106719  387.13364377  427.95463669 -293.27412745
  452.18710024]",-1964.375757782128
4,5,"[401.14733788 410.47494798 384.57618532 421.40294179 426.49739782
 419.68537358]",-2294.0830630871096
5,6,"[401.14733788 420.90244317 384.57618532 421.40294179 426.49739782
 419.68537358]",-2307.8445104389625
6,7,"[400.37056417 420.38276728 397.20657725 421.77054542 427.7953555
 413.59393719]",-2380.5247150928544
7,8,"[401.14733788 420.90244317 397.20657725 427.46851189 426.49739782
 419.68537358]",-2387.7081932642795
8,9,"[401.14733788 420.38276728 397.20657725 421.44671699 422.92799663
 419.68537358]",-2396.3440916124505
9,10,"[401.14733788 420.38276728 397.20657725 421.44671699 422.92799663
 419.68537358]",-2396.3440916124505
10,11,"[401.14733788 420.38276728 397.20657725 421.44671699 420.60463762
 419.68537358]",-2396.812012890268
11,12,"[401.14733788 420.90244317 397.20657725 421.44671699 420.60463762
 419.68537358]",-2396.8547754960014
12,13,"[401.14733788 420.90244317 397.20657725 421.44671699 420.60463762
 419.68537358]",-2396.8547754960014
13,14,"[401.14733788 420.90244317 397.20657725 421.44671699 420.60463762
 419.68537358]",-2396.8547754960014
