,population,best_x,best_energy,running_time
0,11,[421.2460961  428.77518807],-830.2667263671653,0.132537
1,14,[-325.25091576  423.97993918],-654.4960497255108,0.139016
2,13,[450.95658299 421.1838919 ],-728.1471842992605,0.136
3,16,[420.73640697 409.27665027],-820.9056142044221,0.165986
4,8,[420.19061025 423.0711286 ],-837.3313362041538,0.078001
5,13,[ 420.94180669 -285.17259995],-682.5562370835221,0.131242
6,34,[420.8785776  420.95403503],-837.9647213487306,0.438888
7,26,[450.17011749 434.02571931],-712.1939489639965,0.316002
8,9,[450.46479732 418.16463322],-730.6025886833352,0.088998
9,10,[421.16020624 420.77462796],-837.9563942395957,0.099015
10,13,[430.98456662 421.325758  ],-825.3060181484487,0.127997
11,11,[439.33370232 420.82179974],-795.8148469371804,0.104998
12,10,[ 417.92439516 -301.53772184],-718.2365236992609,0.094991
13,69,[421.37134313 420.88268827],-837.9443847082349,0.716124
14,11,[436.31828682 420.81880756],-808.4054515762222,0.109009
15,8,[413.0884669  416.77227646],-827.961650851051,0.072977
16,14,[432.49153081 442.70224515],-762.5358170874547,0.141142
17,13,[419.71083508 421.74800134],-837.6895776271531,0.139876
18,10,[-295.65804222  421.9483042 ],-713.4761063142089,0.102997
19,28,[420.95753057 436.34560853],-808.3038761268124,0.276974
20,8,[-290.48825963  413.75586844],-694.9546130717606,0.078028
21,23,[433.21053356 439.57059063],-775.8800989074373,0.292987
22,11,[-312.20926228  419.95955522],-707.5382628571608,0.109991
23,19,[-321.70749559  413.90186079],-667.3633975144198,0.191001
24,7,[424.24800755 418.93310609],-836.0855088685472,0.065951
25,12,[418.58715057 426.01209387],-834.0392642754514,0.150979
26,45,[420.95331466 421.11638903],-837.9629937491048,0.453213
27,12,[-303.27070182  419.97608415],-719.3326944280798,0.121788
28,24,[420.76353277 421.27496509],-837.9486274999706,0.263183
29,37,[409.56238929 422.33021071],-821.4944958928917,0.375991
30,14,[398.57721089 426.59004844],-772.8524691955095,0.139001
31,14,[420.9598301  421.32188135],-837.9500268424651,0.132025
32,15,[ 421.42247911 -301.94090242],-719.4582744056597,0.139967
33,7,[417.54488327 421.73390619],-836.4154714701325,0.059992
34,10,[208.19720743 420.97537971],-618.374694070864,0.117017
35,16,[421.14430436 421.67793387],-837.898405902979,0.166324
36,11,[420.96992578 419.75720906],-837.7806593529419,0.107965
37,11,[420.91412522 420.54918034],-837.9431890720996,0.100965
38,16,[403.58746666 423.83793728],-799.6408582333092,0.163972
39,8,[-302.0496889   422.73780094],-719.1037387995574,0.069998
40,9,[421.1146355  420.90418777],-837.9625628558636,0.079
41,13,[-302.32945695  415.36163912],-715.5702810689006,0.119023
42,11,[430.31175878 431.47553656],-813.0501495347144,0.098987
43,18,[427.57392929 414.41003599],-827.0560959178786,0.214988
44,12,[435.46669409 414.29906852],-805.9862316842563,0.108018
45,16,[424.10750743 421.52423118],-836.6828071283986,0.167989
46,8,[415.64773065 401.30979706],-786.9576434880732,0.072993
47,6,[391.81131333 426.21272274],-732.9964422378252,0.057025
48,10,[420.98685808 421.42184017],-837.9398241808077,0.092975
49,7,[437.4821417  413.05346308],-795.9468825260244,0.064002
