,population,parents,parents_energy,parents_sigma
0,1,"[[ 437.75575837  412.81240454]
 [-269.56297215 -297.0280603 ]
 [  26.25190738  411.24482361]
 [  31.01614879  404.08397845]
 [ 440.53270838 -240.67578444]
 [ 203.94979338 -244.06652462]
 [-352.92313855  223.73228276]
 [-338.85106938  357.67438095]
 [-497.51116307    3.35898074]
 [  23.40046666  471.89687789]
 [ 160.92780219   -3.50571598]
 [ 179.92170447  263.62529145]
 [-164.64650633  -30.87151176]
 [-367.6902226   -16.50036175]
 [ 266.14726233   28.48877185]
 [ 471.72823985 -448.5079723 ]
 [ 339.01214868 -234.23170056]
 [-380.00977843  -79.72590932]
 [-189.78671686  334.1091181 ]
 [-412.45978868  -62.64161736]]","[-794.33417655 -472.53120366 -383.09036311 -363.4489163  -324.78250415
 -181.03881082 -174.87813707 -167.25564668 -156.81837799 -101.72429078
  -15.81550459   -1.88106031   22.62000956  104.51620537  174.70750547
  199.15616452  235.49453073  266.1750157   358.1136088   472.43656505]","[[1. 1.]
 [1. 1.]
 [1. 1.]
 [1. 1.]
 [1. 1.]
 [1. 1.]
 [1. 1.]
 [1. 1.]
 [1. 1.]
 [1. 1.]
 [1. 1.]
 [1. 1.]
 [1. 1.]
 [1. 1.]
 [1. 1.]
 [1. 1.]
 [1. 1.]
 [1. 1.]
 [1. 1.]
 [1. 1.]]"
1,2,"[[ 437.64317719  413.01971006]
 [ 437.56830236  412.77760957]
 [ 437.84032734  412.91581734]
 [ 203.83468059  412.90760096]
 [ 204.04595071  412.64509522]
 [-269.74669742  412.90879418]
 [ 471.30384915  411.89712573]
 [ 471.84543986  411.61115129]
 [ 203.80217309 -297.10289797]
 [ 440.76512383  471.7693682 ]
 [-269.62237132 -297.2234227 ]
 [-269.67024229 -296.78110729]
 [-269.45670343 -296.6118571 ]
 [-269.374828   -296.84863252]
 [-497.57326045 -297.18722889]
 [ 179.82731291 -296.94115059]
 [ 471.7220184  -296.96546223]
 [-352.68349628  404.22582742]
 [ 437.73870725  -30.60556869]
 [  30.9747668   411.3805598 ]]","[-795.21755639 -795.038824   -794.19067581 -612.67869226 -612.13541764
 -587.89294896 -539.65686713 -533.48941739 -498.68301035 -496.3562223
 -473.20429746 -472.91958175 -471.20391029 -470.98370865 -451.20555288
 -430.95472179 -423.37611037 -408.89582505 -404.64547086 -387.10863499]","[[0.17700207 0.2472479 ]
 [0.17700207 0.2472479 ]
 [0.17700207 0.2472479 ]
 [0.17700207 0.2472479 ]
 [0.17700207 0.2472479 ]
 [0.17700207 0.2472479 ]
 [0.17700207 0.2472479 ]
 [0.17700207 0.2472479 ]
 [0.17700207 0.2472479 ]
 [0.17700207 0.2472479 ]
 [0.17700207 0.2472479 ]
 [0.17700207 0.2472479 ]
 [0.17700207 0.2472479 ]
 [0.17700207 0.2472479 ]
 [0.17700207 0.2472479 ]
 [0.17700207 0.2472479 ]
 [0.17700207 0.2472479 ]
 [0.17700207 0.2472479 ]
 [0.17700207 0.2472479 ]
 [0.17700207 0.2472479 ]]"
2,3,"[[ 437.48643516  412.87956289]
 [ 437.60173284  413.05056007]
 [ 437.66496061  413.06247822]
 [ 437.65343328  412.99941769]
 [ 437.68101337  413.05589897]
 [ 437.63710613  412.90826232]
 [ 437.58320009  412.64420622]
 [ 437.82985188  412.95443046]
 [ 437.77967388  412.84454256]
 [ 437.85220102  412.85377182]
 [ 437.85616317  412.60212547]
 [ 437.69180844  411.57933219]
 [ 437.81297981  411.53556495]
 [ 440.77871166  412.88476731]
 [ 437.66511692  404.09769816]
 [ 437.64569905 -297.17501959]
 [ 437.65726065 -296.97908617]
 [ 437.7045169  -297.03804488]
 [ 437.80077823 -297.30285581]
 [ 437.68325659 -296.6663278 ]]","[-795.58199915 -795.44973668 -795.21209964 -795.13484287 -795.1326496
 -795.02000011 -794.70271365 -794.31185887 -794.29989899 -794.01587613
 -793.48202902 -791.90485336 -791.29845931 -780.83658602 -767.88304278
 -681.08500677 -680.76913735 -680.65506763 -680.61088489 -680.21393143]","[[0.03132973 0.06113153]
 [0.03132973 0.06113153]
 [0.03132973 0.06113153]
 [0.03132973 0.06113153]
 [0.03132973 0.06113153]
 [0.03132973 0.06113153]
 [0.03132973 0.06113153]
 [0.03132973 0.06113153]
 [0.03132973 0.06113153]
 [0.03132973 0.06113153]
 [0.03132973 0.06113153]
 [0.03132973 0.06113153]
 [0.03132973 0.06113153]
 [0.03132973 0.06113153]
 [0.03132973 0.06113153]
 [0.03132973 0.06113153]
 [0.03132973 0.06113153]
 [0.03132973 0.06113153]
 [0.03132973 0.06113153]
 [0.03132973 0.06113153]]"
3,4,"[[437.48694403 413.04506392]
 [437.49130472 412.90792196]
 [437.48804053 412.89297398]
 [437.48362755 412.87231586]
 [437.60684984 413.06103357]
 [437.60712258 413.04995797]
 [437.60569166 413.04682831]
 [437.60320439 413.03048934]
 [437.60045297 413.00851911]
 [437.66912989 413.07902648]
 [437.66428292 413.06492944]
 [437.66258003 413.05722684]
 [437.66171654 413.0512727 ]
 [437.57912933 412.87103821]
 [437.66958237 413.05575578]
 [437.6459624  413.00529537]
 [437.6690969  413.05289009]
 [437.6538293  413.01194607]
 [437.65706016 413.00872962]
 [437.67754731 413.05109539]]","[-795.91061092 -795.61919333 -795.6024707  -795.57886392 -795.44932258
 -795.42631995 -795.42603406 -795.40394938 -795.37170236 -795.22747021
 -795.21974096 -795.21158279 -795.20339248 -795.18409731 -795.17969848
 -795.17741871 -795.17604649 -795.15810557 -795.13835383 -795.1375137 ]","[[0.00554543 0.01511464]
 [0.00554543 0.01511464]
 [0.00554543 0.01511464]
 [0.00554543 0.01511464]
 [0.00554543 0.01511464]
 [0.00554543 0.01511464]
 [0.00554543 0.01511464]
 [0.00554543 0.01511464]
 [0.00554543 0.01511464]
 [0.00554543 0.01511464]
 [0.00554543 0.01511464]
 [0.00554543 0.01511464]
 [0.00554543 0.01511464]
 [0.00554543 0.01511464]
 [0.00554543 0.01511464]
 [0.00554543 0.01511464]
 [0.00554543 0.01511464]
 [0.00554543 0.01511464]
 [0.00554543 0.01511464]
 [0.00554543 0.01511464]]"
4,5,"[[437.48425655 413.05001705]
 [437.48804565 413.05407977]
 [437.48471569 413.04714597]
 [437.48431933 413.04397449]
 [437.48590983 413.04615266]
 [437.48977413 413.05376991]
 [437.48212753 413.03729182]
 [437.48803455 413.04849314]
 [437.48334995 413.01227491]
 [437.48872787 413.02154963]
 [437.48370644 413.00247394]
 [437.48645444 413.00358995]
 [437.49148211 413.01383553]
 [437.48881446 413.00676048]
 [437.48640152 412.91328662]
 [437.49023734 412.91281562]
 [437.49059578 412.90677839]
 [437.49117638 412.9041663 ]
 [437.48678058 412.89294584]
 [437.48722297 412.89380525]]","[-795.93141172 -795.92392065 -795.92385521 -795.91920612 -795.91700021
 -795.91622774 -795.91495725 -795.91292505 -795.86034694 -795.85672804
 -795.83941146 -795.83037556 -795.83013527 -795.82701031 -795.65006668
 -795.63340691 -795.61979742 -795.61216295 -795.60757495 -795.60749466]","[[0.00098155 0.00373706]
 [0.00098155 0.00373706]
 [0.00098155 0.00373706]
 [0.00098155 0.00373706]
 [0.00098155 0.00373706]
 [0.00098155 0.00373706]
 [0.00098155 0.00373706]
 [0.00098155 0.00373706]
 [0.00098155 0.00373706]
 [0.00098155 0.00373706]
 [0.00098155 0.00373706]
 [0.00098155 0.00373706]
 [0.00098155 0.00373706]
 [0.00098155 0.00373706]
 [0.00098155 0.00373706]
 [0.00098155 0.00373706]
 [0.00098155 0.00373706]
 [0.00098155 0.00373706]
 [0.00098155 0.00373706]
 [0.00098155 0.00373706]]"
5,6,"[[437.48377161 413.05363525]
 [437.4821846  413.05010051]
 [437.48418103 413.05368101]
 [437.48448848 413.05272707]
 [437.48442625 413.05149457]
 [437.48346573 413.04944442]
 [437.48415544 413.04972638]
 [437.48415252 413.04932727]
 [437.48432835 413.0493926 ]
 [437.48442133 413.04860325]
 [437.48477285 413.04887224]
 [437.48442881 413.04776483]
 [437.48804915 413.05508849]
 [437.48452748 413.04709912]
 [437.48474091 413.04748171]
 [437.48792205 413.05360227]
 [437.48369167 413.04447213]
 [437.48488108 413.04650118]
 [437.48488114 413.04614174]
 [437.48485084 413.04563956]]","[-795.94054802 -795.94006169 -795.93896175 -795.93581773 -795.93363702
 -795.93351848 -795.93125129 -795.93047428 -795.92988331 -795.92794207
 -795.92703418 -795.92625379 -795.9258991  -795.92453339 -795.92441579
 -795.92348354 -795.92276099 -795.92190285 -795.92119176 -795.92032272]","[[0.00017374 0.00092398]
 [0.00017374 0.00092398]
 [0.00017374 0.00092398]
 [0.00017374 0.00092398]
 [0.00017374 0.00092398]
 [0.00017374 0.00092398]
 [0.00017374 0.00092398]
 [0.00017374 0.00092398]
 [0.00017374 0.00092398]
 [0.00017374 0.00092398]
 [0.00017374 0.00092398]
 [0.00017374 0.00092398]
 [0.00017374 0.00092398]
 [0.00017374 0.00092398]
 [0.00017374 0.00092398]
 [0.00017374 0.00092398]
 [0.00017374 0.00092398]
 [0.00017374 0.00092398]
 [0.00017374 0.00092398]
 [0.00017374 0.00092398]]"
6,7,"[[437.4821417  413.05346308]
 [437.48415926 413.05506781]
 [437.48372745 413.05379565]
 [437.48376356 413.05377081]
 [437.48371064 413.05359649]
 [437.48218567 413.05020337]
 [437.48210833 413.04966118]
 [437.48366814 413.05286086]
 [437.48478931 413.0551473 ]
 [437.48217202 413.04953337]
 [437.48422448 413.05378529]
 [437.48416579 413.0536491 ]
 [437.4822292  413.04962548]
 [437.48426673 413.05380288]
 [437.48413909 413.05351759]
 [437.4822197  413.04945825]
 [437.48217716 413.04934515]
 [437.48382275 413.05258279]
 [437.48442892 413.05372252]
 [437.48447107 413.05380251]]","[-795.94688253 -795.94179062 -795.94104579 -795.94084884 -795.94072117
 -795.94026063 -795.93950558 -795.93944169 -795.93936733 -795.93899213
 -795.93898982 -795.9389611  -795.93894005 -795.93885155 -795.93881061
 -795.93864841 -795.93859904 -795.93825907 -795.93802854 -795.93801395]","[[3.07517632e-05 2.28452391e-04]
 [3.07517632e-05 2.28452391e-04]
 [3.07517632e-05 2.28452391e-04]
 [3.07517632e-05 2.28452391e-04]
 [3.07517632e-05 2.28452391e-04]
 [3.07517632e-05 2.28452391e-04]
 [3.07517632e-05 2.28452391e-04]
 [3.07517632e-05 2.28452391e-04]
 [3.07517632e-05 2.28452391e-04]
 [3.07517632e-05 2.28452391e-04]
 [3.07517632e-05 2.28452391e-04]
 [3.07517632e-05 2.28452391e-04]
 [3.07517632e-05 2.28452391e-04]
 [3.07517632e-05 2.28452391e-04]
 [3.07517632e-05 2.28452391e-04]
 [3.07517632e-05 2.28452391e-04]
 [3.07517632e-05 2.28452391e-04]
 [3.07517632e-05 2.28452391e-04]
 [3.07517632e-05 2.28452391e-04]
 [3.07517632e-05 2.28452391e-04]]"
