,population,parents,parents_energy,parents_sigma
0,1,"[[ 402.60586032  482.08036196]
 [-326.09176825   69.45283962]
 [-332.52044003   57.39377203]
 [-346.46795706  221.51410987]
 [ 165.08605202  219.57708484]
 [-144.8946875   472.51534462]
 [-363.39156209 -269.90043793]
 [ 217.11464448  128.30536277]
 [-167.73395315 -116.807032  ]
 [-101.03935931  -81.52188252]
 [ 114.53765782 -125.15275396]
 [ 173.36307346  258.21549959]
 [  82.42820733  -74.00895828]
 [ -70.1782135   156.93646087]
 [ 109.58762937   85.0783636 ]
 [-367.71230837   47.14068555]
 [ 137.04906601  141.43678174]
 [-170.05729021 -455.80050971]
 [-430.70330248   -9.40899304]
 [-430.19000507 -359.47965844]]","[-394.24103563 -293.60357467 -246.87943755 -243.63247283 -216.57675613
 -191.75203598 -101.19039275  -58.16608206  -51.78256715  -27.85336023
  -13.21792578   -6.70742774   26.27136026   66.89784178   77.72520325
   91.91483434  192.05801353  350.46722207  407.73471566  447.86426788]","[[1. 1.]
 [1. 1.]
 [1. 1.]
 [1. 1.]
 [1. 1.]
 [1. 1.]
 [1. 1.]
 [1. 1.]
 [1. 1.]
 [1. 1.]
 [1. 1.]
 [1. 1.]
 [1. 1.]
 [1. 1.]
 [1. 1.]
 [1. 1.]
 [1. 1.]
 [1. 1.]
 [1. 1.]
 [1. 1.]]"
1,2,"[[-326.23469183 -270.26006853]
 [ 402.94356405  480.77546018]
 [ 403.49688662  482.14095084]
 [ 402.60586032  482.08036196]
 [-325.93337665  473.02421106]
 [-332.66801654 -123.57239545]
 [-326.09176825   69.45283962]
 [-326.30145365   69.7278076 ]
 [-144.76452432 -269.81803166]
 [-332.52044003   57.39377203]
 [-332.19181517   56.28852272]
 [-332.91002346   57.42269623]
 [-346.46795706  221.51410987]
 [-346.39958728  221.83046581]
 [-333.31276164   57.61895258]
 [-333.49658828   57.43705271]
 [-332.16786684   47.94459531]
 [ 165.08605202  219.57708484]
 [ 165.10594555  219.79883023]
 [ 165.13649682  220.35196457]]","[-411.74261737 -409.95636775 -397.4352535  -394.24103563 -346.25537725
 -313.34750182 -293.60357467 -292.1227539  -251.29525153 -246.87943755
 -246.78879191 -244.24596292 -243.63247283 -242.85822841 -241.82324524
 -240.17231922 -222.77482486 -216.57675613 -215.83748127 -213.82223048]","[[0.4649742 0.6183273]
 [0.4649742 0.6183273]
 [0.4649742 0.6183273]
 [1.        1.       ]
 [0.4649742 0.6183273]
 [0.4649742 0.6183273]
 [1.        1.       ]
 [0.4649742 0.6183273]
 [0.4649742 0.6183273]
 [1.        1.       ]
 [0.4649742 0.6183273]
 [0.4649742 0.6183273]
 [1.        1.       ]
 [0.4649742 0.6183273]
 [0.4649742 0.6183273]
 [0.4649742 0.6183273]
 [0.4649742 0.6183273]
 [1.        1.       ]
 [0.4649742 0.6183273]
 [0.4649742 0.6183273]]"
2,3,"[[ 402.86524494 -269.38393496]
 [ 403.47169821  221.15531479]
 [ 402.70616296  220.54520947]
 [ 402.90675364  221.40115092]
 [ 403.69224937  472.44816358]
 [ 402.63771219  472.62339809]
 [ 403.29595115   58.11243995]
 [ 403.3309936    57.26169596]
 [ 402.99241732   57.29715238]
 [-326.3611336  -270.85951297]
 [ 402.87336057  480.50296426]
 [ 403.44479906  480.76664975]
 [-326.06533763 -270.14354397]
 [-326.23469183 -270.26006853]
 [-326.10077499 -270.09909957]
 [ 402.94356405  480.77546018]
 [-325.5549805   219.25170301]
 [ 403.00384184  481.19167588]
 [ 403.12775195  481.24514559]
 [ 402.73522453   47.59231471]]","[-553.16035211 -545.3982642  -544.63615587 -541.92142872 -501.43623461
 -495.09831034 -437.03209356 -435.53282615 -434.14737525 -415.06759121
 -412.61200869 -412.20593288 -411.90729884 -411.74261737 -411.40537661
 -409.95636775 -406.84525835 -405.68731148 -405.64059413 -405.50879835]","[[0.21620101 0.38232865]
 [0.3405876  0.50032797]
 [0.3405876  0.38232865]
 [0.21620101 0.6183273 ]
 [0.3405876  0.38232865]
 [0.3405876  0.38232865]
 [0.3405876  0.38232865]
 [0.3405876  0.50032797]
 [0.21620101 0.50032797]
 [0.3405876  0.6183273 ]
 [0.21620101 0.50032797]
 [0.4649742  0.38232865]
 [0.21620101 0.38232865]
 [0.4649742  0.6183273 ]
 [0.21620101 0.38232865]
 [0.4649742  0.6183273 ]
 [0.3405876  0.38232865]
 [0.3405876  0.50032797]
 [0.21620101 0.38232865]
 [0.3405876  0.38232865]]"
3,4,"[[ 403.33508338 -271.18590642]
 [ 403.3535068  -270.87358353]
 [ 404.14181074 -270.35496984]
 [ 403.48811969 -270.74991961]
 [ 403.69612123 -270.61510441]
 [ 403.30197622 -270.74824859]
 [ 402.9100479  -270.90989586]
 [ 402.75565241 -270.88233366]
 [ 403.18589119 -270.42633367]
 [ 403.12451868 -270.30212816]
 [ 403.09878846 -270.24827428]
 [ 403.32709487 -270.0851922 ]
 [ 403.26844642 -270.03994833]
 [ 403.24639906 -269.9566078 ]
 [ 402.83276945 -270.21007319]
 [ 403.70817863 -269.59790585]
 [ 402.79876937 -270.15696659]
 [ 402.81798657 -270.03508193]
 [ 403.40008934 -269.29795923]
 [ 402.67887191 -269.7146811 ]]","[-567.4066535  -565.39890289 -565.19463963 -565.14072903 -565.10899845
 -564.33801656 -563.73049355 -562.87002985 -561.67065906 -560.56548717
 -560.08919845 -559.96082831 -559.40204491 -558.73932573 -558.67327725
 -558.23799785 -558.16348488 -557.41815291 -554.87228789 -554.61662889]","[[0.15836445 0.27288534]
 [0.12944617 0.27288534]
 [0.18728273 0.23640424]
 [0.15836445 0.38232865]
 [0.15836445 0.27288534]
 [0.18728273 0.23640424]
 [0.15836445 0.23640424]
 [0.15836445 0.30936644]
 [0.15836445 0.27288534]
 [0.15836445 0.23640424]
 [0.10052789 0.30936644]
 [0.15836445 0.34584754]
 [0.21620101 0.23640424]
 [0.12944617 0.34584754]
 [0.10052789 0.30936644]
 [0.12944617 0.30936644]
 [0.10052789 0.30936644]
 [0.12944617 0.27288534]
 [0.12944617 0.27288534]
 [0.18728273 0.27288534]]"
4,5,"[[ 404.1961647  -270.8986886 ]
 [ 403.43922923 -271.3043167 ]
 [ 403.77122783 -270.92612216]
 [ 403.52707486 -271.07075137]
 [ 403.33508338 -271.18590642]
 [ 403.06202264 -271.33852191]
 [ 403.42358059 -271.07042039]
 [ 404.22433689 -270.53546994]
 [ 403.76533225 -270.78978657]
 [ 403.33591074 -271.05783088]
 [ 402.98000645 -271.2816178 ]
 [ 402.9493919  -271.21578055]
 [ 403.3391477  -270.95193994]
 [ 403.76983473 -270.67527622]
 [ 403.48620185 -270.84356226]
 [ 403.42755869 -270.86214525]
 [ 403.22375845 -270.98967755]
 [ 403.32780633 -270.91700742]
 [ 403.1536786  -271.01733172]
 [ 403.3535068  -270.87358353]]","[-569.07824568 -568.63710269 -567.51129423 -567.45379796 -567.4066535
 -567.24814194 -567.01338892 -566.75102255 -566.5727814  -566.55627689
 -566.51466133 -565.94375955 -565.86237161 -565.82195691 -565.76114056
 -565.63718598 -565.62119591 -565.58018505 -565.50481287 -565.39890289]","[[0.06018913 0.21384698]
 [0.06691226 0.16873245]
 [0.053466   0.18001108]
 [0.06691226 0.21384698]
 [0.15836445 0.27288534]
 [0.08035851 0.14617519]
 [0.06018913 0.18001108]
 [0.06691226 0.20256835]
 [0.06691226 0.15745382]
 [0.08035851 0.16873245]
 [0.07363538 0.15745382]
 [0.08035851 0.16873245]
 [0.053466   0.20256835]
 [0.08035851 0.15745382]
 [0.053466   0.15745382]
 [0.06691226 0.18001108]
 [0.09380476 0.15745382]
 [0.08035851 0.18001108]
 [0.06691226 0.15745382]
 [0.12944617 0.27288534]]"
5,6,"[[ 404.19982435 -271.28475759]
 [ 403.77416633 -271.51131271]
 [ 404.20687886 -271.23612708]
 [ 403.76614486 -271.37026499]
 [ 403.72661072 -271.37000465]
 [ 404.24888374 -271.04133   ]
 [ 403.79820686 -271.25321107]
 [ 403.43157849 -271.47542098]
 [ 404.24288407 -270.9605785 ]
 [ 403.36057791 -271.4984547 ]
 [ 404.18501191 -270.95897143]
 [ 404.1961647  -270.8986886 ]
 [ 403.34456205 -271.42373507]
 [ 403.04995888 -271.60536917]
 [ 403.54293198 -271.28304449]
 [ 403.76008712 -271.12405377]
 [ 403.39792492 -271.34309557]
 [ 403.43922923 -271.3043167 ]
 [ 403.41580313 -271.31082092]
 [ 403.80867269 -271.04733799]]","[-571.66874559 -571.41719061 -571.37416747 -570.4496525  -570.28294058
 -570.24660886 -569.80587187 -569.73902451 -569.6825089  -569.58953855
 -569.43634455 -569.07824568 -569.02666024 -568.96198615 -568.93450242
 -568.7871505  -568.71914888 -568.63710269 -568.58086124 -568.47762974]","[[0.02954943 0.10781882]
 [0.0456508  0.11130577]
 [0.02954943 0.097358  ]
 [0.03111247 0.10433188]
 [0.03111247 0.10781882]
 [0.06691226 0.12176659]
 [0.03736463 0.10433188]
 [0.03111247 0.11479271]
 [0.04252472 0.12176659]
 [0.03111247 0.12874048]
 [0.03423855 0.11827965]
 [0.06018913 0.21384698]
 [0.03423855 0.10781882]
 [0.0456508  0.12525354]
 [0.02954943 0.12874048]
 [0.03111247 0.12176659]
 [0.02954943 0.10433188]
 [0.06691226 0.16873245]
 [0.03580159 0.10084494]
 [0.02798639 0.12874048]]"
6,7,"[[ 404.23478356 -271.63272354]
 [ 404.20202794 -271.5421953 ]
 [ 404.20872132 -271.47584726]
 [ 404.20043247 -271.47077713]
 [ 404.26489369 -271.41878649]
 [ 404.17301897 -271.47131287]
 [ 404.26626971 -271.3963683 ]
 [ 404.19961945 -271.43641246]
 [ 404.23949802 -271.40854514]
 [ 404.25280807 -271.39658441]
 [ 404.17878852 -271.43690687]
 [ 404.20804915 -271.41085921]
 [ 404.23533058 -271.37924193]
 [ 404.21397443 -271.39151287]
 [ 404.17775622 -271.36296228]
 [ 404.28010962 -271.29916226]
 [ 404.26163502 -271.29995929]
 [ 403.78832178 -271.57462798]
 [ 404.18200751 -271.32313287]
 [ 403.77235867 -271.56239064]]","[-574.11448389 -573.38361452 -572.9720953  -572.90480585 -572.82246458
 -572.79666963 -572.67947385 -572.67397372 -572.65151545 -572.62628567
 -572.59239521 -572.53899226 -572.44032761 -572.43486779 -572.0980554
 -572.09055704 -572.02093769 -571.89455375 -571.85105941 -571.74723521]","[[0.02616946 0.06990143]
 [0.01857324 0.06990143]
 [0.01930002 0.06558929]
 [0.01373972 0.06558929]
 [0.02086306 0.06343321]
 [0.02387964 0.06666732]
 [0.01410311 0.06558929]
 [0.01482988 0.07744768]
 [0.01592004 0.07097947]
 [0.01675631 0.06990143]
 [0.01930002 0.07097947]
 [0.01519327 0.06666732]
 [0.02278948 0.07960375]
 [0.01410311 0.07636965]
 [0.01410311 0.09944737]
 [0.02460642 0.07097947]
 [0.01784647 0.06990143]
 [0.01410311 0.07852572]
 [0.02544268 0.07744768]
 [0.01784647 0.0720575 ]]"
7,8,"[[ 404.22548903 -271.7486196 ]
 [ 404.2351611  -271.68898905]
 [ 404.23182953 -271.68413535]
 [ 404.22039273 -271.6620314 ]
 [ 404.21732919 -271.65617453]
 [ 404.21206181 -271.65679429]
 [ 404.23775445 -271.63316706]
 [ 404.25494319 -271.62253352]
 [ 404.23478356 -271.63272354]
 [ 404.18469737 -271.65626861]
 [ 404.22522417 -271.60058743]
 [ 404.2021677  -271.61442126]
 [ 404.23527725 -271.59320755]
 [ 404.19199211 -271.61408237]
 [ 404.25139519 -271.57608639]
 [ 404.19805389 -271.60473331]
 [ 404.28242609 -271.55115599]
 [ 404.25076745 -271.56331917]
 [ 404.23048191 -271.5740734 ]
 [ 404.2900475  -271.53011378]]","[-574.84014353 -574.48689072 -574.44137793 -574.24922721 -574.19816177
 -574.18082141 -574.1294792  -574.1291333  -574.11448389 -574.06594607
 -573.86360636 -573.86110564 -573.85575213 -573.81743832 -573.80817088
 -573.78043006 -573.7693551  -573.72130249 -573.70993387 -573.66117483]","[[0.00899947 0.04255538]
 [0.00936285 0.04588828]
 [0.0104021  0.04588828]
 [0.01163577 0.03988907]
 [0.00759683 0.04355525]
 [0.01003871 0.04688815]
 [0.01023314 0.04088894]
 [0.00655758 0.03988907]
 [0.02616946 0.06990143]
 [0.0064731  0.04122223]
 [0.00681103 0.0418888 ]
 [0.00706448 0.04422183]
 [0.01057107 0.04255538]
 [0.00785028 0.0452217 ]
 [0.01163577 0.04622157]
 [0.00899947 0.04222209]
 [0.00897401 0.04355525]
 [0.00689551 0.04588828]
 [0.00759683 0.04455512]
 [0.0085516  0.04222209]]"
8,9,"[[ 404.23257223 -271.76673622]
 [ 404.21808526 -271.75670007]
 [ 404.22548903 -271.7486196 ]
 [ 404.23416263 -271.73833415]
 [ 404.21124107 -271.74883413]
 [ 404.23596096 -271.7257894 ]
 [ 404.2395592  -271.71648975]
 [ 404.18800745 -271.74705151]
 [ 404.23230257 -271.71882882]
 [ 404.25819593 -271.69767361]
 [ 404.29753773 -271.66936231]
 [ 404.23705208 -271.70582896]
 [ 404.23056136 -271.70972342]
 [ 404.24258237 -271.69254631]
 [ 404.23314907 -271.69603888]
 [ 404.2351611  -271.68898905]
 [ 404.22413299 -271.69552872]
 [ 404.22128969 -271.69458584]
 [ 404.28979481 -271.6496595 ]
 [ 404.23504737 -271.68314359]]","[-574.98809783 -574.86319588 -574.84014353 -574.80771984 -574.78361098
 -574.73246537 -574.68586436 -574.67729746 -574.6717808  -574.63762578
 -574.61057038 -574.60548566 -574.604756   -574.54046978 -574.52515236
 -574.48689072 -574.48514632 -574.46737554 -574.44933878 -574.4479194 ]","[[0.00394291 0.02703444]
 [0.00385842 0.02713748]
 [0.00899947 0.04255538]
 [0.00841793 0.02610707]
 [0.00410004 0.02837397]
 [0.0045499  0.0353858 ]
 [0.004269   0.03394323]
 [0.00377986 0.02724052]
 [0.00402147 0.02662228]
 [0.00410004 0.02610707]
 [0.00310803 0.02713748]
 [0.0045499  0.02569491]
 [0.00394291 0.02765269]
 [0.00402147 0.0264162 ]
 [0.00414524 0.02744661]
 [0.00936285 0.04588828]
 [0.00479151 0.02734356]
 [0.00363054 0.02724052]
 [0.00361681 0.02507666]
 [0.00346749 0.02878614]]"
9,10,"[[ 404.2303091  -271.80666639]
 [ 404.23668706 -271.7848928 ]
 [ 404.23182817 -271.78684547]
 [ 404.23175641 -271.78565537]
 [ 404.25754605 -271.76882542]
 [ 404.29735272 -271.73958108]
 [ 404.23065015 -271.77745547]
 [ 404.22848451 -271.77829023]
 [ 404.23232624 -271.77509692]
 [ 404.21003249 -271.78710923]
 [ 404.23779326 -271.76904744]
 [ 404.20929935 -271.785571  ]
 [ 404.23414288 -271.76997798]
 [ 404.22504847 -271.77516923]
 [ 404.23257223 -271.76673622]
 [ 404.22946904 -271.76717065]
 [ 404.23445423 -271.76281982]
 [ 404.23145088 -271.76343583]
 [ 404.24003137 -271.7578681 ]
 [ 404.24131392 -271.75556935]]","[-575.24138277 -575.12419799 -575.11729134 -575.1091765  -575.1032502
 -575.07223063 -575.05077245 -575.04745905 -575.04207636 -575.03039865
 -575.02451003 -575.01730398 -575.01579835 -575.01297138 -574.98809783
 -574.97834355 -574.96998829 -574.96183552 -574.96007678 -574.9501655 ]","[[0.00293312 0.02409658]
 [0.00186988 0.0170347 ]
 [0.00307102 0.01639757]
 [0.00170318 0.01866094]
 [0.00181371 0.01690727]
 [0.00194569 0.01668428]
 [0.00186394 0.02264062]
 [0.002892   0.01722584]
 [0.00183335 0.01611086]
 [0.00193656 0.02295919]
 [0.00174109 0.01939364]
 [0.00172282 0.01929807]
 [0.00329071 0.01687542]
 [0.00199273 0.01639757]
 [0.00394291 0.02703444]
 [0.00312995 0.01623829]
 [0.00199273 0.01662056]
 [0.00312995 0.01693913]
 [0.00175754 0.01677985]
 [0.002011   0.02512699]]"
10,11,"[[ 404.29764036 -271.7909471 ]
 [ 404.29957118 -271.78209551]
 [ 404.25801047 -271.80765488]
 [ 404.23004932 -271.8212351 ]
 [ 404.23161575 -271.81256952]
 [ 404.23246624 -271.81064509]
 [ 404.23277112 -271.81023954]
 [ 404.23792106 -271.80624894]
 [ 404.22809172 -271.81179436]
 [ 404.22837204 -271.81154561]
 [ 404.23769713 -271.80512568]
 [ 404.25772347 -271.79002396]
 [ 404.2303091  -271.80666639]
 [ 404.25750341 -271.78765921]
 [ 404.2958285  -271.76359613]
 [ 404.23692402 -271.79978955]
 [ 404.22917268 -271.80238832]
 [ 404.23837042 -271.79419717]
 [ 404.23358524 -271.79597545]
 [ 404.23503047 -271.79479818]]","[-575.41120858 -575.3608394  -575.36037274 -575.33603795 -575.28547797
 -575.27629073 -575.2748651  -575.26956923 -575.26606278 -575.26556789
 -575.26127884 -575.24334143 -575.24138277 -575.22690442 -575.22404298
 -575.22307283 -575.20865298 -575.19219535 -575.18444138 -575.18257632]","[[0.00087858 0.01580785]
 [0.00159859 0.01258826]
 [0.00116558 0.01008982]
 [0.00107713 0.01198055]
 [0.00132146 0.0109767 ]
 [0.00149272 0.01013906]
 [0.00110358 0.01215783]
 [0.00085925 0.01419629]
 [0.00140003 0.01075018]
 [0.00110814 0.01435388]
 [0.0011815  0.0134456 ]
 [0.00085501 0.01454793]
 [0.00293312 0.02409658]
 [0.00090045 0.01223662]
 [0.0011815  0.01268675]
 [0.00085883 0.01233511]
 [0.00112258 0.01051332]
 [0.00088495 0.01176509]
 [0.0008222  0.01013906]
 [0.00111664 0.01353764]]"
11,12,"[[ 404.29860649 -271.82351289]
 [ 404.29981137 -271.82099849]
 [ 404.29926492 -271.82005913]
 [ 404.29924311 -271.81851196]
 [ 404.29519736 -271.81714987]
 [ 404.29921387 -271.81071551]
 [ 404.30066596 -271.80619153]
 [ 404.29756988 -271.80123004]
 [ 404.2371056  -271.83745981]
 [ 404.29998411 -271.79165977]
 [ 404.29764036 -271.7909471 ]
 [ 404.29763793 -271.7903477 ]
 [ 404.23007472 -271.83195944]
 [ 404.29908169 -271.78786504]
 [ 404.30070881 -271.78508924]
 [ 404.30007673 -271.78515255]
 [ 404.23767434 -271.82356975]
 [ 404.29766508 -271.78625318]
 [ 404.22931933 -271.82828111]
 [ 404.23827256 -271.82201323]]","[-575.6290966  -575.61745895 -575.60907629 -575.59882485 -575.57349604
 -575.54748747 -575.52364164 -575.4785046  -575.4712648  -575.42538187
 -575.41120858 -575.40725892 -575.40657669 -575.39678532 -575.38512562
 -575.38298297 -575.38235578 -575.38045432 -575.37934982 -575.37456222]","[[0.00060664 0.00807504]
 [0.00039756 0.00756624]
 [0.00039953 0.00782126]
 [0.00051755 0.00702646]
 [0.0005468  0.00834223]
 [0.00056682 0.0072154 ]
 [0.00060017 0.0075571 ]
 [0.00053123 0.00763931]
 [0.0009429  0.00938491]
 [0.00093233 0.0072154 ]
 [0.00087858 0.01580785]
 [0.00060664 0.00814774]
 [0.00046075 0.00683858]
 [0.00069714 0.00755962]
 [0.00063271 0.00784456]
 [0.00054582 0.00759669]
 [0.00050699 0.00757233]
 [0.00047672 0.00778367]
 [0.00051861 0.00717262]
 [0.00054937 0.01183877]]"
12,13,"[[ 404.29671584 -271.84022028]
 [ 404.29917171 -271.83827756]
 [ 404.3008806  -271.83689121]
 [ 404.30031137 -271.8350743 ]
 [ 404.29523716 -271.83746289]
 [ 404.29925872 -271.83312348]
 [ 404.29948022 -271.83133473]
 [ 404.30001435 -271.82944681]
 [ 404.29908095 -271.82990495]
 [ 404.29970233 -271.82727562]
 [ 404.29953183 -271.82684397]
 [ 404.2991624  -271.82674761]
 [ 404.29540549 -271.82843693]
 [ 404.29951665 -271.82540114]
 [ 404.29902611 -271.82535639]
 [ 404.29937544 -271.82506046]
 [ 404.29809586 -271.82566176]
 [ 404.299161   -271.82483733]
 [ 404.29962958 -271.8238718 ]
 [ 404.29873387 -271.82426398]]","[-575.73115998 -575.72834749 -575.72616252 -575.71192748 -575.70706728
 -575.69485542 -575.6840054  -575.67376932 -575.67299928 -575.65824676
 -575.65472151 -575.65259301 -575.6484763  -575.64518372 -575.64290382
 -575.64237444 -575.64114325 -575.64004075 -575.63559605 -575.63454565]","[[0.00035874 0.00457183]
 [0.00024747 0.00488078]
 [0.0002409  0.0045679 ]
 [0.00024805 0.00478705]
 [0.00027131 0.0048376 ]
 [0.00036385 0.00456994]
 [0.00023062 0.00434498]
 [0.00033115 0.00455467]
 [0.00022769 0.00729364]
 [0.00034853 0.00474972]
 [0.00028057 0.00491456]
 [0.00023574 0.0049202 ]
 [0.000213   0.00732023]
 [0.00032633 0.00746633]
 [0.00036385 0.00476164]
 [0.00022744 0.0045586 ]
 [0.00032483 0.00475521]
 [0.00032458 0.00478705]
 [0.00025485 0.00467637]
 [0.00027482 0.00492541]]"
13,14,"[[ 404.29509607 -271.8468641 ]
 [ 404.29908264 -271.84302495]
 [ 404.30009214 -271.84117804]
 [ 404.29664365 -271.84296084]
 [ 404.29904882 -271.84138201]
 [ 404.29924192 -271.84115705]
 [ 404.29999698 -271.8402512 ]
 [ 404.29931898 -271.84043716]
 [ 404.29953018 -271.84003153]
 [ 404.29951353 -271.83983138]
 [ 404.2991162  -271.83986445]
 [ 404.29909934 -271.83984383]
 [ 404.29936683 -271.83941318]
 [ 404.29546544 -271.84180643]
 [ 404.29654192 -271.84104861]
 [ 404.29880377 -271.83963101]
 [ 404.29965815 -271.83900785]
 [ 404.30068861 -271.83825662]
 [ 404.29871155 -271.83935277]
 [ 404.29939909 -271.83887053]]","[-575.76822034 -575.75915726 -575.75111812 -575.74886134 -575.74823351
 -575.74753828 -575.74464745 -575.74312363 -575.74131535 -575.73993378
 -575.7385423  -575.73833863 -575.73659399 -575.73651109 -575.73589445
 -575.73574464 -575.73511196 -575.73435097 -575.73354438 -575.73316152]","[[0.00013584 0.00299938]
 [0.00015655 0.00291789]
 [0.00012123 0.00366837]
 [0.00010245 0.00290375]
 [0.00013391 0.00300113]
 [0.00011678 0.00301837]
 [0.00013319 0.00295211]
 [0.00014226 0.00377846]
 [0.00011507 0.0028592 ]
 [0.00014107 0.00372705]
 [0.00014411 0.00288188]
 [0.00013147 0.00367659]
 [0.00010314 0.0028778 ]
 [0.00012778 0.00373527]
 [0.00015251 0.00300274]
 [0.00013067 0.00366716]
 [0.00012504 0.00285227]
 [0.00013067 0.00290375]
 [0.00013396 0.00370891]
 [0.00013747 0.00303172]]"
14,15,"[[ 404.30010998 -271.85055711]
 [ 404.29969171 -271.84720645]
 [ 404.29935462 -271.84652024]
 [ 404.29928558 -271.84595497]
 [ 404.29505048 -271.8480588 ]
 [ 404.29944811 -271.84498329]
 [ 404.30077185 -271.84414326]
 [ 404.29905007 -271.84481319]
 [ 404.30009646 -271.84382751]
 [ 404.29509607 -271.8468641 ]
 [ 404.2989049  -271.84450249]
 [ 404.29914504 -271.84427643]
 [ 404.29940685 -271.84405885]
 [ 404.29921563 -271.84403891]
 [ 404.29544712 -271.84601975]
 [ 404.29961401 -271.84342935]
 [ 404.29934406 -271.84359374]
 [ 404.29514559 -271.84617919]
 [ 404.2993818  -271.84344768]
 [ 404.29991231 -271.8429354 ]]","[-575.81276444 -575.78907528 -575.78320573 -575.7792152  -575.77587868
 -575.77349406 -575.77333794 -575.77076581 -575.76853079 -575.76822034
 -575.76813828 -575.76762637 -575.76725783 -575.76635275 -575.76409875
 -575.76396357 -575.76395003 -575.76392447 -575.76314385 -575.76192822]","[[5.21630048e-05 2.02764238e-03]
 [6.98983631e-05 1.76792431e-03]
 [6.39288515e-05 2.29892994e-03]
 [5.35024402e-05 1.86563530e-03]
 [6.64200615e-05 2.04197895e-03]
 [6.16959474e-05 1.78870711e-03]
 [6.15115158e-05 1.83503044e-03]
 [5.47832793e-05 2.02637827e-03]
 [6.30913555e-05 2.08395777e-03]
 [1.35835316e-04 2.99938449e-03]
 [5.75298837e-05 1.81701032e-03]
 [6.02014088e-05 2.09546163e-03]
 [6.09823855e-05 2.04997917e-03]
 [4.79554882e-05 2.32297191e-03]
 [5.71310092e-05 2.06196747e-03]
 [6.39421917e-05 2.28893788e-03]
 [6.62999885e-05 1.81881430e-03]
 [6.03732435e-05 2.31482163e-03]
 [6.08530281e-05 1.86563530e-03]
 [6.21428979e-05 1.82557385e-03]]"
15,16,"[[ 404.30016677 -271.85156974]
 [ 404.30011108 -271.85146955]
 [ 404.29915132 -271.85138224]
 [ 404.30010191 -271.85077502]
 [ 404.30006826 -271.85064747]
 [ 404.30010998 -271.85055711]
 [ 404.29893305 -271.85059917]
 [ 404.29987955 -271.84995197]
 [ 404.29937678 -271.85013299]
 [ 404.3000768  -271.84948354]
 [ 404.29969638 -271.84885445]
 [ 404.29937158 -271.84893879]
 [ 404.29959816 -271.84857026]
 [ 404.299469   -271.84864661]
 [ 404.29934075 -271.84854383]
 [ 404.30008713 -271.84788131]
 [ 404.3001004  -271.84785177]
 [ 404.29969116 -271.84795068]
 [ 404.30016201 -271.84752752]
 [ 404.29964361 -271.84772169]]","[-575.81964154 -575.81875841 -575.81429977 -575.81416225 -575.81318874
 -575.81276444 -575.80827578 -575.8078592  -575.80701204 -575.80558271
 -575.79991292 -575.79915165 -575.79764969 -575.79762796 -575.79643402
 -575.79510642 -575.79496624 -575.79395879 -575.79308703 -575.79226306]","[[2.96194253e-05 1.12336455e-03]
 [2.97853193e-05 1.28161960e-03]
 [2.98613141e-05 1.35194037e-03]
 [3.02465186e-05 1.27126442e-03]
 [2.88617856e-05 1.42892404e-03]
 [5.21630048e-05 2.02764238e-03]
 [2.77184676e-05 1.17306043e-03]
 [2.95326903e-05 1.20959410e-03]
 [2.89868734e-05 1.29212455e-03]
 [2.65861711e-05 1.19553258e-03]
 [2.70799175e-05 1.19419802e-03]
 [3.03044407e-05 1.19305920e-03]
 [2.72782735e-05 1.56478604e-03]
 [4.55760096e-05 1.49462536e-03]
 [2.54094483e-05 1.48961192e-03]
 [4.70217661e-05 1.21160869e-03]
 [2.65629243e-05 1.26755808e-03]
 [2.94778077e-05 1.10833147e-03]
 [2.55964544e-05 1.13172578e-03]
 [2.94498922e-05 1.26508470e-03]]"
16,17,"[[ 404.30010967 -271.85326691]
 [ 404.29937335 -271.85313554]
 [ 404.30009738 -271.85207398]
 [ 404.29969632 -271.85212162]
 [ 404.30006649 -271.85180884]
 [ 404.30016677 -271.85156974]
 [ 404.30011401 -271.85156753]
 [ 404.29987739 -271.85169934]
 [ 404.30015266 -271.85151324]
 [ 404.29969933 -271.8517708 ]
 [ 404.30011108 -271.85146955]
 [ 404.30011879 -271.85146037]
 [ 404.30016594 -271.85141963]
 [ 404.29970029 -271.85165854]
 [ 404.29969557 -271.85162861]
 [ 404.29965618 -271.85165199]
 [ 404.29959797 -271.85156578]
 [ 404.29915123 -271.85178848]
 [ 404.30016517 -271.8511536 ]
 [ 404.29913591 -271.85178763]]","[-575.83055077 -575.82670753 -575.82267056 -575.82135961 -575.82080509
 -575.81964154 -575.81941344 -575.81932076 -575.81921354 -575.81906899
 -575.81875841 -575.81872935 -575.81865282 -575.81833599 -575.81812043
 -575.8181144  -575.81731286 -575.81696604 -575.81690345 -575.81689848]","[[2.30591797e-05 8.55112575e-04]
 [1.68393229e-05 7.91659837e-04]
 [1.28883723e-05 9.44308813e-04]
 [2.42544514e-05 9.03855195e-04]
 [1.38108368e-05 7.60733415e-04]
 [2.96194253e-05 1.12336455e-03]
 [1.35922841e-05 7.86821352e-04]
 [1.76419468e-05 7.61879282e-04]
 [1.35759623e-05 7.65274298e-04]
 [1.74819685e-05 8.58314018e-04]
 [2.97853193e-05 1.28161960e-03]
 [1.26836934e-05 7.84146948e-04]
 [1.30287472e-05 7.73440463e-04]
 [1.29200159e-05 8.55112575e-04]
 [1.38847406e-05 7.12556111e-04]
 [1.31002397e-05 7.49366409e-04]
 [1.74819685e-05 7.11858417e-04]
 [1.85714118e-05 6.94606962e-04]
 [1.35961271e-05 7.91360819e-04]
 [1.26197234e-05 8.23201495e-04]]"
17,18,"[[ 404.30008724 -271.85415608]
 [ 404.3001494  -271.85396345]
 [ 404.30010759 -271.85370397]
 [ 404.29936909 -271.8537298 ]
 [ 404.30010967 -271.85326691]
 [ 404.30011162 -271.85312777]
 [ 404.30016421 -271.85305777]
 [ 404.29937483 -271.8534387 ]
 [ 404.3001172  -271.85292819]
 [ 404.30010351 -271.85287522]
 [ 404.29969507 -271.85307402]
 [ 404.30012042 -271.85271155]
 [ 404.29937335 -271.85313554]
 [ 404.3001127  -271.85265335]
 [ 404.30015771 -271.852612  ]
 [ 404.30016126 -271.8525938 ]
 [ 404.29970816 -271.85281034]
 [ 404.29958783 -271.85287648]
 [ 404.29987748 -271.85266887]
 [ 404.3001663  -271.85248223]]","[-575.83629641 -575.83528369 -575.83341125 -575.83059104 -575.83055077
 -575.8296454  -575.82939879 -575.82870353 -575.82835795 -575.82795483
 -575.82760627 -575.82694892 -575.82670753 -575.82653564 -575.82644644
 -575.82634132 -575.82592841 -575.82587536 -575.82568527 -575.82562941]","[[6.20656087e-06 4.99519914e-04]
 [8.30975687e-06 5.14630287e-04]
 [7.31399394e-06 6.35349866e-04]
 [6.32095485e-06 4.51973299e-04]
 [2.30591797e-05 8.55112575e-04]
 [8.23253900e-06 4.88009003e-04]
 [8.86687010e-06 6.39249439e-04]
 [7.25776113e-06 5.71385127e-04]
 [6.16194594e-06 4.40377192e-04]
 [8.16585719e-06 5.00964717e-04]
 [6.15730443e-06 4.62510476e-04]
 [7.26155574e-06 5.35202517e-04]
 [1.68393229e-05 7.91659837e-04]
 [1.12423161e-05 4.86180830e-04]
 [5.94517536e-06 5.67599928e-04]
 [6.15997311e-06 5.83898475e-04]
 [7.10526206e-06 5.11116022e-04]
 [8.68448377e-06 4.75714669e-04]
 [6.31247219e-06 4.84450468e-04]
 [6.42168275e-06 5.28739446e-04]]"
18,19,"[[ 404.30008905 -271.85499228]
 [ 404.30009245 -271.85477686]
 [ 404.30010894 -271.85457209]
 [ 404.30016471 -271.85438295]
 [ 404.30014524 -271.85438547]
 [ 404.30008855 -271.85435688]
 [ 404.30015033 -271.85422206]
 [ 404.30008724 -271.85415608]
 [ 404.30015229 -271.85409074]
 [ 404.30010545 -271.85407515]
 [ 404.3001494  -271.85396345]
 [ 404.30011115 -271.85397745]
 [ 404.30007394 -271.85395961]
 [ 404.30016745 -271.85388659]
 [ 404.30014951 -271.85388667]
 [ 404.30015707 -271.85387999]
 [ 404.30015736 -271.85387606]
 [ 404.30015049 -271.85387963]
 [ 404.3000895  -271.85384076]
 [ 404.30015322 -271.85377975]]","[-575.84179243 -575.8403922  -575.8391149  -575.83809923 -575.83803696
 -575.83761975 -575.83698498 -575.83629641 -575.83613092 -575.83583894
 -575.83528369 -575.83522071 -575.834953   -575.83485226 -575.83478013
 -575.83476689 -575.8347423  -575.83473791 -575.83423587 -575.83409336]","[[3.97539202e-06 3.40118526e-04]
 [3.74876874e-06 3.52512768e-04]
 [3.08399605e-06 3.19898562e-04]
 [2.87551827e-06 3.01953762e-04]
 [3.60129495e-06 3.47301726e-04]
 [2.87513497e-06 3.26355908e-04]
 [3.76184215e-06 3.33781308e-04]
 [6.20656087e-06 4.99519914e-04]
 [5.34703962e-06 2.99615635e-04]
 [5.60314337e-06 4.39850987e-04]
 [8.30975687e-06 5.14630287e-04]
 [3.36340512e-06 4.19249802e-04]
 [6.83050225e-06 3.29914663e-04]
 [2.81474951e-06 2.82725140e-04]
 [2.82512191e-06 3.34953582e-04]
 [4.63272391e-06 3.23511609e-04]
 [6.80390713e-06 3.46736521e-04]
 [7.97465526e-06 3.31084909e-04]
 [3.15578638e-06 3.45985345e-04]
 [3.46197577e-06 3.34953582e-04]]"
