,population,parents,parents_energy,parents_sigma
0,1,"[[ 9.15305961e+01 -5.61155005e+01 -2.89331630e+02  3.89587463e+02
  -2.72276453e+02  4.29638540e+02]
 [-3.23478065e+02 -3.34976644e+02 -1.27174343e+02  3.77273882e+02
   2.68956341e+02  1.83456549e+02]
 [-4.82791795e+02 -1.10535016e+02  1.96373512e+02  2.15769921e+02
  -1.58708144e+02 -4.49895311e+01]
 [-4.15190360e+02 -2.29835547e+02  4.33735916e+02 -1.20310424e+02
  -1.29545420e+02 -3.20145945e+02]
 [-3.36794298e+02 -3.81429891e+02 -2.29330013e+02 -4.64297814e+02
   4.03369169e+02  1.85784070e+02]
 [ 4.95626257e+02  9.64512495e+01 -2.77277227e+02 -2.30302154e+02
   6.27496449e+01  4.73782837e+02]
 [-4.07096638e+02  7.81076874e+01  2.34079912e+02 -8.17133947e-03
  -2.63699800e+02  4.62692205e+02]
 [-1.00504972e+02  1.04171111e+02 -2.35949624e+02 -8.69295295e+00
   2.04305136e+01 -1.11087276e+02]
 [-1.70010102e+02 -4.49236119e+02 -2.16844157e+02  4.75163360e+02
   4.64282711e+02  1.86810026e+02]
 [-2.25433244e+02 -4.56517879e+02 -8.69700305e+01  1.68761932e+02
   2.06286420e+02  2.63631948e+01]
 [ 1.64617929e+02  1.40755277e+02  2.11361299e+02 -3.69106881e+02
   2.65059173e+02  1.07490252e+02]
 [ 2.53064370e+02  2.98302469e+02 -4.00685909e-01 -1.05414152e+02
   2.45676100e+02  4.77005577e+01]
 [-2.61088320e+01  2.51944107e+01 -5.41942018e+00  1.86851431e+02
  -4.41858328e+02 -5.11591952e+01]
 [-4.74586846e+02 -2.22672635e+02  3.70850038e+02 -4.71355702e+02
   4.91553864e+02  7.81844382e+01]
 [ 3.92624415e+02 -4.20617570e+02 -8.05231510e+01  3.20417080e+02
   2.34309510e+02 -2.45754058e+02]
 [ 3.65410354e+02 -2.60444051e+02  3.09237433e+02  2.99857767e+02
   1.26617900e+02 -2.72289576e+02]
 [-4.22551658e+02  1.43394921e+02 -2.63022979e+02 -4.74663455e+02
  -3.44107743e+02  1.28344446e+01]
 [-4.45884860e+02 -2.25353834e+02  6.12233858e+00  2.16879003e+02
  -3.88385365e+01  3.32906744e+02]
 [-1.90760518e+02  2.94174017e+02  1.45073763e+01  3.71792204e+02
  -4.34620819e+02 -3.46645037e+02]
 [-4.02864132e+02 -4.53322442e+02  3.36750046e+02  2.94838526e+02
   4.62644442e+02  2.49250009e+02]]","[-1119.28359904  -727.8838146   -444.02055349  -365.99224231
  -141.99385182  -105.62492746   -88.65419679    18.88339908
   121.61562701   173.24797112   214.93720024   233.97955058
   240.84861597   282.9059034    308.10385486   318.14593086
   370.54613932   489.79140795   641.87160369   930.16460338]","[[1. 1. 1. 1. 1. 1.]
 [1. 1. 1. 1. 1. 1.]
 [1. 1. 1. 1. 1. 1.]
 [1. 1. 1. 1. 1. 1.]
 [1. 1. 1. 1. 1. 1.]
 [1. 1. 1. 1. 1. 1.]
 [1. 1. 1. 1. 1. 1.]
 [1. 1. 1. 1. 1. 1.]
 [1. 1. 1. 1. 1. 1.]
 [1. 1. 1. 1. 1. 1.]
 [1. 1. 1. 1. 1. 1.]
 [1. 1. 1. 1. 1. 1.]
 [1. 1. 1. 1. 1. 1.]
 [1. 1. 1. 1. 1. 1.]
 [1. 1. 1. 1. 1. 1.]
 [1. 1. 1. 1. 1. 1.]
 [1. 1. 1. 1. 1. 1.]
 [1. 1. 1. 1. 1. 1.]
 [1. 1. 1. 1. 1. 1.]
 [1. 1. 1. 1. 1. 1.]]"
1,2,"[[  91.53059609  -56.1155005  -289.33163018  389.5874626  -272.27645346
   429.63853998]
 [-170.94049712  -56.0254276  -289.82110134  390.10469448  463.85575887
   430.92495878]
 [-336.75944079  -57.42421144 -228.02185912  386.25984538 -273.36982385
   427.35573972]
 [  91.53494696  -55.60322892 -287.81365423  389.83391403 -272.60124037
  -113.07726738]
 [-444.70064337  -56.27491746 -290.1658048   390.80363869 -273.04093358
   429.14457639]
 [  94.62074727 -229.18304794  432.61814783 -120.63532627 -129.64675663
  -319.11921375]
 [-323.47806518 -334.97664365 -127.17434258  377.27388197  268.9563414
   183.45654854]
 [-472.28983427  -55.7505612  -290.05693783 -470.3176087  -274.97809417
   434.26271927]
 [-327.52285564 -110.97758831  195.04574654  379.365575    270.30979225
   -43.79054571]
 [ -23.09970813 -230.1620712   435.71725834  186.13851492 -129.4869345
   -53.09860539]
 [-322.46269389 -337.18188467 -235.56222721  374.92858572  272.01195898
   182.34627296]
 [-473.76083667 -230.10340578  432.37426138 -121.2149849   492.68000668
  -319.55766845]
 [-482.79179478 -110.53501572  196.37351236  215.76992115 -158.70814426
   -44.98953115]
 [-324.75448586 -223.61004497 -128.7870299   375.84506356  487.20370457
    75.31414768]
 [-401.61318057 -228.05349249  435.27757722 -121.30911686 -261.04661362
  -319.19882801]
 [-482.88436847 -110.72455504 -128.37454128  213.17182523 -158.11579286
   -43.9873806 ]
 [ 367.98682098 -260.22983785   -0.59322413 -105.11436683  126.80536161
  -273.19481999]
 [-407.43958367 -232.41864124  434.53482249 -121.51407693 -132.32827218
  -323.12923146]
 [-415.19036019 -229.83554685  433.73591626 -120.31042366 -129.54542009
  -320.14594527]
 [-484.78542495 -110.67918529 -217.12096857  476.51997087  464.64303107
   185.49439704]]","[-1119.28359904 -1060.86066598  -868.55469343  -815.37028991
  -799.64999037  -756.72316784  -727.8838146   -575.45761911
  -542.86023834  -536.13800358  -464.78802765  -463.78630706
  -444.02055349  -410.83592433  -390.61398145  -386.23141646
  -381.90805808  -380.74683886  -365.99224231  -365.91566849]","[[1.         1.         1.         1.         1.         1.        ]
 [3.19718633 1.22822949 1.26795299 1.38987444 1.53985559 1.45559917]
 [3.19718633 1.22822949 1.26795299 1.38987444 1.53985559 1.45559917]
 [3.19718633 1.22822949 1.26795299 1.38987444 1.53985559 1.45559917]
 [3.19718633 1.22822949 1.26795299 1.38987444 1.53985559 1.45559917]
 [3.19718633 1.22822949 1.26795299 1.38987444 1.53985559 1.45559917]
 [1.         1.         1.         1.         1.         1.        ]
 [3.19718633 1.22822949 1.26795299 1.38987444 1.53985559 1.45559917]
 [3.19718633 1.22822949 1.26795299 1.38987444 1.53985559 1.45559917]
 [3.19718633 1.22822949 1.26795299 1.38987444 1.53985559 1.45559917]
 [3.19718633 1.22822949 1.26795299 1.38987444 1.53985559 1.45559917]
 [3.19718633 1.22822949 1.26795299 1.38987444 1.53985559 1.45559917]
 [1.         1.         1.         1.         1.         1.        ]
 [3.19718633 1.22822949 1.26795299 1.38987444 1.53985559 1.45559917]
 [3.19718633 1.22822949 1.26795299 1.38987444 1.53985559 1.45559917]
 [3.19718633 1.22822949 1.26795299 1.38987444 1.53985559 1.45559917]
 [3.19718633 1.22822949 1.26795299 1.38987444 1.53985559 1.45559917]
 [3.19718633 1.22822949 1.26795299 1.38987444 1.53985559 1.45559917]
 [1.         1.         1.         1.         1.         1.        ]
 [3.19718633 1.22822949 1.26795299 1.38987444 1.53985559 1.45559917]]"
2,3,"[[-340.81523973  -58.49520286  435.92855186  388.35109323 -273.31833869
   426.48841772]
 [-338.58895217  -54.44126026 -288.62492357  386.76010336  459.56716292
   429.45080607]
 [-321.85638064 -336.38844141 -238.31995147  390.91004736  465.5988927
   426.97467555]
 [-344.94869115  -54.62627959 -290.80666672  388.55375059 -275.87070104
   426.53700856]
 [ 378.6826515  -259.45412247  430.14592137 -105.03323617 -130.93188849
  -314.86419483]
 [ -13.07972334  -58.54235131 -290.57643624  392.93592153 -276.02934709
   431.49613825]
 [-347.56429629 -336.71666516 -287.34466669  389.46924663  461.6671094
   180.41149205]
 [-348.40460046  -57.19465719  431.16717205 -123.95314103 -274.0806321
   428.57522029]
 [  91.53059609  -56.1155005  -289.33163018  389.5874626  -272.27645346
   429.63853998]
 [  88.31604152  -59.73942437 -288.62411887  388.65187092 -271.71799136
   428.76673229]
 [ 382.32644212 -261.12150409 -226.62708618  386.20328878 -272.77802373
   425.72770974]
 [  80.71390198  -55.30602867  435.35796882  394.22752839 -134.43946601
  -321.7683269 ]
 [-170.94049712  -56.0254276  -289.82110134  390.10469448  463.85575887
   430.92495878]
 [  90.08825662  -54.06062864 -290.17781343  387.91788627 -130.51210962
   430.58957685]
 [-166.9028655   -55.45018546 -291.71012062  389.06413461 -266.74855123
   429.49151662]
 [  83.63230694 -230.71730937  432.30512224 -123.8562216   465.92738312
   432.46423475]
 [  -7.50755221  -56.01718617  436.75229553  185.00980305 -128.86578957
   434.79039382]
 [  93.22769426 -111.6173438  -288.7160417   388.8393153  -277.80486917
  -108.89258077]
 [-334.07855691 -334.44144862 -236.61840727  389.34371848 -276.39220513
   184.67385737]
 [-338.60864063 -111.21460524 -128.62564301  214.34072331 -158.40578174
   430.45144031]]","[-1372.0467471  -1308.52265421 -1267.05574968 -1255.23678985
 -1202.78392556 -1178.49772583 -1166.78564324 -1154.7229746
 -1119.28359904 -1117.04441917 -1114.43703851 -1075.14764627
 -1060.86066598 -1044.60864009 -1041.81566163 -1020.55797349
 -1007.45039918  -973.80639442  -960.96142577  -960.23099616]","[[10.22200043  1.50854769  1.43782889  1.93175096  2.37115523  1.78718405]
 [10.22200043  1.50854769  1.60770479  1.93175096  2.37115523  1.78718405]
 [10.22200043  1.22822949  1.60770479  1.93175096  2.37115523  2.11876894]
 [10.22200043  1.50854769  1.60770479  1.93175096  1.95550541  2.11876894]
 [10.22200043  1.36838859  1.60770479  1.38987444  1.95550541  2.11876894]
 [10.22200043  1.50854769  1.60770479  1.93175096  2.37115523  2.11876894]
 [10.22200043  1.50854769  1.60770479  1.93175096  1.95550541  1.78718405]
 [ 6.70959338  1.50854769  1.60770479  1.93175096  1.53985559  1.78718405]
 [ 1.          1.          1.          1.          1.          1.        ]
 [10.22200043  1.50854769  1.60770479  1.93175096  2.37115523  1.78718405]
 [10.22200043  1.36838859  1.60770479  1.6608127   2.37115523  1.78718405]
 [10.22200043  1.36838859  1.43782889  1.93175096  2.37115523  2.11876894]
 [ 3.19718633  1.22822949  1.26795299  1.38987444  1.53985559  1.45559917]
 [10.22200043  1.50854769  1.60770479  1.93175096  2.37115523  1.78718405]
 [ 6.70959338  1.50854769  1.60770479  1.6608127   2.37115523  2.11876894]
 [10.22200043  1.50854769  1.60770479  1.93175096  1.95550541  2.11876894]
 [10.22200043  1.36838859  1.60770479  1.93175096  2.37115523  2.11876894]
 [ 6.70959338  1.22822949  1.43782889  1.6608127   2.37115523  2.11876894]
 [10.22200043  1.36838859  1.43782889  1.93175096  2.37115523  2.11876894]
 [10.22200043  1.36838859  1.60770479  1.6608127   1.53985559  2.11876894]]"
3,4,"[[ 414.84742852 -335.64178254 -284.60957065  385.14526375  457.66914624
   426.8151004 ]
 [ 419.97756893 -264.65342695 -287.74593118  388.31527439 -278.29546254
   430.07328037]
 [ 430.79766521 -261.09253151  431.00687276  389.29969472 -129.71318911
   425.67302593]
 [ 390.38860534 -262.98156107 -285.71299173  392.84505872 -276.44726041
   428.08968336]
 [ 399.69286794 -256.99543878  431.07653374  389.84583012 -277.18556647
  -317.01143091]
 [ 400.30791506 -261.94161995 -288.42153188  390.07769504 -127.16833654
   427.6254246 ]
 [-297.45478717  -56.53174489  436.32298605  390.59044133 -276.628356
   435.47583797]
 [-301.92292426  -55.45019004  436.10860977  387.05282551 -272.13147957
   427.00736493]
 [-340.70036038 -334.94901901 -289.64950835  390.746082   -275.15091538
   435.75692807]
 [-301.55593301  -55.49653534 -291.81037554  391.36118487 -277.83286392
   429.22584064]
 [ 399.7339001  -233.64481962  434.03102215 -120.1803179   460.36903272
   426.82406589]
 [-294.44836208  -54.2529672  -290.15305253  389.04843718 -274.04870816
   431.77373848]
 [-320.25391505  -50.55791311  434.95518208  395.37055895 -275.82984722
  -323.81099305]
 [-303.0260991   -61.43995081 -285.97364551  386.07053096 -274.50363326
   427.07997121]
 [-295.41920551 -335.35319861 -285.703047    386.86985334 -280.0270069
   182.14455611]
 [-153.49656907 -338.8947657  -291.104043    391.01897008  462.35421499
   428.33361092]
 [-290.30033234 -338.12282696 -289.56156505  387.03220313 -281.5360084
   183.64462104]
 [ -97.78925669 -337.68416048 -297.60920347  391.55115367 -268.00229427
   425.18501801]
 [-343.26093162  -52.86613012  437.27406269  389.09671461 -274.96184134
   425.97686598]
 [-340.81523973  -58.49520286  435.92855186  388.35109323 -273.31833869
   426.48841772]]","[-1786.83278446 -1765.07459376 -1763.05743218 -1658.3130724
 -1653.63822689 -1604.10003069 -1555.95052859 -1531.27312737
 -1498.31588973 -1488.14016542 -1435.02102153 -1434.01250402
 -1418.64732314 -1404.95309279 -1399.65508046 -1397.1999826
 -1396.22004284 -1392.62301429 -1375.82771148 -1372.0467471 ]","[[32.68164006  1.45446236  2.03849409  2.30832112  3.65123664  2.60142362]
 [32.68164006  1.50854769  1.65322354  2.30832112  3.01119594  2.84275096]
 [32.68164006  1.85284276  1.65322354  2.30832112  3.01119594  3.0840783 ]
 [27.06673016  1.76676899  1.93079677  2.68489127  3.33121629  3.0840783 ]
 [32.68164006  1.68069522  2.03849409  2.68489127  3.65123664  2.84275096]
 [27.06673016  1.85284276  2.03849409  2.68489127  3.33121629  3.0840783 ]
 [32.68164006  1.68069522  2.03849409  2.4966062   3.01119594  2.84275096]
 [27.06673016  1.68069522  1.82309944  2.30832112  3.65123664  3.0840783 ]
 [32.68164006  1.59462145  2.03849409  2.68489127  3.65123664  2.0285114 ]
 [32.68164006  1.68069522  2.03849409  2.68489127  2.69117559  2.84275096]
 [27.06673016  1.76676899  1.65322354  2.68489127  3.65123664  2.60142362]
 [32.68164006  1.76676899  2.03849409  2.4966062   2.27552576  2.84275096]
 [27.06673016  1.68069522  2.03849409  2.30832112  2.69117559  2.84275096]
 [32.68164006  1.76676899  2.03849409  2.68489127  2.59554611  3.0840783 ]
 [32.68164006  1.76676899  1.82309944  2.68489127  3.33121629  3.0840783 ]
 [32.68164006  1.85284276  2.03849409  2.4966062   3.01119594  2.84275096]
 [32.68164006  1.76676899  2.03849409  2.68489127  3.33121629  3.0840783 ]
 [32.68164006  1.85284276  2.03849409  2.30832112  1.95550541  3.0840783 ]
 [32.68164006  1.76676899  2.03849409  2.30832112  3.01119594  2.0285114 ]
 [10.22200043  1.50854769  1.43782889  1.93175096  2.37115523  1.78718405]]"
4,5,"[[ 424.11780307 -332.32494663 -286.19890765  387.01281028  457.74089572
   424.12195747]
 [-306.48643475 -334.34593983  436.90858494  395.15334901 -275.26059056
   439.20403358]
 [ 414.84742852 -335.64178254 -284.60957065  385.14526375  457.66914624
   426.8151004 ]
 [ 430.79766521 -335.64178254  431.00687276  385.14526375 -129.71318911
   426.8151004 ]
 [ 422.06603282 -264.82665288 -287.50406809  396.3682896  -272.35392812
   433.98252012]
 [ 419.97756893 -264.65342695 -287.74593118  388.31527439 -278.29546254
   430.07328037]
 [ 430.79766521 -261.09253151  431.00687276  389.29969472 -129.71318911
   425.67302593]
 [ 438.17182738 -265.10496764 -289.24019591  393.29187044 -280.26447925
   436.03628694]
 [ 400.30791506 -334.94901901 -289.64950835  390.746082   -275.15091538
   427.6254246 ]
 [ 419.97756893 -264.65342695 -287.74593118  388.31527439 -278.29546254
   435.47583797]
 [ 438.62941877 -265.76595457 -288.69897472  384.93993202  458.23096268
   427.16530903]
 [ 399.69286794 -334.94901901 -289.64950835  389.84583012 -277.18556647
   435.75692807]
 [ 400.30791506 -338.8947657  -288.42153188  390.07769504  462.35421499
   428.33361092]
 [ 399.7339001  -264.65342695 -287.74593118  388.31527439  460.36903272
   430.07328037]
 [ 421.21922425  -51.23843699  441.08287802  388.79748094  458.71889425
   426.34540076]
 [ 444.93201234 -333.23168889 -299.21613228  385.89669712 -270.62450803
   416.72589402]
 [ 409.10451583 -261.66460082 -287.30342416  389.18664168 -274.24081477
   428.82968785]
 [-290.71134047 -333.30157592 -287.95152998  392.40481498 -275.10675198
   421.33033219]
 [ 390.38860534 -262.98156107 -291.104043    392.84505872  462.35421499
   428.08968336]
 [ 399.69286794 -256.99543878  431.07653374  391.01897008 -277.18556647
  -317.01143091]]","[-1837.03066651 -1793.18197144 -1786.83278446 -1786.5940157
 -1771.20689076 -1765.07459376 -1763.05743218 -1762.82575593
 -1756.88207252 -1749.10120838 -1740.79448359 -1737.73619533
 -1722.06493179 -1714.52241836 -1709.16615196 -1708.95138269
 -1708.55944221 -1695.77613411 -1674.15225802 -1661.67920876]","[[ 68.58546647   2.06427944   2.51643711   3.33912282   4.88319946
    4.31354388]
 [ 68.58546647   2.22285695   2.58471468   3.73166175   5.12959202
    4.48918182]
 [ 32.68164006   1.45446236   2.03849409   2.30832112   3.65123664
    2.60142362]
 [104.48929288   2.16999778   2.34046221   3.0774302    4.63680689
    4.48918182]
 [104.48929288   2.11713861   2.20390706   3.60081544   4.14402177
    3.36966478]
 [ 32.68164006   1.50854769   1.65322354   2.30832112   3.01119594
    2.84275096]
 [ 32.68164006   1.85284276   1.65322354   2.30832112   3.01119594
    3.0840783 ]
 [ 68.58546647   2.11713861   2.58471468   3.20827651   4.39041433
    4.13790594]
 [104.48929288   2.06427944   2.58471468   3.20827651   4.88319946
    2.77706156]
 [ 95.51333628   2.01142027   2.34046221   3.33912282   4.07039398
    4.13790594]
 [104.48929288   2.22285695   2.44815954   3.60081544   4.31678654
    3.54530272]
 [104.48929288   1.9585611    2.58471468   3.73166175   4.63680689
    3.72094066]
 [ 95.51333628   2.16999778   2.20390706   3.46996913   4.07039398
    4.48918182]
 [ 95.51333628   2.06427944   2.58471468   3.46996913   5.62237715
    4.48918182]
 [104.48929288   2.06427944   2.58471468   3.33912282   4.88319946
    4.48918182]
 [ 95.51333628   1.9585611    1.95965459   3.73166175   4.39041433
    4.48918182]
 [ 95.51333628   2.16999778   2.51643711   3.33912282   3.99676619
    3.36966478]
 [104.48929288   2.16999778   2.58471468   3.46996913   4.88319946
    3.54530272]
 [104.48929288   2.22285695   2.34046221   3.73166175   5.12959202
    3.36966478]
 [104.48929288   2.16999778   2.51643711   3.73166175   5.62237715
    4.48918182]]"
5,6,"[[ 430.79766521 -335.64178254  431.00687276  396.3682896  -272.35392812
   426.8151004 ]
 [ 424.11780307 -332.32494663 -289.24019591  393.29187044  457.74089572
   424.12195747]
 [ 424.32703034 -263.15439573  433.21532619  393.1263059  -276.39932445
   436.30171373]
 [ 419.97756893 -261.09253151  431.00687276  388.31527439 -278.29546254
   430.07328037]
 [ 429.90571028 -331.16095202 -280.01553467  389.24722457  451.99358047
   425.36357837]
 [ 412.76406097 -331.98722917  440.72584562  391.88493857  469.62081265
   425.13179478]
 [ 425.15002973 -261.94525556  438.74110076  393.65119407  465.2153576
   423.52423825]
 [ 424.11780307 -332.32494663 -286.19890765  387.01281028  457.74089572
   424.12195747]
 [ 422.77828063 -265.79036024 -287.37000728  397.87347664 -277.87384616
   427.2092247 ]
 [ 413.25768053 -331.64823176 -285.53519943  393.605298   -275.24104479
   423.76720048]
 [ 424.11780307 -332.32494663 -287.74593118  388.31527439  460.36903272
   424.12195747]
 [ 424.11780307 -333.23168889 -286.19890765  387.01281028  457.74089572
   416.72589402]
 [ 399.7339001  -264.65342695  441.08287802  388.79748094  460.36903272
   430.07328037]
 [ 399.69286794 -256.99543878  431.00687276  391.01897008 -277.18556647
   425.67302593]
 [ 430.79766521 -265.76595457 -288.69897472  389.29969472  458.23096268
   425.67302593]
 [-306.48643475 -334.34593983  436.90858494  395.15334901 -275.26059056
   439.20403358]
 [ 438.62941877 -265.76595457 -287.95152998  392.40481498  458.23096268
   427.16530903]
 [ 433.20820726 -333.14245184 -287.20475698  394.5465659  -270.04899434
   424.74528247]
 [ 414.84742852 -335.64178254 -284.60957065  385.14526375  457.66914624
   426.8151004 ]
 [ 430.79766521 -335.64178254  431.00687276  385.14526375 -129.71318911
   426.8151004 ]]","[-1937.27750292 -1891.24013977 -1882.02853026 -1870.86279976
 -1867.4755093  -1858.85591986 -1854.6283124  -1837.03066651
 -1835.77011577 -1833.81371103 -1830.01311553 -1829.74657881
 -1813.01140865 -1803.89422831 -1801.95088617 -1793.18197144
 -1791.52866951 -1790.2466394  -1786.83278446 -1786.5940157 ]","[[276.6761274    2.63279367   3.12244639   3.92461899   7.65243838
    5.51181557]
 [276.6761274    2.50294729   2.77615537   5.00468134   6.64722788
    5.71966528]
 [104.48929288   2.4380241    2.9310057    4.55003149   6.07811443
    4.34575566]
 [334.07173891   2.69771687   2.77615537   4.91375137   5.12959202
    6.4066201 ]
 [319.72283603   2.63279367   3.07916001   3.83368902   6.51421148
    5.8474945 ]
 [219.28051589   2.60033208   3.19072396   4.91375137   7.89883094
    5.28836891]
 [262.32722453   2.16166423   3.12244639   4.64096146   6.89362044
    4.90488125]
 [ 68.58546647   2.06427944   2.51643711   3.33912282   4.88319946
    4.31354388]
 [276.6761274    2.66525527   3.12244639   3.92461899   5.69870547
    4.13790594]
 [305.37393316   2.69771687   3.23401034   4.55003149   5.69870547
    5.46400685]
 [334.07173891   2.63279367   3.07916001   3.83368902   6.95030852
    5.8474945 ]
 [319.72283603   2.22658742   2.79445055   4.1974089    8.65764887
    5.33617763]
 [219.28051589   2.22583442   2.88102331   5.18654129   5.69870547
    5.46400685]
 [219.28051589   2.60033208   3.27729671   4.91375137   7.08332493
    4.47358487]
 [276.6761274    2.22583442   3.27729671   4.1974089    7.46273389
    6.27879088]
 [ 68.58546647   2.22285695   2.58471468   3.73166175   5.12959202
    4.48918182]
 [319.72283603   2.56787048   2.88102331   4.91375137   7.51942197
    3.91445928]
 [104.48929288   2.63279367   3.27729671   4.91375137   6.57089956
    5.46400685]
 [ 32.68164006   1.45446236   2.03849409   2.30832112   3.65123664
    2.60142362]
 [104.48929288   2.16999778   2.34046221   3.0774302    4.63680689
    4.48918182]]"
6,7,"[[ 424.32703034 -333.14245184  433.21532619  394.5465659  -276.39932445
   424.74528247]
 [ 430.79766521 -265.76595457  431.00687276  392.40481498  458.23096268
   426.8151004 ]
 [ 399.69286794 -333.23168889  431.00687276  391.01897008  457.74089572
   425.67302593]
 [ 430.79766521 -335.64178254  431.00687276  396.3682896  -272.35392812
   426.8151004 ]
 [ 430.79766521 -335.64178254  431.00687276  396.3682896  -272.35392812
   426.8151004 ]
 [ 424.32703034 -265.76595457  433.21532619  393.1263059   458.23096268
   436.30171373]
 [ 413.91639439 -334.25374867 -283.93965641  402.47601921  453.91986518
   426.8641714 ]
 [ 424.11780307 -332.32494663  438.74110076  393.65119407  465.2153576
   423.52423825]
 [ 424.11780307 -263.15439573  433.21532619  393.1263059   457.74089572
   436.30171373]
 [ 399.69286794 -332.32494663  431.00687276  391.01897008 -277.18556647
   424.12195747]
 [ 414.99507826 -264.75068496  443.55764037  398.98968325  460.93709107
   415.02207088]
 [ 397.32635245 -336.58293636  426.59165294  381.99362052  448.98732904
   427.74483441]
 [ 430.79766521 -335.64178254  431.00687276  391.01897008 -272.35392812
   425.67302593]
 [ 424.11780307 -332.32494663 -289.24019591  393.29187044  457.74089572
   424.12195747]
 [ 424.11780307 -332.32494663 -289.24019591  393.29187044  457.74089572
   424.12195747]
 [ 419.97756893 -263.15439573  431.00687276  388.31527439 -278.29546254
   430.07328037]
 [ 424.32703034 -263.15439573  433.21532619  393.1263059  -276.39932445
   436.30171373]
 [ 424.32703034 -263.15439573  433.21532619  393.1263059  -276.39932445
   436.30171373]
 [ 424.32703034 -263.15439573  433.21532619  393.1263059  -276.39932445
   436.30171373]
 [ 424.11780307 -264.65342695  441.08287802  388.79748094  460.36903272
   424.12195747]]","[-1976.5592135  -1950.92312178 -1942.10373868 -1937.27750292
 -1937.27750292 -1934.96830095 -1929.47644012 -1928.40782267
 -1919.79831846 -1916.86307524 -1915.77687837 -1908.92054184
 -1905.32400577 -1891.24013977 -1891.24013977 -1886.60366075
 -1882.02853026 -1882.02853026 -1882.02853026 -1876.09783655]","[[884.58513261   3.27354513   3.4535507    6.82949743   7.70912646
    7.0230633 ]
 [609.32843576   2.96428244   3.80605868   5.74294137   8.3370072
    7.24392657]
 [276.6761274    3.23367484   3.24447241   5.39153699   9.06730097
    8.23250598]
 [838.70901647   3.25360998   3.35537923   6.0789219   10.76123872
    8.82550546]
 [276.6761274    2.63279367   3.12244639   3.92461899   7.65243838
    5.51181557]
 [792.83290032   2.73200697   3.8767876    4.8659846    8.62912471
    6.15096166]
 [219.28051589   3.29348027   3.77861613   4.27724158   9.84124047
    4.74225687]
 [276.6761274    2.73200697   3.34198675   6.57673495  10.86365175
    7.13954107]
 [655.2045519    2.98421758   3.83774634   6.70311619  11.78365
    8.41857408]
 [953.39930682   2.98375516   3.77861613   6.0789219    7.95759824
    6.51174642]
 [597.80894039   3.25360998   3.71213233   6.0789219    8.87759649
    8.04643787]
 [460.18059197   3.29348027   3.0523746    5.2374164    9.44670994
    7.8255746 ]
 [655.2045519    2.86460672   4.00240161   6.82949743   8.58547898
    8.26730114]
 [276.6761274    2.50294729   2.77615537   5.00468134   6.64722788
    5.71966528]
 [219.28051589   3.23367484   3.54747705   6.0789219   10.95094321
    4.90488125]
 [884.58513261   2.7000078    4.12801563   6.0789219    9.69518172
    6.52309787]
 [104.48929288   2.4380241    2.9310057    4.55003149   6.07811443
    4.34575566]
 [861.64707454   2.16091122   3.65300212   6.0789219   10.90729748
    8.10467676]
 [517.57620348   2.98421758   3.61820598   5.82615942  11.0097105
    6.98826813]
 [930.46124875   2.54991449   3.1188584    6.0789219   11.78365
    7.52302873]]"
7,8,"[[ 413.91639439 -334.25374867  431.00687276  402.47601921  453.91986518
   426.8641714 ]
 [ 424.32703034 -334.25374867  433.21532619  402.47601921  453.91986518
   426.8641714 ]
 [ 424.32703034 -336.58293636  426.59165294  394.5465659   448.98732904
   427.74483441]
 [ 413.91639439 -335.64178254  431.00687276  396.3682896   453.91986518
   426.8151004 ]
 [ 399.69286794 -334.25374867  431.00687276  402.47601921  453.91986518
   426.8641714 ]
 [ 419.97756893 -334.25374867  431.00687276  402.47601921 -278.29546254
   426.8641714 ]
 [ 424.32703034 -333.14245184  433.21532619  394.5465659   457.74089572
   424.74528247]
 [ 413.91639439 -333.14245184  433.21532619  402.47601921 -276.39932445
   424.74528247]
 [ 424.11780307 -335.64178254  433.21532619  396.3682896   457.74089572
   426.8151004 ]
 [ 424.11780307 -332.32494663  438.74110076  393.65119407  457.74089572
   423.52423825]
 [ 424.11780307 -335.64178254  431.00687276  396.3682896   460.36903272
   426.8151004 ]
 [ 430.79766521 -335.64178254  431.00687276  398.98968325  460.93709107
   425.67302593]
 [ 424.32703034 -333.14245184  433.21532619  396.3682896  -276.39932445
   424.74528247]
 [ 424.11780307 -333.23168889  431.00687276  393.1263059   457.74089572
   436.30171373]
 [ 424.32703034 -332.32494663  433.21532619  394.5465659  -276.39932445
   424.74528247]
 [ 424.11780307 -332.32494663  431.00687276  391.01897008  460.36903272
   424.12195747]
 [ 424.11780307 -332.32494663  441.08287802  393.29187044  457.74089572
   424.12195747]
 [ 430.79766521 -335.64178254  431.00687276  393.1263059   458.23096268
   425.67302593]
 [ 424.32703034 -333.14245184  433.21532619  394.5465659  -276.39932445
   424.74528247]
 [ 414.99507826 -265.76595457  431.00687276  398.98968325  460.93709107
   426.8151004 ]]","[-2077.46134189 -2076.10757584 -2065.6260698  -2036.20062558
 -2028.35583588 -2026.35773604 -2014.15706113 -2013.74561829
 -2004.61962076 -1994.78457815 -1988.43380038 -1988.40915
 -1987.34924519 -1983.32863564 -1982.20919337 -1981.654353
 -1981.16718737 -1977.65893121 -1976.5592135  -1974.00996429]","[[1.39794585e+03 3.66361317e+00 4.66196881e+00 7.15296994e+00
  1.34789112e+01 8.63943735e+00]
 [1.96639018e+03 3.55967164e+00 4.47214569e+00 7.37253751e+00
  1.41772018e+01 7.02118311e+00]
 [1.41636084e+03 3.33588037e+00 3.83547164e+00 8.12762576e+00
  1.73579364e+01 1.02898047e+01]
 [2.09481104e+03 4.00842220e+00 4.85334603e+00 8.21009349e+00
  1.49643847e+01 1.08916050e+01]
 [2.90152074e+03 3.83045791e+00 4.06236532e+00 9.31648985e+00
  9.79759474e+00 9.28987388e+00]
 [1.58112762e+03 4.00842220e+00 3.98542029e+00 8.79488698e+00
  1.31651095e+01 1.11283209e+01]
 [8.84585133e+02 3.66473608e+00 3.88724882e+00 6.45035371e+00
  1.73579364e+01 1.17547745e+01]
 [2.35149140e+03 2.98516205e+00 4.75164976e+00 7.97124881e+00
  1.19529938e+01 1.21439731e+01]
 [2.00305880e+03 3.15969947e+00 4.79110763e+00 9.40431688e+00
  1.18272957e+01 8.24889780e+00]
 [1.85638431e+03 3.39830813e+00 4.16902759e+00 6.95183289e+00
  1.51993357e+01 7.32560917e+00]
 [2.46149727e+03 2.65409490e+00 4.51698617e+00 7.38645531e+00
  1.15148175e+01 8.43496590e+00]
 [2.57150313e+03 3.51980135e+00 4.78644562e+00 8.21545279e+00
  1.31651095e+01 1.21186491e+01]
 [2.86485212e+03 3.70034057e+00 4.36775812e+00 8.79488698e+00
  1.49643847e+01 1.01974412e+01]
 [2.31482277e+03 3.84298436e+00 4.52278538e+00 7.70240842e+00
  1.60537267e+01 8.30901687e+00]
 [1.96639018e+03 3.68068941e+00 4.23748210e+00 8.97054104e+00
  1.25824754e+01 1.02227651e+01]
 [2.49816589e+03 3.85522682e+00 5.03001662e+00 8.44893817e+00
  1.29166378e+01 9.21591368e+00]
 [2.20481691e+03 3.70034057e+00 5.15449343e+00 8.61923292e+00
  1.66496042e+01 7.63950650e+00]
 [2.09481104e+03 3.39859211e+00 4.28853839e+00 8.97054104e+00
  1.42996982e+01 9.85062889e+00]
 [8.84585133e+02 3.27354513e+00 3.45355070e+00 6.82949743e+00
  7.70912646e+00 7.02306330e+00]
 [2.09481104e+03 3.37603464e+00 4.58502378e+00 8.27328411e+00
  1.43685071e+01 1.11283209e+01]]"
8,9,"[[ 424.32703034 -334.25374867  431.00687276  402.47601921  448.98732904
   426.8641714 ]
 [ 424.32703034 -334.25374867  431.00687276  402.47601921  448.98732904
   427.74483441]
 [ 424.32703034 -336.58293636  426.59165294  402.47601921  448.98732904
   426.8641714 ]
 [ 424.32703034 -333.23168889  426.59165294  394.5465659   448.98732904
   427.74483441]
 [ 413.91639439 -333.14245184  431.00687276  402.47601921  453.91986518
   424.74528247]
 [ 424.32703034 -333.14245184  433.21532619  402.47601921  453.91986518
   424.74528247]
 [ 424.32703034 -335.64178254  426.59165294  396.3682896   448.98732904
   426.8151004 ]
 [ 424.32703034 -334.25374867  431.00687276  402.47601921  453.91986518
   426.8641714 ]
 [ 424.32703034 -334.25374867  431.00687276  402.47601921  453.91986518
   426.8641714 ]
 [ 424.32703034 -334.25374867  433.21532619  402.47601921  453.91986518
   424.74528247]
 [ 413.91639439 -334.25374867  431.00687276  402.47601921  453.91986518
   426.8151004 ]
 [ 413.91639439 -334.25374867  431.00687276  402.47601921  453.91986518
   426.8641714 ]
 [ 413.91639439 -334.25374867  431.00687276  402.47601921  453.91986518
   426.8641714 ]
 [ 424.32703034 -334.25374867  433.21532619  402.47601921  453.91986518
   426.8641714 ]
 [ 424.32703034 -334.25374867  433.21532619  402.47601921  453.91986518
   426.8641714 ]
 [ 424.32703034 -265.76595457  431.00687276  398.98968325  448.98732904
   426.8151004 ]
 [ 424.32703034 -334.25374867  433.21532619  394.5465659   448.98732904
   427.74483441]
 [ 413.91639439 -335.64178254  431.00687276  402.47601921  453.91986518
   426.8641714 ]
 [ 424.32703034 -336.58293636  426.59165294  394.5465659   448.98732904
   427.74483441]
 [ 424.32703034 -336.58293636  426.59165294  394.5465659   448.98732904
   427.74483441]]","[-2117.4875746  -2116.07997677 -2109.03898528 -2090.02583784
 -2087.91532418 -2086.56155812 -2084.93487175 -2082.28025476
 -2082.28025476 -2078.69454041 -2077.53404189 -2077.46134189
 -2077.46134189 -2076.10757584 -2076.10757584 -2070.0137174
 -2067.9019802  -2067.34321156 -2065.6260698  -2065.6260698 ]","[[5.34902445e+03 4.73406489e+00 5.43346010e+00 1.25862699e+01
  2.09077982e+01 1.06700438e+01]
 [6.49220851e+03 4.21017524e+00 5.83197781e+00 1.27083384e+01
  2.11459188e+01 1.25330760e+01]
 [8.74913856e+03 4.51093411e+00 5.95796830e+00 1.18821525e+01
  2.20194701e+01 1.34436686e+01]
 [6.49220851e+03 4.17425106e+00 5.22691959e+00 1.17392388e+01
  2.42797794e+01 1.11149269e+01]
 [6.81447970e+03 4.02736917e+00 5.46904849e+00 1.19833759e+01
  2.29551768e+01 1.29817231e+01]
 [7.28368331e+03 4.21285175e+00 5.95796830e+00 1.01039878e+01
  2.37421461e+01 1.39497611e+01]
 [8.57328393e+03 4.72758501e+00 5.59864415e+00 1.13574136e+01
  1.90649362e+01 1.48618176e+01]
 [7.78180913e+03 4.82166455e+00 5.43346010e+00 1.06190547e+01
  2.30429913e+01 1.13351197e+01]
 [7.04921047e+03 4.43399562e+00 5.65235143e+00 1.12204475e+01
  2.23050888e+01 1.60076621e+01]
 [5.40764266e+03 4.24851305e+00 5.38717752e+00 1.19833759e+01
  2.03870737e+01 1.60260929e+01]
 [8.22157467e+03 4.51024451e+00 5.44278375e+00 1.13574136e+01
  1.97809998e+01 1.11200593e+01]
 [7.10782868e+03 4.01369070e+00 5.72391367e+00 1.18613074e+01
  2.07503105e+01 1.23350779e+01]
 [1.39794585e+03 3.66361317e+00 4.66196881e+00 7.15296994e+00
  1.34789112e+01 8.63943735e+00]
 [1.96639018e+03 3.55967164e+00 4.47214569e+00 7.37253751e+00
  1.41772018e+01 7.02118311e+00]
 [7.51815615e+03 4.72199682e+00 5.11806292e+00 1.19833759e+01
  1.92998285e+01 1.57244036e+01]
 [6.84391777e+03 4.92326236e+00 5.72463463e+00 1.27083384e+01
  2.33092362e+01 1.39497611e+01]
 [5.75935192e+03 4.21017524e+00 5.00704300e+00 1.25862699e+01
  2.30519552e+01 1.61983746e+01]
 [6.02326283e+03 4.27299798e+00 5.84596329e+00 1.12241719e+01
  2.47204208e+01 1.49773432e+01]
 [7.92848362e+03 4.19326540e+00 5.65235143e+00 1.10650503e+01
  1.90649362e+01 1.55208808e+01]
 [1.41636084e+03 3.33588037e+00 3.83547164e+00 8.12762576e+00
  1.73579364e+01 1.02898047e+01]]"
9,10,"[[ 424.32703034 -333.14245184  426.59165294  402.47601921  448.98732904
   426.8151004 ]
 [ 424.32703034 -334.25374867  426.59165294  402.47601921  448.98732904
   426.8641714 ]
 [ 424.32703034 -334.25374867  426.59165294  402.47601921  448.98732904
   427.74483441]
 [ 424.32703034 -333.23168889  431.00687276  402.47601921  448.98732904
   427.74483441]
 [ 424.32703034 -333.23168889  431.00687276  402.47601921  448.98732904
   427.74483441]
 [ 413.91639439 -333.14245184  431.00687276  402.47601921  448.98732904
   427.74483441]
 [ 424.32703034 -334.25374867  431.00687276  402.47601921  448.98732904
   426.8151004 ]
 [ 424.32703034 -334.25374867  431.00687276  402.47601921  448.98732904
   426.8641714 ]
 [ 424.32703034 -334.25374867  431.00687276  402.47601921  448.98732904
   426.8641714 ]
 [ 424.32703034 -334.25374867  431.00687276  402.47601921  448.98732904
   426.8641714 ]
 [ 424.32703034 -334.25374867  431.00687276  402.47601921  448.98732904
   426.8641714 ]
 [ 424.32703034 -335.64178254  426.59165294  402.47601921  448.98732904
   426.8151004 ]
 [ 424.32703034 -335.64178254  426.59165294  402.47601921  448.98732904
   426.8151004 ]
 [ 424.32703034 -334.25374867  431.00687276  402.47601921  448.98732904
   427.74483441]
 [ 424.32703034 -334.25374867  431.00687276  402.47601921  448.98732904
   427.74483441]
 [ 424.32703034 -334.25374867  431.00687276  402.47601921  448.98732904
   427.74483441]
 [ 424.32703034 -334.25374867  431.00687276  402.47601921  448.98732904
   427.74483441]
 [ 424.32703034 -334.25374867  431.00687276  402.47601921  448.98732904
   427.74483441]
 [ 424.32703034 -335.64178254  426.59165294  402.47601921  448.98732904
   426.8641714 ]
 [ 424.32703034 -334.25374867  433.21532619  402.47601921  448.98732904
   424.74528247]]","[-2134.13530576 -2126.19558806 -2124.78799023 -2123.32314203
 -2123.32314203 -2119.12808161 -2117.56027459 -2117.4875746
 -2117.4875746  -2117.4875746  -2117.4875746  -2116.15015772
 -2116.15015772 -2116.07997677 -2116.07997677 -2116.07997677
 -2116.07997677 -2116.07997677 -2116.07745772 -2113.90186026]","[[1.35972730e+04 4.61208246e+00 6.82818955e+00 1.61252005e+01
  3.60211777e+01 1.90617440e+01]
 [2.44117728e+04 4.65768784e+00 5.84694279e+00 1.74933347e+01
  2.50564127e+01 2.06412483e+01]
 [2.07568003e+04 5.18784874e+00 7.25811053e+00 1.59581288e+01
  3.64420181e+01 1.95336536e+01]
 [2.17875737e+04 5.34709316e+00 7.14793382e+00 1.00943158e+01
  3.09594549e+01 1.64663802e+01]
 [1.36267111e+04 5.18784874e+00 7.19255578e+00 1.39758836e+01
  2.94618527e+01 2.23447186e+01]
 [2.36150599e+04 4.77159542e+00 7.15680029e+00 1.65850439e+01
  3.37176803e+01 1.83053403e+01]
 [2.48798938e+04 5.44596419e+00 7.21228468e+00 1.52789872e+01
  3.11403050e+01 1.73712629e+01]
 [5.34902445e+03 4.73406489e+00 5.43346010e+00 1.25862699e+01
  2.09077982e+01 1.06700438e+01]
 [1.95382013e+04 5.19925718e+00 6.61244711e+00 1.71591913e+01
  3.45605688e+01 1.99369267e+01]
 [1.27722047e+04 5.05039734e+00 6.61244711e+00 1.71591913e+01
  3.29037702e+01 1.61826137e+01]
 [2.20220465e+04 5.28645123e+00 7.32662066e+00 1.39758836e+01
  3.07761192e+01 2.03485968e+01]
 [2.00071470e+04 5.34495378e+00 6.01505682e+00 1.23504414e+01
  3.21833436e+01 1.68991845e+01]
 [1.23503185e+04 5.18422063e+00 7.48341518e+00 1.58475492e+01
  2.75510962e+01 1.86661576e+01]
 [2.04756803e+04 5.48831466e+00 7.48341518e+00 1.75781647e+01
  3.80658781e+01 1.97532229e+01]
 [6.49220851e+03 4.21017524e+00 5.83197781e+00 1.27083384e+01
  2.11459188e+01 1.25330760e+01]
 [1.40370386e+04 5.68403739e+00 7.04462773e+00 1.65850439e+01
  3.66401058e+01 1.75838695e+01]
 [2.61451400e+04 5.09330590e+00 6.13780219e+00 1.66553878e+01
  2.96090987e+01 1.67431180e+01]
 [1.18929316e+04 5.16067681e+00 6.41907917e+00 1.60548566e+01
  3.09594549e+01 2.19418006e+01]
 [2.36621194e+04 5.49443344e+00 7.21228468e+00 1.60403705e+01
  3.43466157e+01 1.76977881e+01]
 [2.05693870e+04 5.31015647e+00 7.22189785e+00 1.61252005e+01
  3.08357152e+01 1.80339918e+01]]"
10,11,"[[ 424.32703034 -333.14245184  426.59165294  402.47601921  448.98732904
   426.8151004 ]
 [ 424.32703034 -333.14245184  426.59165294  402.47601921  448.98732904
   426.8151004 ]
 [ 424.32703034 -333.14245184  426.59165294  402.47601921  448.98732904
   426.8151004 ]
 [ 424.32703034 -333.14245184  426.59165294  402.47601921  448.98732904
   426.8151004 ]
 [ 424.32703034 -333.23168889  426.59165294  402.47601921  448.98732904
   427.74483441]
 [ 424.32703034 -334.25374867  426.59165294  402.47601921  448.98732904
   424.74528247]
 [ 424.32703034 -334.25374867  426.59165294  402.47601921  448.98732904
   426.8151004 ]
 [ 424.32703034 -334.25374867  426.59165294  402.47601921  448.98732904
   426.8151004 ]
 [ 424.32703034 -334.25374867  426.59165294  402.47601921  448.98732904
   426.8151004 ]
 [ 424.32703034 -334.25374867  426.59165294  402.47601921  448.98732904
   426.8151004 ]
 [ 424.32703034 -334.25374867  426.59165294  402.47601921  448.98732904
   426.8641714 ]
 [ 424.32703034 -334.25374867  426.59165294  402.47601921  448.98732904
   426.8641714 ]
 [ 424.32703034 -334.25374867  426.59165294  402.47601921  448.98732904
   426.8641714 ]
 [ 424.32703034 -334.25374867  426.59165294  402.47601921  448.98732904
   426.8641714 ]
 [ 424.32703034 -334.25374867  426.59165294  402.47601921  448.98732904
   426.8641714 ]
 [ 424.32703034 -334.25374867  426.59165294  402.47601921  448.98732904
   426.8641714 ]
 [ 424.32703034 -334.25374867  426.59165294  402.47601921  448.98732904
   426.8641714 ]
 [ 424.32703034 -334.25374867  426.59165294  402.47601921  448.98732904
   426.8641714 ]
 [ 424.32703034 -333.14245184  431.00687276  402.47601921  448.98732904
   426.8151004 ]
 [ 424.32703034 -333.14245184  431.00687276  402.47601921  448.98732904
   426.8641714 ]]","[-2134.13530576 -2134.13530576 -2134.13530576 -2134.13530576
 -2132.03115549 -2128.78255264 -2126.26828805 -2126.26828805
 -2126.26828805 -2126.26828805 -2126.19558806 -2126.19558806
 -2126.19558806 -2126.19558806 -2126.19558806 -2126.19558806
 -2126.19558806 -2126.19558806 -2125.4272923  -2125.35459231]","[[5.09767698e+04 5.41787855e+00 9.18214846e+00 2.26643466e+01
  4.74825483e+01 2.43712687e+01]
 [7.96215445e+04 6.65286990e+00 9.03854737e+00 2.37412852e+01
  4.75757188e+01 2.88958213e+01]
 [1.35972730e+04 4.61208246e+00 6.82818955e+00 1.61252005e+01
  3.60211777e+01 1.90617440e+01]
 [2.89684731e+04 6.20280281e+00 8.22013400e+00 2.30144583e+01
  4.19751278e+01 2.55694464e+01]
 [7.49771212e+04 6.56745752e+00 8.81385465e+00 2.12379260e+01
  4.99359656e+01 2.27883454e+01]
 [6.15093359e+04 6.56745752e+00 8.08335837e+00 2.36823337e+01
  5.05849289e+01 2.76901431e+01]
 [7.46775235e+04 6.53970269e+00 8.29880834e+00 2.21601023e+01
  5.57523916e+01 2.71704435e+01]
 [4.82045025e+04 6.67435751e+00 8.08959128e+00 2.23631194e+01
  5.46415048e+01 2.50908009e+01]
 [6.68127548e+04 6.68359168e+00 9.11982262e+00 2.08022593e+01
  4.64922577e+01 2.73905298e+01]
 [5.09767698e+04 5.96187826e+00 8.90133065e+00 1.89394764e+01
  5.54674118e+01 2.48646675e+01]
 [4.35671345e+04 6.65662753e+00 9.20481660e+00 2.19280826e+01
  4.52518078e+01 2.44204975e+01]
 [6.97341617e+04 6.32299903e+00 8.99775044e+00 2.01083457e+01
  4.76711760e+01 2.73905298e+01]
 [2.44117728e+04 4.65768784e+00 5.84694279e+00 1.74933347e+01
  2.50564127e+01 2.06412483e+01]
 [4.32604816e+04 6.59093457e+00 8.22013400e+00 2.06712280e+01
  5.17531122e+01 2.22466992e+01]
 [1.71018279e+04 6.52815325e+00 8.60678848e+00 2.25424975e+01
  4.51881411e+01 2.67939250e+01]
 [5.68380615e+04 6.34801113e+00 7.40416116e+00 2.21601023e+01
  4.27066375e+01 2.68593829e+01]
 [3.02874217e+04 6.04628919e+00 8.04615747e+00 2.23530525e+01
  4.73493511e+01 2.43712687e+01]
 [4.83237421e+04 6.56482986e+00 8.93644538e+00 2.22958996e+01
  4.78123312e+01 2.24441866e+01]
 [4.28570731e+04 6.45398590e+00 8.27585035e+00 2.33627714e+01
  4.65458820e+01 1.97498781e+01]
 [4.41760217e+04 5.77146511e+00 9.32282282e+00 2.25875007e+01
  4.66592856e+01 2.67535722e+01]]"
11,12,"[[ 424.32703034 -333.14245184  426.59165294  402.47601921  448.98732904
   424.74528247]
 [ 424.32703034 -333.14245184  426.59165294  402.47601921  448.98732904
   424.74528247]
 [ 424.32703034 -333.14245184  426.59165294  402.47601921  448.98732904
   426.8151004 ]
 [ 424.32703034 -333.14245184  426.59165294  402.47601921  448.98732904
   426.8151004 ]
 [ 424.32703034 -333.14245184  426.59165294  402.47601921  448.98732904
   426.8151004 ]
 [ 424.32703034 -333.14245184  426.59165294  402.47601921  448.98732904
   426.8151004 ]
 [ 424.32703034 -333.14245184  426.59165294  402.47601921  448.98732904
   426.8151004 ]
 [ 424.32703034 -333.14245184  426.59165294  402.47601921  448.98732904
   426.8151004 ]
 [ 424.32703034 -333.14245184  426.59165294  402.47601921  448.98732904
   426.8151004 ]
 [ 424.32703034 -333.14245184  426.59165294  402.47601921  448.98732904
   426.8151004 ]
 [ 424.32703034 -333.14245184  426.59165294  402.47601921  448.98732904
   426.8151004 ]
 [ 424.32703034 -333.14245184  426.59165294  402.47601921  448.98732904
   426.8151004 ]
 [ 424.32703034 -333.14245184  426.59165294  402.47601921  448.98732904
   426.8151004 ]
 [ 424.32703034 -333.14245184  426.59165294  402.47601921  448.98732904
   426.8151004 ]
 [ 424.32703034 -333.14245184  426.59165294  402.47601921  448.98732904
   426.8151004 ]
 [ 424.32703034 -333.14245184  426.59165294  402.47601921  448.98732904
   426.8151004 ]
 [ 424.32703034 -333.14245184  426.59165294  402.47601921  448.98732904
   426.8151004 ]
 [ 424.32703034 -333.14245184  426.59165294  402.47601921  448.98732904
   426.8151004 ]
 [ 424.32703034 -333.14245184  426.59165294  402.47601921  448.98732904
   426.8151004 ]
 [ 424.32703034 -333.14245184  426.59165294  402.47601921  448.98732904
   426.8151004 ]]","[-2136.64957034 -2136.64957034 -2134.13530576 -2134.13530576
 -2134.13530576 -2134.13530576 -2134.13530576 -2134.13530576
 -2134.13530576 -2134.13530576 -2134.13530576 -2134.13530576
 -2134.13530576 -2134.13530576 -2134.13530576 -2134.13530576
 -2134.13530576 -2134.13530576 -2134.13530576 -2134.13530576]","[[2.46661436e+05 7.56046969e+00 1.10997360e+01 3.21233557e+01
  7.23538151e+01 3.44522129e+01]
 [1.39130510e+05 7.69283618e+00 1.06888514e+01 3.19929532e+01
  7.87622841e+01 3.36477668e+01]
 [1.67974527e+05 8.01107802e+00 1.10326380e+01 2.93739177e+01
  6.35706741e+01 3.62696858e+01]
 [9.79583515e+04 6.52163214e+00 1.08344713e+01 2.66058819e+01
  7.86998815e+01 4.09651829e+01]
 [1.75387792e+05 7.57590065e+00 1.03713538e+01 3.16963759e+01
  7.32386936e+01 3.45232994e+01]
 [1.75962323e+05 7.62476527e+00 1.13087307e+01 3.06919236e+01
  5.57472100e+01 3.00642678e+01]
 [1.62982232e+05 7.99666042e+00 1.15536850e+01 3.07997598e+01
  7.56501061e+01 3.56623772e+01]
 [1.92967670e+05 7.99722861e+00 1.11571451e+01 2.99505147e+01
  7.23951019e+01 3.36321244e+01]
 [1.46896127e+05 7.96867245e+00 1.12382548e+01 2.98594562e+01
  6.96930699e+01 3.75120367e+01]
 [1.20064912e+05 8.06634501e+00 9.57560628e+00 3.13625155e+01
  7.86998815e+01 3.90964954e+01]
 [8.74417584e+04 8.06371797e+00 1.03984264e+01 3.22490007e+01
  7.69106378e+01 3.76722154e+01]
 [1.88726558e+05 7.62996734e+00 1.11867282e+01 3.13934835e+01
  7.07649054e+01 3.19696240e+01]
 [1.34145278e+05 7.69444986e+00 1.10679609e+01 2.33627714e+01
  7.31880020e+01 3.45232994e+01]
 [1.39292247e+05 7.33623428e+00 1.14788718e+01 3.04727406e+01
  7.57704404e+01 3.32837664e+01]
 [1.38157148e+05 6.37668968e+00 9.99440800e+00 2.83392436e+01
  7.54023242e+01 3.39285377e+01]
 [1.62982232e+05 6.86938996e+00 1.10470091e+01 2.67469660e+01
  7.26077241e+01 3.98696324e+01]
 [2.89684731e+04 6.20280281e+00 8.22013400e+00 2.30144583e+01
  4.19751278e+01 2.55694464e+01]
 [1.96628983e+05 7.42602048e+00 8.40088844e+00 2.85616269e+01
  5.21726558e+01 2.93966450e+01]
 [1.35972730e+04 4.61208246e+00 6.82818955e+00 1.61252005e+01
  3.60211777e+01 1.90617440e+01]
 [2.17707383e+05 7.56046969e+00 9.94075874e+00 2.96038465e+01
  7.77659404e+01 4.09651829e+01]]"
12,13,"[[ 424.32703034 -333.14245184  426.59165294  402.47601921  448.98732904
   424.74528247]
 [ 424.32703034 -333.14245184  426.59165294  402.47601921  448.98732904
   424.74528247]
 [ 424.32703034 -333.14245184  426.59165294  402.47601921  448.98732904
   424.74528247]
 [ 424.32703034 -333.14245184  426.59165294  402.47601921  448.98732904
   424.74528247]
 [ 424.32703034 -333.14245184  426.59165294  402.47601921  448.98732904
   424.74528247]
 [ 424.32703034 -333.14245184  426.59165294  402.47601921  448.98732904
   424.74528247]
 [ 424.32703034 -333.14245184  426.59165294  402.47601921  448.98732904
   424.74528247]
 [ 424.32703034 -333.14245184  426.59165294  402.47601921  448.98732904
   424.74528247]
 [ 424.32703034 -333.14245184  426.59165294  402.47601921  448.98732904
   424.74528247]
 [ 424.32703034 -333.14245184  426.59165294  402.47601921  448.98732904
   424.74528247]
 [ 424.32703034 -333.14245184  426.59165294  402.47601921  448.98732904
   424.74528247]
 [ 424.32703034 -333.14245184  426.59165294  402.47601921  448.98732904
   424.74528247]
 [ 424.32703034 -333.14245184  426.59165294  402.47601921  448.98732904
   424.74528247]
 [ 424.32703034 -333.14245184  426.59165294  402.47601921  448.98732904
   424.74528247]
 [ 424.32703034 -333.14245184  426.59165294  402.47601921  448.98732904
   424.74528247]
 [ 424.32703034 -333.14245184  426.59165294  402.47601921  448.98732904
   424.74528247]
 [ 424.32703034 -333.14245184  426.59165294  402.47601921  448.98732904
   424.74528247]
 [ 424.32703034 -333.14245184  426.59165294  402.47601921  448.98732904
   424.74528247]
 [ 424.32703034 -333.14245184  426.59165294  402.47601921  448.98732904
   426.8151004 ]
 [ 424.32703034 -333.14245184  426.59165294  402.47601921  448.98732904
   426.8151004 ]]","[-2136.64957034 -2136.64957034 -2136.64957034 -2136.64957034
 -2136.64957034 -2136.64957034 -2136.64957034 -2136.64957034
 -2136.64957034 -2136.64957034 -2136.64957034 -2136.64957034
 -2136.64957034 -2136.64957034 -2136.64957034 -2136.64957034
 -2136.64957034 -2136.64957034 -2134.13530576 -2134.13530576]","[[5.40916008e+05 8.95869188e+00 1.31440771e+01 3.30009813e+01
  1.19856909e+02 5.02520859e+01]
 [3.77452623e+05 9.86452850e+00 1.44021243e+01 4.17419888e+01
  1.15581372e+02 5.88315449e+01]
 [7.08641033e+05 8.49171346e+00 1.36452807e+01 4.16435169e+01
  1.08142499e+02 5.35287193e+01]
 [5.82989154e+05 9.55421194e+00 1.15475915e+01 4.15008950e+01
  1.19856909e+02 3.57538910e+01]
 [2.46661436e+05 7.56046969e+00 1.10997360e+01 3.21233557e+01
  7.23538151e+01 3.44522129e+01]
 [1.39130510e+05 7.69283618e+00 1.06888514e+01 3.19929532e+01
  7.87622841e+01 3.36477668e+01]
 [3.48005789e+05 8.49171346e+00 1.36293297e+01 3.90004909e+01
  1.12874269e+02 3.52679954e+01]
 [5.69019080e+05 8.65750277e+00 1.38498483e+01 4.09858435e+01
  1.21234498e+02 5.32410132e+01]
 [6.16548466e+05 9.13831481e+00 1.42808790e+01 3.23826436e+01
  1.14726274e+02 5.57556578e+01]
 [5.88850525e+05 7.51482863e+00 1.36999839e+01 4.10251792e+01
  6.46356352e+01 5.43032738e+01]
 [4.82955365e+05 9.32547671e+00 1.43694576e+01 4.35876725e+01
  8.69493436e+01 5.38148850e+01]
 [5.29333871e+05 9.90732284e+00 1.43191979e+01 4.04039624e+01
  1.03514553e+02 5.02520859e+01]
 [2.38243750e+05 9.63515122e+00 1.40901948e+01 4.20177106e+01
  9.92708034e+01 5.01789746e+01]
 [5.28773473e+05 9.80454634e+00 1.35959021e+01 3.98183776e+01
  1.16543977e+02 5.08745084e+01]
 [5.88850525e+05 9.18777044e+00 1.36135547e+01 4.31614784e+01
  9.84142971e+01 4.83935220e+01]
 [6.08567816e+05 8.60169461e+00 1.33190345e+01 3.82266976e+01
  8.68016851e+01 5.38148850e+01]
 [4.00326079e+05 9.36728006e+00 1.40405159e+01 4.04213524e+01
  1.15565115e+02 4.79606547e+01]
 [4.52477229e+05 9.59689147e+00 1.42064412e+01 4.31374429e+01
  8.12626465e+01 4.61046729e+01]
 [4.54113545e+05 9.57219345e+00 8.65782336e+00 4.43507068e+01
  1.01166446e+02 3.98281926e+01]
 [5.41834449e+05 7.61846535e+00 1.33954740e+01 4.04444426e+01
  6.00515235e+01 5.35287193e+01]]"
13,14,"[[ 424.32703034 -333.14245184  426.59165294  402.47601921  448.98732904
   424.74528247]
 [ 424.32703034 -333.14245184  426.59165294  402.47601921  448.98732904
   424.74528247]
 [ 424.32703034 -333.14245184  426.59165294  402.47601921  448.98732904
   424.74528247]
 [ 424.32703034 -333.14245184  426.59165294  402.47601921  448.98732904
   424.74528247]
 [ 424.32703034 -333.14245184  426.59165294  402.47601921  448.98732904
   424.74528247]
 [ 424.32703034 -333.14245184  426.59165294  402.47601921  448.98732904
   424.74528247]
 [ 424.32703034 -333.14245184  426.59165294  402.47601921  448.98732904
   424.74528247]
 [ 424.32703034 -333.14245184  426.59165294  402.47601921  448.98732904
   424.74528247]
 [ 424.32703034 -333.14245184  426.59165294  402.47601921  448.98732904
   424.74528247]
 [ 424.32703034 -333.14245184  426.59165294  402.47601921  448.98732904
   424.74528247]
 [ 424.32703034 -333.14245184  426.59165294  402.47601921  448.98732904
   424.74528247]
 [ 424.32703034 -333.14245184  426.59165294  402.47601921  448.98732904
   424.74528247]
 [ 424.32703034 -333.14245184  426.59165294  402.47601921  448.98732904
   424.74528247]
 [ 424.32703034 -333.14245184  426.59165294  402.47601921  448.98732904
   424.74528247]
 [ 424.32703034 -333.14245184  426.59165294  402.47601921  448.98732904
   424.74528247]
 [ 424.32703034 -333.14245184  426.59165294  402.47601921  448.98732904
   424.74528247]
 [ 424.32703034 -333.14245184  426.59165294  402.47601921  448.98732904
   424.74528247]
 [ 424.32703034 -333.14245184  426.59165294  402.47601921  448.98732904
   424.74528247]
 [ 424.32703034 -333.14245184  426.59165294  402.47601921  448.98732904
   424.74528247]
 [ 424.32703034 -333.14245184  426.59165294  402.47601921  448.98732904
   424.74528247]]","[-2136.64957034 -2136.64957034 -2136.64957034 -2136.64957034
 -2136.64957034 -2136.64957034 -2136.64957034 -2136.64957034
 -2136.64957034 -2136.64957034 -2136.64957034 -2136.64957034
 -2136.64957034 -2136.64957034 -2136.64957034 -2136.64957034
 -2136.64957034 -2136.64957034 -2136.64957034 -2136.64957034]","[[1.40250918e+06 1.03955807e+01 1.70746285e+01 5.56128167e+01
  1.23207642e+02 6.40324859e+01]
 [1.56951651e+06 1.11440101e+01 1.46418032e+01 4.90690593e+01
  1.81257960e+02 6.10090675e+01]
 [1.66727523e+06 1.13035440e+01 1.69525183e+01 5.96614734e+01
  1.44038160e+02 6.46262120e+01]
 [1.16374551e+06 1.11840826e+01 1.58545155e+01 5.73861118e+01
  1.38095719e+02 7.76053906e+01]
 [1.26048413e+06 1.06413726e+01 1.77288221e+01 5.03233962e+01
  1.59225882e+02 8.19840248e+01]
 [1.32218726e+06 1.15207705e+01 1.78160761e+01 5.10118274e+01
  1.70172024e+02 7.55316269e+01]
 [1.83179967e+06 1.01446607e+01 1.67769907e+01 5.62126970e+01
  1.16709488e+02 5.97096159e+01]
 [1.57624553e+06 1.16696733e+01 1.77045289e+01 5.55732166e+01
  1.26196123e+02 7.81246305e+01]
 [2.07416114e+06 1.14793563e+01 1.58302222e+01 4.99949881e+01
  1.70166953e+02 7.18045160e+01]
 [9.45740089e+05 1.09674713e+01 1.78585132e+01 5.14435342e+01
  1.49471407e+02 6.84607063e+01]
 [1.70999829e+06 1.11608527e+01 1.72702696e+01 5.65889366e+01
  1.49630583e+02 6.34470104e+01]
 [1.35524179e+06 1.15290623e+01 1.57648564e+01 5.61564345e+01
  1.44696524e+02 8.19840248e+01]
 [1.32836882e+06 1.05459944e+01 1.78342199e+01 5.65881412e+01
  1.46529761e+02 7.54784165e+01]
 [1.48525219e+06 1.12991195e+01 1.71118980e+01 5.04140177e+01
  9.60001090e+01 7.54846891e+01]
 [1.73622189e+06 9.93917059e+00 1.75735270e+01 5.70299321e+01
  1.72251227e+02 6.77357293e+01]
 [1.91418478e+06 1.11084790e+01 1.69363705e+01 5.79238496e+01
  1.55275663e+02 7.30936841e+01]
 [1.63295702e+06 1.04055247e+01 1.58302222e+01 5.29114248e+01
  1.50897317e+02 7.71523918e+01]
 [1.24555946e+06 1.03955807e+01 1.71230893e+01 5.57494899e+01
  1.79186203e+02 5.97096159e+01]
 [1.61281088e+06 9.89349837e+00 1.72914619e+01 5.03233962e+01
  1.84562332e+02 7.81246305e+01]
 [1.80750527e+06 1.15594338e+01 1.74976964e+01 5.93308808e+01
  1.42265101e+02 7.79152382e+01]]"
