,population,best_x,best_energy,running_time
0,16,"[ 418.7333062   421.50770641  419.77200743 -310.98771816  421.19242071
  395.26613171]",-2305.773113092945,0.359839
1,12,"[ 392.19394578  419.01711657  420.50612214  445.52519833  422.86671583
 -305.65361494]",-2219.718209913648,0.221975
2,39,"[443.13351389 420.85696641 443.66174489 442.75244731 421.49305429
 448.93980244]",-2233.9498237350285,0.954048
3,22,"[ 400.23008951  419.72667389 -292.46103393  421.50810898  429.45039229
  415.70504705]",-2317.341144198618,0.465101
4,30,"[408.29447009 399.73952865 444.01146314 419.86096824 417.22559808
 400.22494039]",-2318.3295119054733,0.564
5,17,"[428.67686693 423.03286785 414.01933192 420.1912854  438.2223416
 421.38855379]",-2462.4427741607606,0.321001
6,26,"[ 426.80050777  420.10910854  414.12250337 -307.53446812  446.13032654
 -311.67082073]",-2174.8056400230917,0.483001
7,32,"[ 445.57357992 -296.70610232  416.12796612 -304.58249662  419.87006474
  412.27914955]",-2184.8160084155684,0.600524
8,10,"[ 176.3670438   423.37590984  453.19761253  443.97759312  420.6399234
 -337.14830627]",-1756.9990389958043,0.179023
9,14,"[ 421.15105422  421.19308688  419.41577653  441.94665463  414.5378361
 -299.01890394]",-2333.6249017477135,0.26006
10,20,"[ 421.29489743 -302.40833544  420.86856602  381.96489596  416.54208813
  418.04055626]",-2217.332290519754,0.398099
11,12,"[420.53904596 398.18247301 418.52148796 423.17886573 416.78758119
 418.65023184]",-2446.3952325436217,0.215999
12,27,"[401.13264523 422.89104038 413.67840914 422.07027565 440.78657364
 422.23292799]",-2409.1460356023717,0.506
13,20,"[ 425.23605928  422.78511139  396.96685736 -286.29385314 -298.27627176
  464.95268485]",-1943.8163395152596,0.363
14,15,"[ 425.76740563  425.85403647 -321.8061442   424.54171158  421.34142517
  397.50814689]",-2274.648681636442,0.273804
15,36,"[ 383.86598541  450.19025634  436.16889763 -125.2014542   388.51552774
  419.64229072]",-1800.5396023869127,0.727183
16,21,"[420.73222422 418.47589616 421.98491425 422.98537352 422.84508312
 433.16488085]",-2493.3006539947073,0.404124
17,16,"[422.86680237 424.37574643 423.34880225 423.00511122 208.77585166
 449.29796343]",-2192.0540504952073,0.316981
18,12,"[426.3912432  385.31816928 420.20582197 393.60513855 424.27737356
 426.70506931]",-2266.6348033512895,0.214025
19,40,"[ 420.89585668  368.65840448  420.96144309  453.51895155 -308.23406107
  430.56261982]",-1958.9739032289083,0.780926
20,13,"[393.19746019 435.37922419 442.86139731 419.59193333 418.55318143
 414.81386076]",-2330.0161798291065,0.226002
21,12,"[ 402.51130103  414.5718979   419.0678714  -300.37641789  425.16989232
 -302.58304476]",-2226.6680079540306,0.208899
22,17,"[428.54463598 421.18559865 433.90259132 423.97167248 426.18823592
 409.98719251]",-2465.972525359015,0.309003
23,21,"[ 404.77449541 -292.07953658  437.44978146  426.99287922  401.71895689
  438.61132181]",-2226.289754263699,0.397993
24,24,"[ 420.92805055  423.34617716 -299.44927099  401.65344431  419.5043956
 -302.16579699]",-2228.983307365759,0.442044
25,13,"[ 419.82413028 -281.6635276   420.35598145  421.02572607  418.72053083
  432.3713452 ]",-2325.423662602482,0.239
26,16,"[ 409.70359724  421.72347912  207.60430367  420.75785866  415.6496065
 -340.41527232]",-1988.7813273144334,0.30203
27,12,"[ 412.17054354  413.38486429  422.01532505 -294.46916217 -303.29096163
  414.7295191 ]",-2246.8598064992457,0.215974
28,14,"[ 413.47132985  418.10259043 -299.41204769  420.92029684  421.06429681
  419.57863584]",-2385.902150253834,0.243121
29,28,"[-302.90890354  421.00190514  393.7584562   430.47283475  398.90135412
  439.54232966]",-2192.5611375698695,0.534999
30,18,"[ 419.40103426  383.54706733  413.93991706  444.68513846  194.2486511
 -280.12577253]",-1868.312113499475,0.33301
31,13,"[222.18922812 413.90589482 411.26967351 422.30223597 435.78956959
 420.91291305]",-2208.77616559731,0.231995
32,21,"[-498.84363846  420.64012426 -302.41249556 -296.85017227  421.97592872
  437.59814045]",-1987.2764361542118,0.397993
33,16,"[441.43645298 419.75754152 412.27432635 408.3410391  424.99053858
 405.031015  ]",-2398.708813372814,0.303002
34,14,"[452.40397362 408.98063884 418.41486201 407.8626658  421.00401617
 448.23771543]",-2262.1641856013707,0.255999
35,10,"[ 390.9644396   413.92454586  432.35349293 -308.33174066  446.70068173
  396.57634121]",-2107.6854092273843,0.163994
36,32,"[ 420.92950912  440.78211704 -336.40572745  423.69870821  421.06403109
 -298.87202445]",-2088.590020241758,0.637084
37,14,"[ 421.80294618  420.44594865 -293.62246771 -298.32451632  425.69050095
  211.68363465]",-2036.894655104528,0.247109
38,16,"[-301.56766972 -305.06331976 -284.02199692  422.32386474  397.16017331
  437.95407121]",-2010.581043393638,0.285988
39,12,"[ 438.85006338  418.22244282  412.31551916  421.90455061 -313.85636897
 -294.0648442 ]",-2201.4024215075474,0.209022
40,97,"[ 420.96859776  415.92522151 -315.89521173  421.03202839  194.71102145
 -320.10538304]",-1985.096569837791,1.831601
41,19,"[ 421.6378017   423.99370066  417.09925891  425.84919571 -302.3480337
 -321.64559465]",-2225.306548477856,0.348995
42,18,"[ 420.68842379  424.63516091  418.34258057 -308.43099952  420.47000493
  409.33444599]",-2371.543836657127,0.332019
43,15,"[420.14909934 434.94413861 427.18458095 376.66637567 395.05552935
 410.94899037]",-2171.3815742042107,0.258874
44,80,"[385.55222039 421.12074164 420.87848516 418.20929183 436.80456268
 432.05790311]",-2319.7920577165564,1.509102
45,22,"[418.02977055 433.06319466 416.32500364 396.8618077  418.38969962
 418.60864155]",-2419.6402699706587,0.409028
46,13,"[ 418.8771095   401.70691701  427.0131094  -299.80231068  399.82423361
  422.75250369]",-2288.6769230070736,0.234976
47,25,"[454.50104525 433.14335169 427.05148692 419.75078485 423.0234872
 398.65165829]",-2293.1333987691614,0.48439
48,16,"[418.08999944 422.82632067 428.86069059 457.31414762 444.51014647
 420.50975722]",-2277.4621825645595,0.300587
49,21,"[ 420.80662443 -139.03932692  404.16744293  416.02992374  400.29326904
  420.92280513]",-2101.8868192665323,0.395079
