,population,parents,parents_energy,parents_sigma
0,1,"[[-354.81112223  449.78708625  471.95005332 -302.67539254  443.39437935
  -269.4067117 ]
 [-277.73024765  -57.42397295  382.74156575  359.95137087  361.60321023
  -151.32285513]
 [  40.4358849  -144.94357038  174.59945156 -449.07561186 -267.8410284
   428.67126636]
 [ 260.73243995 -137.51316579 -310.93073587  472.20796962 -355.22867877
  -167.58871855]
 [ 425.46711981 -167.60974258  270.40661917  397.7898977   326.47081273
   127.91451227]
 [  27.5467027   365.07026004  470.14807917   75.76276516  300.53364064
  -127.82322204]
 [-478.95686457   53.39650677 -472.43035049  143.59802031  221.75796971
  -142.04424641]
 [ -39.42383979  -11.45260864   55.40106294  -25.95937523  110.4519384
    67.21136792]
 [ -68.18166165    7.28458364  341.60241822   -9.39335868  428.74771335
  -202.70514105]
 [ -86.93782662 -114.68054191  274.97931621 -103.53622768 -486.61372471
   242.5747462 ]
 [ 277.32392744 -381.03595286 -310.86684045  -41.50701272   60.76589028
  -128.19997815]
 [ 476.66280947  -14.35531489  321.68339268  165.67255821  -44.44702911
  -344.37429767]
 [ 375.0299861   297.90648169  129.3291119   475.58792015  -50.61935764
    18.81809451]
 [ 298.2703515    25.39935495  413.01723488 -495.28784957 -437.79207774
   -58.01085774]
 [-154.17370719  479.78436108  286.95596318 -132.29032316 -216.93933468
   -17.71775459]
 [ -60.0239921  -394.56291866  262.92437404 -250.28271382 -279.80391995
    20.36318866]
 [ -67.20615444 -256.09488702 -144.7825832   389.0359238  -417.77997198
   311.48166204]
 [-149.57768649 -387.06608519  181.98168561 -416.26986517 -104.59743572
   -60.57082693]
 [ 494.80045956  396.83598614  317.84937888  261.51374152 -144.08873389
  -410.26952328]
 [-112.47276585  -29.12150951  475.52627376 -387.99659894 -403.32586441
   268.78049421]]","[-1278.13649614  -566.14037521  -434.45338285  -343.54334123
  -174.83938012   -83.50675193   -43.70358363   -43.39925108
   -26.75362684   -26.24554985    -5.63949659    38.52678408
   201.3217206    221.97668637   254.69884157   275.88293286
   324.77870623   491.04391959   491.26719005   628.10166152]","[[1. 1. 1. 1. 1. 1.]
 [1. 1. 1. 1. 1. 1.]
 [1. 1. 1. 1. 1. 1.]
 [1. 1. 1. 1. 1. 1.]
 [1. 1. 1. 1. 1. 1.]
 [1. 1. 1. 1. 1. 1.]
 [1. 1. 1. 1. 1. 1.]
 [1. 1. 1. 1. 1. 1.]
 [1. 1. 1. 1. 1. 1.]
 [1. 1. 1. 1. 1. 1.]
 [1. 1. 1. 1. 1. 1.]
 [1. 1. 1. 1. 1. 1.]
 [1. 1. 1. 1. 1. 1.]
 [1. 1. 1. 1. 1. 1.]
 [1. 1. 1. 1. 1. 1.]
 [1. 1. 1. 1. 1. 1.]
 [1. 1. 1. 1. 1. 1.]
 [1. 1. 1. 1. 1. 1.]
 [1. 1. 1. 1. 1. 1.]
 [1. 1. 1. 1. 1. 1.]]"
1,2,"[[-277.08878216  450.16570754  382.31297154 -302.57272553  361.07149646
  -150.89153716]
 [ 425.36922608 -167.04280688  174.7753617   398.23201786  326.19071342
   427.98951577]
 [  26.80877561  449.96782883  467.28688538   75.82698561  443.86670111
  -128.18527707]
 [-354.3958939   449.99040993  472.09410189 -301.07483235 -354.89456883
  -269.50505695]
 [-355.04068017  450.51505066  472.51035529 -132.05123238  443.1631652
   -17.12049157]
 [ 425.78752129    7.91882616  269.61382759  396.97040811  429.09292458
   127.64515077]
 [ 424.30926616 -115.50813837  268.63774579  397.31538982 -487.34183285
   242.24958034]
 [-355.9169709   449.43518339  182.5752332  -303.09840691 -104.27579981
   -61.01986223]
 [ -59.77591098  449.62789841  263.41870507 -301.87822231  442.85584844
    20.72824931]
 [ 426.27470599 -114.24336828  274.55817322  397.92369202 -486.17382667
   241.69486566]
 [-277.73441138  366.29523652  381.63907169   75.60829939  360.97707346
  -151.76875411]
 [-277.88900068 -115.12483971  382.83542757  360.43275431 -486.55069604
  -151.78697222]
 [-279.0697984  -113.74391537  383.69322672  359.39405968 -484.9052122
  -151.88356065]
 [-354.88895206  449.09524671  470.42012003   -9.30064468  427.95733268
  -202.38715084]
 [ -39.18318271  -11.55018331   58.892637    -24.25746729 -267.43252027
   428.38333889]
 [ -61.13718632   24.67103946  410.28395332 -494.89075622 -280.56746968
   -57.61896578]
 [ 476.74915905   23.68135658  411.34283234  166.30538508  -43.0039521
  -343.24168551]
 [-354.17478387  449.86236222  468.82827064 -302.45174576  300.34330698
  -126.2953106 ]
 [-480.78322735   54.39983561  411.66406067  141.62750413  221.50041319
  -141.42666783]
 [-278.40560765  -56.57951105  381.5168352   360.75066952  362.04338511
  -150.60064255]]","[-1182.77378857 -1001.64232943  -988.13318651  -926.91409354
  -921.74421088  -880.34753627  -787.06325139  -775.31085006
  -767.11256441  -737.40833951  -714.72574344  -708.64482776
  -689.81740614  -676.14929908  -658.42168457  -631.21237639
  -609.36336984  -606.36721246  -589.03319127  -577.58755325]","[[0.69691827 0.93618768 1.50546773 0.85781731 0.86911941 0.84540017]
 [0.69691827 0.93618768 1.50546773 0.85781731 0.86911941 0.84540017]
 [0.69691827 0.93618768 1.50546773 0.85781731 0.86911941 0.84540017]
 [0.69691827 0.93618768 1.50546773 0.85781731 0.86911941 0.84540017]
 [0.69691827 0.93618768 1.50546773 0.85781731 0.86911941 0.84540017]
 [0.69691827 0.93618768 1.50546773 0.85781731 0.86911941 0.84540017]
 [0.69691827 0.93618768 1.50546773 0.85781731 0.86911941 0.84540017]
 [0.69691827 0.93618768 1.50546773 0.85781731 0.86911941 0.84540017]
 [0.69691827 0.93618768 1.50546773 0.85781731 0.86911941 0.84540017]
 [0.69691827 0.93618768 1.50546773 0.85781731 0.86911941 0.84540017]
 [0.69691827 0.93618768 1.50546773 0.85781731 0.86911941 0.84540017]
 [0.69691827 0.93618768 1.50546773 0.85781731 0.86911941 0.84540017]
 [0.69691827 0.93618768 1.50546773 0.85781731 0.86911941 0.84540017]
 [0.69691827 0.93618768 1.50546773 0.85781731 0.86911941 0.84540017]
 [0.69691827 0.93618768 1.50546773 0.85781731 0.86911941 0.84540017]
 [0.69691827 0.93618768 1.50546773 0.85781731 0.86911941 0.84540017]
 [0.69691827 0.93618768 1.50546773 0.85781731 0.86911941 0.84540017]
 [0.69691827 0.93618768 1.50546773 0.85781731 0.86911941 0.84540017]
 [0.69691827 0.93618768 1.50546773 0.85781731 0.86911941 0.84540017]
 [0.69691827 0.93618768 1.50546773 0.85781731 0.86911941 0.84540017]]"
2,3,"[[ 425.45843592  450.08989136  475.34253905  396.61637751  429.27480327
  -270.25926647]
 [ 425.9492893   450.44028265  471.83358711 -133.24454256  443.86761939
   427.01210686]
 [-277.51963039  450.32331383  379.33563956 -303.28273302 -268.52577712
   428.01331762]
 [ 426.47058837  451.3071301   386.035376    396.74168259  429.22829249
   127.17591033]
 [ 425.71254954 -166.98548579  176.29564812  398.16139212  443.42620043
   428.28337322]
 [ 425.18287219    8.5923259   471.27427795  396.36903543  427.50287078
  -127.13723693]
 [-277.70900338  450.46822531  382.78287396 -301.23884378  442.59835312
    20.86251592]
 [ 423.68429247 -113.93462691  469.48075785  397.55889524  445.09383327
   242.28065493]
 [ 425.98394365 -115.2112375   413.1147612   398.48157815 -484.5671037
  -141.88247258]
 [-276.69323476  450.74488827  383.30745807 -302.57259226 -281.71358038
  -151.71028883]
 [ 425.48978116  448.13527551  264.81090709 -303.55779153  429.77824869
  -151.24817864]
 [-353.46811149  449.84305383  462.70799832 -303.78992454  443.67871506
  -127.77963392]
 [-278.4820704   449.914638    385.29971021  361.68763721  443.21892485
  -149.80496859]
 [ -39.54582883  451.57911872  467.28471428   76.88912672  444.62178603
   428.05107456]
 [-277.50314496  450.25808748  384.58396785  397.37678811  362.35357979
  -150.35657447]
 [ 425.23914207 -166.87370547  170.46461024  397.69967259  444.26215357
  -128.39394548]
 [ 425.4978796  -167.07076186  177.05762043  398.3708754  -355.34332827
   429.00317998]
 [-277.94139885  451.6011949   383.27452177  396.66622985  361.8785826
   242.01132627]
 [-277.67737601  368.04525763  382.46733354  396.77336057  428.56768699
   127.67199237]
 [-277.06587132  450.46973905  381.55370599   74.95882605  444.05268247
  -149.83512651]]","[-1758.76384204 -1736.29585095 -1643.82911968 -1634.30610949
 -1597.28568847 -1431.26526346 -1431.0984289  -1409.20584038
 -1392.64053339 -1373.00817999 -1352.51835112 -1325.09203617
 -1284.75927517 -1284.66450785 -1268.57882073 -1265.5115743
 -1244.28631777 -1234.1502534  -1234.10450852 -1229.80388238]","[[0.48569508 0.87644737 2.2664331  0.73585055 0.75536855 0.71470145]
 [0.48569508 0.87644737 2.2664331  0.73585055 0.75536855 0.71470145]
 [0.48569508 0.87644737 2.2664331  0.73585055 0.75536855 0.71470145]
 [0.48569508 0.87644737 2.2664331  0.73585055 0.75536855 0.71470145]
 [0.48569508 0.87644737 2.2664331  0.73585055 0.75536855 0.71470145]
 [0.48569508 0.87644737 2.2664331  0.73585055 0.75536855 0.71470145]
 [0.48569508 0.87644737 2.2664331  0.73585055 0.75536855 0.71470145]
 [0.48569508 0.87644737 2.2664331  0.73585055 0.75536855 0.71470145]
 [0.48569508 0.87644737 2.2664331  0.73585055 0.75536855 0.71470145]
 [0.48569508 0.87644737 2.2664331  0.73585055 0.75536855 0.71470145]
 [0.48569508 0.87644737 2.2664331  0.73585055 0.75536855 0.71470145]
 [0.48569508 0.87644737 2.2664331  0.73585055 0.75536855 0.71470145]
 [0.48569508 0.87644737 2.2664331  0.73585055 0.75536855 0.71470145]
 [0.48569508 0.87644737 2.2664331  0.73585055 0.75536855 0.71470145]
 [0.48569508 0.87644737 2.2664331  0.73585055 0.75536855 0.71470145]
 [0.48569508 0.87644737 2.2664331  0.73585055 0.75536855 0.71470145]
 [0.48569508 0.87644737 2.2664331  0.73585055 0.75536855 0.71470145]
 [0.48569508 0.87644737 2.2664331  0.73585055 0.75536855 0.71470145]
 [0.48569508 0.87644737 2.2664331  0.73585055 0.75536855 0.71470145]
 [0.48569508 0.87644737 2.2664331  0.73585055 0.75536855 0.71470145]]"
3,4,"[[ 425.71880172  448.8066741   414.07386879  399.23147154  429.47660815
  -269.77498879]
 [ 425.64264298  451.57589684  178.52414479  397.10647759  429.04612897
   428.88725895]
 [ 425.33682135  450.43233991  468.55727301  398.71105873  445.44121916
   428.9794501 ]
 [ 426.39567656  446.53238071  406.0563246   398.80981535  430.32616057
  -141.57471441]
 [ 425.75756125  450.74892416  387.79233316  396.43489859  428.99531029
  -271.06825827]
 [ 426.11886148  449.6701537   476.73071467  396.73633579  443.77138049
   427.62539966]
 [ 426.17175586  451.32049286  392.31322933  395.97783845  428.85066565
  -126.49313811]
 [ 426.13218781  451.69074137  167.07970367  397.34621377  443.65191524
   426.90894577]
 [ 425.56231734  448.98628549  382.81793651  395.24716802  427.97621068
  -126.9085729 ]
 [ 426.17658848  451.09525918  383.48436028 -303.19803885 -268.60309796
   428.39628314]
 [ 425.6053267   450.72102444  378.99622392 -303.33122103 -267.85994236
   427.82049319]
 [-277.23635505  449.03155189  378.16120183 -304.38248404  445.50916412
   428.06183495]
 [ 426.98502593  450.22617846  386.82764762  397.6486036   442.33032495
  -148.71262674]
 [ 425.28691558  450.81238072  463.29606876  398.58600456  442.42445996
  -128.33332367]
 [ 425.65998557  449.29149097  460.8978565   398.43055421  444.39831926
  -142.29305931]
 [ 423.59033752  448.09781262  464.10891088  397.45538904  429.78885306
  -150.37715856]
 [ 425.44422536  368.3892082   385.4469882   396.23194638  428.6437637
  -270.42290253]
 [-277.22740864  451.14163107  387.33598175  395.04150473  428.45442704
  -269.9089349 ]
 [-277.61498011  450.5900723   380.43709056 -302.63020495 -281.12889891
   427.66554632]
 [-277.52797034  451.13518272  382.06051896  397.55261209 -268.63646267
   427.43828156]]","[-2101.37990388 -2020.10090648 -2002.23327566 -1999.72059909
 -1959.12615679 -1923.8662221  -1920.01071748 -1899.20268867
 -1864.50835113 -1862.04148122 -1824.19200149 -1816.43640763
 -1780.15286865 -1776.25331625 -1759.64011201 -1753.53157643
 -1750.71938501 -1746.21181105 -1728.95245168 -1714.44298282]","[[0.33848977 0.82051923 3.4120419  0.63122534 0.65650547 0.60420873]
 [0.33848977 0.82051923 3.4120419  0.63122534 0.65650547 0.60420873]
 [0.33848977 0.82051923 3.4120419  0.63122534 0.65650547 0.60420873]
 [0.33848977 0.82051923 3.4120419  0.63122534 0.65650547 0.60420873]
 [0.33848977 0.82051923 3.4120419  0.63122534 0.65650547 0.60420873]
 [0.33848977 0.82051923 3.4120419  0.63122534 0.65650547 0.60420873]
 [0.33848977 0.82051923 3.4120419  0.63122534 0.65650547 0.60420873]
 [0.33848977 0.82051923 3.4120419  0.63122534 0.65650547 0.60420873]
 [0.33848977 0.82051923 3.4120419  0.63122534 0.65650547 0.60420873]
 [0.33848977 0.82051923 3.4120419  0.63122534 0.65650547 0.60420873]
 [0.33848977 0.82051923 3.4120419  0.63122534 0.65650547 0.60420873]
 [0.33848977 0.82051923 3.4120419  0.63122534 0.65650547 0.60420873]
 [0.33848977 0.82051923 3.4120419  0.63122534 0.65650547 0.60420873]
 [0.33848977 0.82051923 3.4120419  0.63122534 0.65650547 0.60420873]
 [0.33848977 0.82051923 3.4120419  0.63122534 0.65650547 0.60420873]
 [0.33848977 0.82051923 3.4120419  0.63122534 0.65650547 0.60420873]
 [0.33848977 0.82051923 3.4120419  0.63122534 0.65650547 0.60420873]
 [0.33848977 0.82051923 3.4120419  0.63122534 0.65650547 0.60420873]
 [0.33848977 0.82051923 3.4120419  0.63122534 0.65650547 0.60420873]
 [0.33848977 0.82051923 3.4120419  0.63122534 0.65650547 0.60420873]]"
4,5,"[[ 426.361199    451.1963072   414.24752454  398.61505057  430.33490605
   427.12496301]
 [ 425.67853982  452.40603235  413.3841058   397.42374319  429.87613475
   426.87076982]
 [ 426.32155494  451.98765633  400.56885382  397.57647957  430.8525705
   426.79312018]
 [ 425.65106036  452.51704016  393.17886166  396.54361262  428.46848024
   427.72497068]
 [ 426.98329013  450.7232588   394.80603358  396.73811883  442.55822925
   429.35997277]
 [ 425.30888163  450.0887616   391.35108796  396.10807581  442.63678294
   429.25324701]
 [ 425.94075952  449.32938607  390.32147137  397.1673038   444.2154952
   428.31984448]
 [ 425.66824069  449.377447    453.78436656  398.61506359  444.06188534
   428.32928181]
 [ 425.63082103  447.84482269  421.58759781  397.94135554  429.41958956
  -270.0807096 ]
 [ 425.73693319  451.50076039  383.29161131 -303.80585813  427.6040574
   428.23496935]
 [ 425.79586001  451.99963871  378.01887916  396.64135149  429.5469879
   428.52007194]
 [ 425.38111565  450.43010672  414.38498491  399.08628214  429.11228184
  -269.64508157]
 [ 425.36633194  449.82955093  381.23503348  399.26456977  445.27492142
   429.42557623]
 [ 426.81155614  450.53340118  379.07441782  397.85579759  441.99589967
   427.50250082]
 [ 425.6511867   450.97804486  377.99943279 -303.95519233  427.66188595
   427.22119128]
 [ 423.11563354  448.49779721  464.88703612 -304.85070033  430.57449289
   427.81059564]
 [ 423.63972529  451.04338997  469.1786239   398.55675458  430.4234031
   429.58105145]
 [ 425.72438723  448.90645016  418.06547559  398.78184635  427.84880459
  -127.52807872]
 [ 425.78993434  448.95088637  375.76688662  396.63060243  445.23889938
   428.22616218]
 [ 426.18239176  451.27052553  388.94751718  395.7986878  -281.07983357
   427.62855492]]","[-2316.27732177 -2301.88108288 -2258.98037316 -2212.28632123
 -2180.58537405 -2161.34379681 -2158.0196592  -2147.78015483
 -2109.05205227 -2102.61508335 -2097.77619199 -2090.41605261
 -2089.27136542 -2078.68605262 -2064.03084543 -2058.3295382
 -2054.03872808 -2051.12141545 -2036.1895967  -2020.9341495 ]","[[0.23589971 0.76815999 5.13671899 0.54147603 0.57058165 0.51079816]
 [0.23589971 0.76815999 5.13671899 0.54147603 0.57058165 0.51079816]
 [0.23589971 0.76815999 5.13671899 0.54147603 0.57058165 0.51079816]
 [0.23589971 0.76815999 5.13671899 0.54147603 0.57058165 0.51079816]
 [0.23589971 0.76815999 5.13671899 0.54147603 0.57058165 0.51079816]
 [0.23589971 0.76815999 5.13671899 0.54147603 0.57058165 0.51079816]
 [0.23589971 0.76815999 5.13671899 0.54147603 0.57058165 0.51079816]
 [0.23589971 0.76815999 5.13671899 0.54147603 0.57058165 0.51079816]
 [0.23589971 0.76815999 5.13671899 0.54147603 0.57058165 0.51079816]
 [0.23589971 0.76815999 5.13671899 0.54147603 0.57058165 0.51079816]
 [0.23589971 0.76815999 5.13671899 0.54147603 0.57058165 0.51079816]
 [0.23589971 0.76815999 5.13671899 0.54147603 0.57058165 0.51079816]
 [0.23589971 0.76815999 5.13671899 0.54147603 0.57058165 0.51079816]
 [0.23589971 0.76815999 5.13671899 0.54147603 0.57058165 0.51079816]
 [0.23589971 0.76815999 5.13671899 0.54147603 0.57058165 0.51079816]
 [0.23589971 0.76815999 5.13671899 0.54147603 0.57058165 0.51079816]
 [0.23589971 0.76815999 5.13671899 0.54147603 0.57058165 0.51079816]
 [0.23589971 0.76815999 5.13671899 0.54147603 0.57058165 0.51079816]
 [0.23589971 0.76815999 5.13671899 0.54147603 0.57058165 0.51079816]
 [0.23589971 0.76815999 5.13671899 0.54147603 0.57058165 0.51079816]]"
5,6,"[[ 426.21220061  447.96348179  419.87837313  397.30961968  428.13298723
   426.98782173]
 [ 425.64305133  448.16465379  421.38575268  397.73390229  430.50549751
   426.68229618]
 [ 426.08591619  449.22896343  417.74508205  397.86793026  431.19549858
   426.16955857]
 [ 425.62892788  449.6429461   426.21162543  398.45367839  430.13877064
   428.08259887]
 [ 425.70512091  451.56601073  421.33771005  399.15843005  428.94540995
   427.2524172 ]
 [ 423.47101771  450.50129716  411.4279435   398.50792226  428.81531618
   429.71270794]
 [ 426.29681237  451.98055898  423.77848095  398.06526226  429.91890923
   426.79146593]
 [ 425.80793185  451.70957712  414.28830319  397.26753275  430.13566146
   427.87417031]
 [ 425.45233197  450.57287554  406.02528095  399.36228659  430.037535
   427.8298345 ]
 [ 423.25523039  449.06575359  407.050738    396.8230393   431.02803589
   428.20328323]
 [ 425.58744331  453.17364989  415.13997022  397.70738325  429.70443467
   426.95567117]
 [ 425.81492323  450.26706946  410.80838689  396.08718121  431.54073324
   425.83863191]
 [ 425.37855003  453.50023173  411.04627813  400.31287509  429.52696088
   429.1726958 ]
 [ 426.18060922  452.4757961   422.14818017  396.56468118  430.17074865
   428.40264964]
 [ 426.66479161  452.49603639  412.48191073  398.14049205  430.68397433
   427.28298216]
 [ 425.88169008  447.02933367  421.4007043  -303.59452238  427.20046078
   427.80073096]
 [ 425.89675857  454.3291438   419.4525356   397.00434929  429.59297382
   428.48905006]
 [ 425.40578665  453.18569506  411.75467322  396.63571425  429.91753929
   426.86932325]
 [ 425.83700608  448.38791438  421.31245079 -305.96415168  429.771774
   427.40351405]
 [ 426.0091245   452.52282329  436.83043976  398.7048416   430.30129269
   426.49372111]]","[-2341.59692797 -2338.93993426 -2329.81595257 -2328.18372819
 -2325.81064974 -2316.1867709  -2313.94418006 -2305.31554037
 -2303.19076342 -2302.22972592 -2301.06975071 -2301.00612394
 -2300.78729154 -2299.70857804 -2299.50057339 -2297.74331818
 -2289.65285985 -2288.50209131 -2283.57214325 -2282.77478974]","[[0.16440282 0.71914192 7.73316471 0.46448751 0.49590358 0.43182885]
 [0.16440282 0.71914192 7.73316471 0.46448751 0.49590358 0.43182885]
 [0.16440282 0.71914192 7.73316471 0.46448751 0.49590358 0.43182885]
 [0.16440282 0.71914192 7.73316471 0.46448751 0.49590358 0.43182885]
 [0.16440282 0.71914192 7.73316471 0.46448751 0.49590358 0.43182885]
 [0.16440282 0.71914192 7.73316471 0.46448751 0.49590358 0.43182885]
 [0.16440282 0.71914192 7.73316471 0.46448751 0.49590358 0.43182885]
 [0.16440282 0.71914192 7.73316471 0.46448751 0.49590358 0.43182885]
 [0.16440282 0.71914192 7.73316471 0.46448751 0.49590358 0.43182885]
 [0.16440282 0.71914192 7.73316471 0.46448751 0.49590358 0.43182885]
 [0.16440282 0.71914192 7.73316471 0.46448751 0.49590358 0.43182885]
 [0.16440282 0.71914192 7.73316471 0.46448751 0.49590358 0.43182885]
 [0.16440282 0.71914192 7.73316471 0.46448751 0.49590358 0.43182885]
 [0.16440282 0.71914192 7.73316471 0.46448751 0.49590358 0.43182885]
 [0.16440282 0.71914192 7.73316471 0.46448751 0.49590358 0.43182885]
 [0.16440282 0.71914192 7.73316471 0.46448751 0.49590358 0.43182885]
 [0.16440282 0.71914192 7.73316471 0.46448751 0.49590358 0.43182885]
 [0.16440282 0.71914192 7.73316471 0.46448751 0.49590358 0.43182885]
 [0.16440282 0.71914192 7.73316471 0.46448751 0.49590358 0.43182885]
 [0.16440282 0.71914192 7.73316471 0.46448751 0.49590358 0.43182885]]"
6,7,"[[425.45725008 448.49497751 422.27276573 399.7793995  429.75135288
  428.10354491]
 [423.46280859 447.97389967 412.70363396 399.37845337 430.4085615
  428.93280298]
 [423.64747069 450.03834951 421.13960138 398.90177711 429.48805057
  426.25026641]
 [425.32811595 448.91261912 414.50321588 399.38773787 431.3766453
  426.66390934]
 [425.62403403 449.62421338 420.43401089 398.95711827 429.79125778
  427.94433101]
 [425.45255876 448.04608792 419.05976572 396.51633293 429.33814158
  426.64444247]
 [425.35289954 449.96822051 418.30347762 399.70183571 431.81205284
  425.48822379]
 [425.50103915 449.82258271 426.30953482 399.21645234 429.52514904
  426.49486763]
 [425.74246801 449.19034602 417.27308724 398.69707488 430.04629269
  427.94092156]
 [426.05017057 448.05690298 416.66259664 397.17940163 430.54281651
  426.91684393]
 [425.72135132 449.52962877 422.48299272 397.8718472  429.2015823
  427.04160641]
 [426.13805528 449.73246701 413.02172942 398.91958652 427.2436119
  427.81433701]
 [425.91937635 448.80238569 429.29733657 399.43880347 432.03073656
  426.49026555]
 [423.40774058 448.84553998 417.9424916  396.93013601 430.43768664
  428.12719047]
 [423.38556432 448.43764777 407.44836138 400.98067948 431.25492173
  428.92673545]
 [426.0936089  447.98307043 430.97380216 397.89115683 430.04940311
  427.65190806]
 [426.01868584 449.20510655 428.82183124 398.62752299 431.54247441
  426.12905844]
 [426.24806438 449.19602512 415.97707259 397.66315246 430.96087695
  426.8229589 ]
 [425.26594991 451.92951516 420.49736566 400.12041611 429.76042784
  427.43382473]
 [425.43794467 450.26891581 413.37264596 399.35975311 429.70576485
  427.86370858]]","[-2346.99473955 -2338.66670573 -2337.46566799 -2335.76846282
 -2335.4347967  -2335.36656856 -2334.93403515 -2334.87642329
 -2334.60057383 -2333.3259691  -2332.67665645 -2331.0560328
 -2331.04816843 -2328.71235549 -2327.38798069 -2327.36998353
 -2326.80870487 -2326.56473509 -2326.54889328 -2326.4473117 ]","[[ 0.11457533  0.6732518  11.64202995  0.39844543  0.43099943  0.36506819]
 [ 0.11457533  0.6732518  11.64202995  0.39844543  0.43099943  0.36506819]
 [ 0.11457533  0.6732518  11.64202995  0.39844543  0.43099943  0.36506819]
 [ 0.11457533  0.6732518  11.64202995  0.39844543  0.43099943  0.36506819]
 [ 0.11457533  0.6732518  11.64202995  0.39844543  0.43099943  0.36506819]
 [ 0.11457533  0.6732518  11.64202995  0.39844543  0.43099943  0.36506819]
 [ 0.11457533  0.6732518  11.64202995  0.39844543  0.43099943  0.36506819]
 [ 0.11457533  0.6732518  11.64202995  0.39844543  0.43099943  0.36506819]
 [ 0.11457533  0.6732518  11.64202995  0.39844543  0.43099943  0.36506819]
 [ 0.11457533  0.6732518  11.64202995  0.39844543  0.43099943  0.36506819]
 [ 0.11457533  0.6732518  11.64202995  0.39844543  0.43099943  0.36506819]
 [ 0.11457533  0.6732518  11.64202995  0.39844543  0.43099943  0.36506819]
 [ 0.11457533  0.6732518  11.64202995  0.39844543  0.43099943  0.36506819]
 [ 0.11457533  0.6732518  11.64202995  0.39844543  0.43099943  0.36506819]
 [ 0.11457533  0.6732518  11.64202995  0.39844543  0.43099943  0.36506819]
 [ 0.11457533  0.6732518  11.64202995  0.39844543  0.43099943  0.36506819]
 [ 0.11457533  0.6732518  11.64202995  0.39844543  0.43099943  0.36506819]
 [ 0.11457533  0.6732518  11.64202995  0.39844543  0.43099943  0.36506819]
 [ 0.11457533  0.6732518  11.64202995  0.39844543  0.43099943  0.36506819]
 [ 0.11457533  0.6732518  11.64202995  0.39844543  0.43099943  0.36506819]]"
7,8,"[[425.98570616 448.74115295 419.18177491 400.8360576  430.5695333
  427.72100789]
 [426.03513657 447.81914943 422.51128996 399.15962705 430.46639627
  426.59664225]
 [425.26814205 447.58002713 413.82980723 400.53628408 431.49455228
  427.25014909]
 [423.44322212 448.19793781 420.80059272 399.62305842 430.30537792
  428.85121207]
 [426.08610505 448.07592705 424.20477473 399.57104198 431.05012167
  426.42711891]
 [423.49521365 448.13938087 423.51402365 398.7515673  430.54349423
  427.28918219]
 [425.43853746 448.30074494 413.88162888 399.65259954 429.80411894
  428.04610604]
 [425.88384949 447.32139268 427.13530727 399.43392702 432.34711305
  427.96401116]
 [425.46755242 449.01293684 420.76247932 398.73540089 429.81384769
  426.14525774]
 [425.68859467 449.27089297 417.2551934  399.81085394 430.0339109
  427.30418532]
 [425.98904269 447.85303189 417.36797399 397.9867451  429.63752506
  427.81773968]
 [425.22556343 449.643532   425.54901731 400.02468651 429.51122457
  427.29447759]
 [425.58933885 449.80640592 421.99978379 400.02942757 429.90544238
  427.56676295]
 [426.19598884 449.72903869 424.19430584 399.59452188 429.31299161
  426.51079173]
 [425.29156893 447.78995003 421.77427422 397.91540319 431.55992051
  427.19735365]
 [426.12903797 448.05377154 421.12134135 397.69066399 429.42912949
  428.04176497]
 [425.68351173 447.84954041 411.95345004 399.05504627 429.43283575
  427.48199095]
 [426.18416189 448.09873073 425.1272915  398.16372529 430.53740068
  426.98988654]
 [425.16028057 448.42591648 413.65096628 399.19142408 430.95982569
  426.46391058]
 [425.73681081 448.28437551 417.43930055 397.3462271  428.92944418
  426.59877033]]","[-2348.53944604 -2348.20669891 -2347.89371272 -2347.44406492
 -2346.37749759 -2344.70493625 -2341.53902265 -2341.36433993
 -2341.29847321 -2340.94337211 -2340.47927732 -2340.28757017
 -2339.99999614 -2339.30967666 -2339.23898823 -2339.08098197
 -2339.00609899 -2338.32820785 -2338.02538356 -2337.95940576]","[[ 0.07984964  0.63029004 17.52670045  0.34179339  0.37458997  0.30862871]
 [ 0.07984964  0.63029004 17.52670045  0.34179339  0.37458997  0.30862871]
 [ 0.07984964  0.63029004 17.52670045  0.34179339  0.37458997  0.30862871]
 [ 0.07984964  0.63029004 17.52670045  0.34179339  0.37458997  0.30862871]
 [ 0.07984964  0.63029004 17.52670045  0.34179339  0.37458997  0.30862871]
 [ 0.07984964  0.63029004 17.52670045  0.34179339  0.37458997  0.30862871]
 [ 0.07984964  0.63029004 17.52670045  0.34179339  0.37458997  0.30862871]
 [ 0.07984964  0.63029004 17.52670045  0.34179339  0.37458997  0.30862871]
 [ 0.07984964  0.63029004 17.52670045  0.34179339  0.37458997  0.30862871]
 [ 0.07984964  0.63029004 17.52670045  0.34179339  0.37458997  0.30862871]
 [ 0.07984964  0.63029004 17.52670045  0.34179339  0.37458997  0.30862871]
 [ 0.07984964  0.63029004 17.52670045  0.34179339  0.37458997  0.30862871]
 [ 0.07984964  0.63029004 17.52670045  0.34179339  0.37458997  0.30862871]
 [ 0.07984964  0.63029004 17.52670045  0.34179339  0.37458997  0.30862871]
 [ 0.07984964  0.63029004 17.52670045  0.34179339  0.37458997  0.30862871]
 [ 0.07984964  0.63029004 17.52670045  0.34179339  0.37458997  0.30862871]
 [ 0.07984964  0.63029004 17.52670045  0.34179339  0.37458997  0.30862871]
 [ 0.07984964  0.63029004 17.52670045  0.34179339  0.37458997  0.30862871]
 [ 0.07984964  0.63029004 17.52670045  0.34179339  0.37458997  0.30862871]
 [ 0.07984964  0.63029004 17.52670045  0.34179339  0.37458997  0.30862871]]"
8,9,"[[423.47751374 447.23672438 420.6626915  398.8724307  430.53943928
  426.15023939]
 [426.24251991 448.0755764  422.02240944 399.76674548 429.24550129
  425.89477303]
 [425.28351163 448.41816666 419.34053286 400.9798782  430.89532732
  427.18068229]
 [423.49808627 447.59445712 421.04188583 399.0718757  431.04115502
  427.09391747]
 [423.44322212 448.19793781 420.80059272 399.05504627 429.43283575
  427.48199095]
 [425.50659544 448.17392191 421.79397694 399.21069049 429.74584304
  427.19088856]
 [425.4486336  448.23840513 425.88203464 399.64670311 429.75293994
  426.47801632]
 [426.0407691  448.20619922 423.84792612 398.94575599 429.2581305
  426.15840193]
 [426.00643606 447.43157997 416.79826759 398.82425761 430.69013573
  426.46112949]
 [423.49131672 447.34193116 427.34892651 399.67212456 430.9241488
  428.80737592]
 [425.19015188 447.68955311 419.09148714 398.87801137 431.09783402
  427.06232404]
 [425.49178258 448.70372558 424.20160419 400.63574685 431.69594652
  427.14209055]
 [426.18700274 448.45517771 423.32578615 399.05202016 429.44610781
  426.83083872]
 [425.86204403 448.53498717 418.65293145 400.98460179 432.88615084
  428.33778921]
 [425.30595037 447.65122775 425.20242521 398.0573979  429.09547768
  428.15779679]
 [425.83468761 448.70508149 413.84371925 399.54693195 429.31011678
  426.26435194]
 [426.02544999 447.84995307 413.00297974 399.73141021 430.06021914
  428.1857752 ]
 [425.27877312 447.62690304 410.33370008 400.07580452 430.54556711
  426.18928761]
 [425.30143035 447.79076057 425.52815792 398.94034448 431.7048659
  427.56707408]
 [425.18030224 447.72658748 425.72922458 397.32907613 428.99385991
  426.48648877]]","[-2353.57826309 -2353.21275368 -2352.329548   -2349.76838887
 -2348.96702927 -2347.80735779 -2347.76237658 -2347.1491994
 -2346.7256627  -2346.58973229 -2346.17123653 -2345.56258581
 -2344.90113161 -2343.13553644 -2342.87239218 -2341.6689605
 -2341.66304145 -2341.51566699 -2341.15053784 -2340.82640581]","[[ 0.05564867  0.59006977 26.38588202  0.29319629  0.32556341  0.26091476]
 [ 0.05564867  0.59006977 26.38588202  0.29319629  0.32556341  0.26091476]
 [ 0.05564867  0.59006977 26.38588202  0.29319629  0.32556341  0.26091476]
 [ 0.05564867  0.59006977 26.38588202  0.29319629  0.32556341  0.26091476]
 [ 0.05564867  0.59006977 26.38588202  0.29319629  0.32556341  0.26091476]
 [ 0.05564867  0.59006977 26.38588202  0.29319629  0.32556341  0.26091476]
 [ 0.05564867  0.59006977 26.38588202  0.29319629  0.32556341  0.26091476]
 [ 0.05564867  0.59006977 26.38588202  0.29319629  0.32556341  0.26091476]
 [ 0.05564867  0.59006977 26.38588202  0.29319629  0.32556341  0.26091476]
 [ 0.05564867  0.59006977 26.38588202  0.29319629  0.32556341  0.26091476]
 [ 0.05564867  0.59006977 26.38588202  0.29319629  0.32556341  0.26091476]
 [ 0.05564867  0.59006977 26.38588202  0.29319629  0.32556341  0.26091476]
 [ 0.05564867  0.59006977 26.38588202  0.29319629  0.32556341  0.26091476]
 [ 0.05564867  0.59006977 26.38588202  0.29319629  0.32556341  0.26091476]
 [ 0.05564867  0.59006977 26.38588202  0.29319629  0.32556341  0.26091476]
 [ 0.05564867  0.59006977 26.38588202  0.29319629  0.32556341  0.26091476]
 [ 0.05564867  0.59006977 26.38588202  0.29319629  0.32556341  0.26091476]
 [ 0.05564867  0.59006977 26.38588202  0.29319629  0.32556341  0.26091476]
 [ 0.05564867  0.59006977 26.38588202  0.29319629  0.32556341  0.26091476]
 [ 0.05564867  0.59006977 26.38588202  0.29319629  0.32556341  0.26091476]]"
9,10,"[[423.50740548 447.29141046 428.11035803 400.75179451 430.69427962
  427.26822126]
 [425.45167681 447.9181272  422.11836408 400.58964036 430.59388628
  427.29459358]
 [426.21274421 448.38542062 417.85914526 400.95855982 429.49366934
  426.96244902]
 [425.43819519 446.92760531 418.25681949 398.91079308 430.00397764
  426.38555079]
 [423.50361643 447.62839882 417.12707393 400.08165247 431.07454756
  426.942088  ]
 [425.32677807 447.20396309 423.43579837 400.0288055  432.06122639
  426.55002038]
 [423.45951718 447.61449229 426.33887382 399.85354641 430.44263324
  426.20072242]
 [425.85425656 447.32653532 418.09375881 399.00160408 429.30391339
  426.95507833]
 [425.24166229 448.16800451 422.67996741 399.85002399 430.23714582
  426.24711415]
 [426.0435401  448.70032162 420.3023416  400.53656325 429.05616543
  427.50255871]
 [423.409544   447.62302915 414.02071869 399.54362295 430.13897417
  425.67465371]
 [426.0072521  447.49608362 417.89787167 399.62390463 430.25390591
  428.04945598]
 [425.8415563  447.14998136 418.49763907 398.79881016 430.77962656
  426.35567604]
 [425.82703592 448.35588507 419.0104216  400.2113326  430.91168553
  426.37420055]
 [423.50955717 446.26737801 430.37884296 398.72908682 429.25677476
  427.49573882]
 [425.4486336  448.23840513 418.65293145 399.64670311 429.75293994
  428.33778921]
 [423.40502839 446.76398092 431.3991142  399.66111896 431.28244949
  426.46925176]
 [423.40875117 449.3650085  422.023069   400.14322406 430.71858994
  427.20767525]
 [425.14756404 447.30541437 417.19306386 397.42815304 429.76557688
  426.56238242]
 [425.89478166 448.86712428 429.23916017 401.23878733 429.29588031
  428.47400881]]","[-2354.25400623 -2354.22810128 -2354.0252035  -2354.00747134
 -2352.97159239 -2352.84079773 -2352.76784333 -2352.08753001
 -2351.36715311 -2351.36452022 -2350.12983968 -2349.96537297
 -2349.91656441 -2349.35873256 -2348.54153644 -2347.11393237
 -2344.64924695 -2344.16310625 -2343.40785694 -2343.03550618]","[[3.87825766e-02 5.52416048e-01 3.97230940e+01 2.51508851e-01
  2.82953483e-01 2.20577383e-01]
 [3.87825766e-02 5.52416048e-01 3.97230940e+01 2.51508851e-01
  2.82953483e-01 2.20577383e-01]
 [3.87825766e-02 5.52416048e-01 3.97230940e+01 2.51508851e-01
  2.82953483e-01 2.20577383e-01]
 [3.87825766e-02 5.52416048e-01 3.97230940e+01 2.51508851e-01
  2.82953483e-01 2.20577383e-01]
 [3.87825766e-02 5.52416048e-01 3.97230940e+01 2.51508851e-01
  2.82953483e-01 2.20577383e-01]
 [3.87825766e-02 5.52416048e-01 3.97230940e+01 2.51508851e-01
  2.82953483e-01 2.20577383e-01]
 [3.87825766e-02 5.52416048e-01 3.97230940e+01 2.51508851e-01
  2.82953483e-01 2.20577383e-01]
 [3.87825766e-02 5.52416048e-01 3.97230940e+01 2.51508851e-01
  2.82953483e-01 2.20577383e-01]
 [3.87825766e-02 5.52416048e-01 3.97230940e+01 2.51508851e-01
  2.82953483e-01 2.20577383e-01]
 [3.87825766e-02 5.52416048e-01 3.97230940e+01 2.51508851e-01
  2.82953483e-01 2.20577383e-01]
 [3.87825766e-02 5.52416048e-01 3.97230940e+01 2.51508851e-01
  2.82953483e-01 2.20577383e-01]
 [3.87825766e-02 5.52416048e-01 3.97230940e+01 2.51508851e-01
  2.82953483e-01 2.20577383e-01]
 [3.87825766e-02 5.52416048e-01 3.97230940e+01 2.51508851e-01
  2.82953483e-01 2.20577383e-01]
 [3.87825766e-02 5.52416048e-01 3.97230940e+01 2.51508851e-01
  2.82953483e-01 2.20577383e-01]
 [3.87825766e-02 5.52416048e-01 3.97230940e+01 2.51508851e-01
  2.82953483e-01 2.20577383e-01]
 [3.87825766e-02 5.52416048e-01 3.97230940e+01 2.51508851e-01
  2.82953483e-01 2.20577383e-01]
 [3.87825766e-02 5.52416048e-01 3.97230940e+01 2.51508851e-01
  2.82953483e-01 2.20577383e-01]
 [3.87825766e-02 5.52416048e-01 3.97230940e+01 2.51508851e-01
  2.82953483e-01 2.20577383e-01]
 [3.87825766e-02 5.52416048e-01 3.97230940e+01 2.51508851e-01
  2.82953483e-01 2.20577383e-01]
 [3.87825766e-02 5.52416048e-01 3.97230940e+01 2.51508851e-01
  2.82953483e-01 2.20577383e-01]]"
10,11,"[[423.39139266 446.68702035 418.80274208 400.01386778 430.38927221
  426.55579012]
 [425.45961298 447.49352459 421.75288225 400.58350986 428.69010872
  427.35380269]
 [423.51103005 446.80050737 422.38585213 400.07075268 430.84042254
  427.58584132]
 [423.3916997  447.4249134  420.22995233 399.82687769 430.54988492
  426.39799734]
 [423.40502839 448.70032162 420.3023416  400.53656325 429.05616543
  426.46925176]
 [425.22788303 448.0815239  421.09305856 400.47242737 430.38430332
  426.20036403]
 [425.32677807 447.20396309 426.33887382 400.0288055  430.44263324
  426.55002038]
 [425.85425656 447.9181272  418.09375881 400.58964036 430.59388628
  426.95507833]
 [426.22192403 447.85610596 424.62420782 400.93282636 429.92765191
  428.6443243 ]
 [425.42060777 446.58559375 417.18203134 398.82315998 430.91139084
  426.40447784]
 [425.36115665 446.85047717 412.74566039 399.89745234 430.30787893
  426.0451651 ]
 [426.0435401  447.62839882 417.12707393 400.08165247 431.07454756
  426.942088  ]
 [425.83154889 446.13199322 412.63586754 398.77240449 429.99893367
  426.04917622]
 [425.85425656 447.32653532 418.65293145 399.00160408 429.30391339
  428.33778921]
 [425.87583394 446.41138764 411.2855584  400.15540014 431.10074258
  426.4380902 ]
 [425.85421065 448.59543142 421.35639758 400.46904548 431.04119417
  426.86259091]
 [423.5002065  447.2237153  425.49979762 398.52577059 430.95872905
  426.85599513]
 [425.81109082 448.70753554 422.37929186 400.10336213 430.67297606
  426.47952337]
 [425.24166229 448.16800451 422.67996741 398.79881016 430.23714582
  426.24711415]
 [423.42133991 446.50521238 411.1928891  399.37551754 432.09144407
  426.25094838]]","[-2362.11789061 -2361.0506466  -2359.28265865 -2356.92868748
 -2355.43574804 -2355.11231592 -2354.1490422  -2353.40473755
 -2352.99173909 -2352.61394028 -2351.82321767 -2350.53110144
 -2350.38215196 -2350.12429111 -2349.49087303 -2348.46838747
 -2347.22209002 -2347.21414246 -2345.9674156  -2344.65062793]","[[2.70282863e-02 5.17165097e-01 5.98018364e+01 2.15748647e-01
  2.45920365e-01 1.86476158e-01]
 [2.70282863e-02 5.17165097e-01 5.98018364e+01 2.15748647e-01
  2.45920365e-01 1.86476158e-01]
 [2.70282863e-02 5.17165097e-01 5.98018364e+01 2.15748647e-01
  2.45920365e-01 1.86476158e-01]
 [2.70282863e-02 5.17165097e-01 5.98018364e+01 2.15748647e-01
  2.45920365e-01 1.86476158e-01]
 [2.70282863e-02 5.17165097e-01 5.98018364e+01 2.15748647e-01
  2.45920365e-01 1.86476158e-01]
 [2.70282863e-02 5.17165097e-01 5.98018364e+01 2.15748647e-01
  2.45920365e-01 1.86476158e-01]
 [2.70282863e-02 5.17165097e-01 5.98018364e+01 2.15748647e-01
  2.45920365e-01 1.86476158e-01]
 [2.70282863e-02 5.17165097e-01 5.98018364e+01 2.15748647e-01
  2.45920365e-01 1.86476158e-01]
 [2.70282863e-02 5.17165097e-01 5.98018364e+01 2.15748647e-01
  2.45920365e-01 1.86476158e-01]
 [2.70282863e-02 5.17165097e-01 5.98018364e+01 2.15748647e-01
  2.45920365e-01 1.86476158e-01]
 [2.70282863e-02 5.17165097e-01 5.98018364e+01 2.15748647e-01
  2.45920365e-01 1.86476158e-01]
 [2.70282863e-02 5.17165097e-01 5.98018364e+01 2.15748647e-01
  2.45920365e-01 1.86476158e-01]
 [2.70282863e-02 5.17165097e-01 5.98018364e+01 2.15748647e-01
  2.45920365e-01 1.86476158e-01]
 [2.70282863e-02 5.17165097e-01 5.98018364e+01 2.15748647e-01
  2.45920365e-01 1.86476158e-01]
 [2.70282863e-02 5.17165097e-01 5.98018364e+01 2.15748647e-01
  2.45920365e-01 1.86476158e-01]
 [2.70282863e-02 5.17165097e-01 5.98018364e+01 2.15748647e-01
  2.45920365e-01 1.86476158e-01]
 [2.70282863e-02 5.17165097e-01 5.98018364e+01 2.15748647e-01
  2.45920365e-01 1.86476158e-01]
 [2.70282863e-02 5.17165097e-01 5.98018364e+01 2.15748647e-01
  2.45920365e-01 1.86476158e-01]
 [2.70282863e-02 5.17165097e-01 5.98018364e+01 2.15748647e-01
  2.45920365e-01 1.86476158e-01]
 [2.70282863e-02 5.17165097e-01 5.98018364e+01 2.15748647e-01
  2.45920365e-01 1.86476158e-01]]"
11,12,"[[425.45961298 446.50521238 421.75288225 400.58350986 428.69010872
  426.25094838]
 [423.51103005 446.80050737 422.38585213 400.07075268 428.69010872
  427.58584132]
 [425.43090935 446.8899525  418.10069668 400.47439168 428.70677388
  427.7626966 ]
 [425.45961298 447.49352459 422.67996741 400.58350986 428.69010872
  426.24711415]
 [425.45961298 447.49352459 420.3023416  400.53656325 428.69010872
  426.46925176]
 [423.40502839 446.80050737 420.3023416  400.53656325 430.84042254
  427.58584132]
 [423.51103005 446.85047717 422.38585213 399.89745234 430.30787893
  426.0451651 ]
 [426.24173932 446.79427516 423.97323162 400.28660649 429.98329402
  426.21916746]
 [423.3916997  446.13199322 420.22995233 398.77240449 429.99893367
  426.39799734]
 [423.40502839 447.4249134  420.22995233 399.82687769 429.05616543
  426.39799734]
 [425.42060777 446.58559375 417.12707393 400.08165247 430.91139084
  426.40447784]
 [426.0435401  446.68702035 418.80274208 400.08165247 431.07454756
  426.55579012]
 [423.40502839 447.85610596 424.62420782 400.93282636 429.05616543
  428.6443243 ]
 [425.45961298 448.0815239  421.75288225 400.58350986 428.69010872
  427.35380269]
 [423.40502839 446.50521238 420.3023416  399.37551754 432.09144407
  426.25094838]
 [425.20986819 446.41243471 413.26790913 400.25084239 430.60380439
  426.52607667]
 [425.87950516 446.02127932 417.25188001 398.72292225 430.71943118
  426.31153207]
 [423.5002065  447.2237153  425.49979762 400.10336213 430.95872905
  426.85599513]
 [425.87274769 446.94930878 424.71447684 399.92619645 431.10831443
  426.51672103]
 [425.24166229 447.85610596 422.67996741 400.93282636 430.23714582
  428.6443243 ]]","[-2368.83710322 -2364.04319585 -2362.66796173 -2362.38721667
 -2362.16987365 -2361.84273824 -2361.66619804 -2360.89189807
 -2360.79822919 -2360.24162481 -2358.99164985 -2358.26304766
 -2357.59680337 -2357.28674565 -2356.56020811 -2356.13113032
 -2355.64814901 -2355.32860756 -2354.86509865 -2354.77858303]","[[1.88365065e-02 4.84163592e-01 9.00297351e+01 1.85072925e-01
  2.13734162e-01 1.57646975e-01]
 [1.88365065e-02 4.84163592e-01 9.00297351e+01 1.85072925e-01
  2.13734162e-01 1.57646975e-01]
 [1.88365065e-02 4.84163592e-01 9.00297351e+01 1.85072925e-01
  2.13734162e-01 1.57646975e-01]
 [1.88365065e-02 4.84163592e-01 9.00297351e+01 1.85072925e-01
  2.13734162e-01 1.57646975e-01]
 [1.88365065e-02 4.84163592e-01 9.00297351e+01 1.85072925e-01
  2.13734162e-01 1.57646975e-01]
 [1.88365065e-02 4.84163592e-01 9.00297351e+01 1.85072925e-01
  2.13734162e-01 1.57646975e-01]
 [1.88365065e-02 4.84163592e-01 9.00297351e+01 1.85072925e-01
  2.13734162e-01 1.57646975e-01]
 [1.88365065e-02 4.84163592e-01 9.00297351e+01 1.85072925e-01
  2.13734162e-01 1.57646975e-01]
 [1.88365065e-02 4.84163592e-01 9.00297351e+01 1.85072925e-01
  2.13734162e-01 1.57646975e-01]
 [1.88365065e-02 4.84163592e-01 9.00297351e+01 1.85072925e-01
  2.13734162e-01 1.57646975e-01]
 [1.88365065e-02 4.84163592e-01 9.00297351e+01 1.85072925e-01
  2.13734162e-01 1.57646975e-01]
 [1.88365065e-02 4.84163592e-01 9.00297351e+01 1.85072925e-01
  2.13734162e-01 1.57646975e-01]
 [1.88365065e-02 4.84163592e-01 9.00297351e+01 1.85072925e-01
  2.13734162e-01 1.57646975e-01]
 [1.88365065e-02 4.84163592e-01 9.00297351e+01 1.85072925e-01
  2.13734162e-01 1.57646975e-01]
 [1.88365065e-02 4.84163592e-01 9.00297351e+01 1.85072925e-01
  2.13734162e-01 1.57646975e-01]
 [1.88365065e-02 4.84163592e-01 9.00297351e+01 1.85072925e-01
  2.13734162e-01 1.57646975e-01]
 [1.88365065e-02 4.84163592e-01 9.00297351e+01 1.85072925e-01
  2.13734162e-01 1.57646975e-01]
 [1.88365065e-02 4.84163592e-01 9.00297351e+01 1.85072925e-01
  2.13734162e-01 1.57646975e-01]
 [1.88365065e-02 4.84163592e-01 9.00297351e+01 1.85072925e-01
  2.13734162e-01 1.57646975e-01]
 [1.88365065e-02 4.84163592e-01 9.00297351e+01 1.85072925e-01
  2.13734162e-01 1.57646975e-01]]"
12,13,"[[423.3916997  446.13199322 420.22995233 400.58350986 429.99893367
  426.39799734]
 [423.40502839 446.80050737 420.3023416  400.58350986 428.69010872
  426.25094838]
 [425.87950516 446.02127932 422.38585213 400.07075268 428.69010872
  427.58584132]
 [425.45961298 446.80050737 420.3023416  400.53656325 428.69010872
  426.46925176]
 [425.45961298 446.02127932 417.25188001 400.58350986 430.71943118
  426.24711415]
 [423.3916997  446.41243471 420.22995233 400.25084239 430.60380439
  426.39799734]
 [425.20986819 446.41243471 420.3023416  400.53656325 430.60380439
  426.52607667]
 [425.40070757 445.83861166 419.52806703 400.0585877  431.02229064
  426.34565649]
 [425.45961298 447.49352459 422.67996741 400.93282636 428.69010872
  426.24711415]
 [423.51103005 446.80050737 422.38585213 400.07075268 428.69010872
  427.58584132]
 [423.51103005 446.80050737 422.38585213 400.07075268 428.69010872
  427.58584132]
 [423.40502839 446.80050737 420.3023416  400.53656325 429.05616543
  428.6443243 ]
 [425.42060777 446.58559375 417.12707393 400.93282636 430.91139084
  426.40447784]
 [425.41854104 446.84670864 417.70171902 400.82387755 430.3808327
  426.54114018]
 [423.51103005 446.80050737 417.12707393 400.07075268 428.69010872
  427.58584132]
 [425.43090935 446.68702035 418.80274208 400.08165247 428.70677388
  427.7626966 ]
 [425.43090935 446.8899525  417.25188001 400.47439168 428.70677388
  427.7626966 ]
 [425.45961298 447.4249134  421.75288225 400.58350986 428.69010872
  427.35380269]
 [423.3916997  446.13199322 420.22995233 398.77240449 429.99893367
  426.39799734]
 [425.24166229 446.94930878 424.71447684 400.93282636 431.10831443
  426.51672103]]","[-2369.96547732 -2368.8361478  -2366.57614568 -2366.51300773
 -2365.66029211 -2365.20843532 -2364.91639569 -2364.83035922
 -2364.07488186 -2364.04319585 -2364.04319585 -2363.96723031
 -2363.14982055 -2362.63071367 -2362.43857328 -2362.43145472
 -2361.96480414 -2361.48513648 -2360.79822919 -2360.53062041]","[[1.31275056e-02 4.53267989e-01 1.35536861e+02 1.58758760e-01
  1.85760509e-01 1.33274780e-01]
 [1.31275056e-02 4.53267989e-01 1.35536861e+02 1.58758760e-01
  1.85760509e-01 1.33274780e-01]
 [1.31275056e-02 4.53267989e-01 1.35536861e+02 1.58758760e-01
  1.85760509e-01 1.33274780e-01]
 [1.31275056e-02 4.53267989e-01 1.35536861e+02 1.58758760e-01
  1.85760509e-01 1.33274780e-01]
 [1.31275056e-02 4.53267989e-01 1.35536861e+02 1.58758760e-01
  1.85760509e-01 1.33274780e-01]
 [1.31275056e-02 4.53267989e-01 1.35536861e+02 1.58758760e-01
  1.85760509e-01 1.33274780e-01]
 [1.31275056e-02 4.53267989e-01 1.35536861e+02 1.58758760e-01
  1.85760509e-01 1.33274780e-01]
 [1.31275056e-02 4.53267989e-01 1.35536861e+02 1.58758760e-01
  1.85760509e-01 1.33274780e-01]
 [1.31275056e-02 4.53267989e-01 1.35536861e+02 1.58758760e-01
  1.85760509e-01 1.33274780e-01]
 [1.31275056e-02 4.53267989e-01 1.35536861e+02 1.58758760e-01
  1.85760509e-01 1.33274780e-01]
 [1.31275056e-02 4.53267989e-01 1.35536861e+02 1.58758760e-01
  1.85760509e-01 1.33274780e-01]
 [1.31275056e-02 4.53267989e-01 1.35536861e+02 1.58758760e-01
  1.85760509e-01 1.33274780e-01]
 [1.31275056e-02 4.53267989e-01 1.35536861e+02 1.58758760e-01
  1.85760509e-01 1.33274780e-01]
 [1.31275056e-02 4.53267989e-01 1.35536861e+02 1.58758760e-01
  1.85760509e-01 1.33274780e-01]
 [1.31275056e-02 4.53267989e-01 1.35536861e+02 1.58758760e-01
  1.85760509e-01 1.33274780e-01]
 [1.31275056e-02 4.53267989e-01 1.35536861e+02 1.58758760e-01
  1.85760509e-01 1.33274780e-01]
 [1.31275056e-02 4.53267989e-01 1.35536861e+02 1.58758760e-01
  1.85760509e-01 1.33274780e-01]
 [1.31275056e-02 4.53267989e-01 1.35536861e+02 1.58758760e-01
  1.85760509e-01 1.33274780e-01]
 [1.31275056e-02 4.53267989e-01 1.35536861e+02 1.58758760e-01
  1.85760509e-01 1.33274780e-01]
 [1.31275056e-02 4.53267989e-01 1.35536861e+02 1.58758760e-01
  1.85760509e-01 1.33274780e-01]]"
13,14,"[[423.51103005 446.02127932 417.25188001 400.58350986 428.69010872
  426.24711415]
 [423.40502839 446.02127932 420.3023416  400.07075268 428.69010872
  427.58584132]
 [423.40502839 446.80050737 420.3023416  400.58350986 428.69010872
  426.25094838]
 [423.40502839 446.80050737 420.3023416  400.58350986 428.69010872
  426.25094838]
 [423.40502839 446.80050737 420.3023416  400.58350986 428.69010872
  426.25094838]
 [425.42060777 446.80050737 422.38585213 400.93282636 428.69010872
  426.40447784]
 [425.40070757 445.83861166 420.3023416  400.53656325 430.60380439
  426.52607667]
 [423.40502839 446.80050737 420.3023416  400.53656325 429.05616543
  426.39799734]
 [425.24166229 445.83861166 424.71447684 400.93282636 431.02229064
  426.51672103]
 [425.41854104 446.80050737 417.70171902 400.82387755 428.69010872
  426.54114018]
 [423.51103005 446.80050737 422.38585213 400.07075268 428.69010872
  426.25094838]
 [423.51103005 446.80050737 420.22995233 400.07075268 428.69010872
  426.39799734]
 [423.51103005 446.80050737 420.3023416  400.53656325 429.05616543
  427.58584132]
 [425.20986819 446.41243471 417.70171902 400.82387755 430.3808327
  426.54114018]
 [423.3916997  446.58559375 417.12707393 400.58350986 429.99893367
  426.40447784]
 [423.40502839 446.80050737 420.3023416  400.82387755 429.05616543
  428.6443243 ]
 [423.3916997  446.41243471 420.22995233 400.25084239 430.71943118
  426.24711415]
 [423.3916997  446.41243471 422.38585213 400.25084239 430.60380439
  426.39799734]
 [423.40502839 446.8899525  420.3023416  400.53656325 429.05616543
  427.7626966 ]
 [425.42060777 446.80050737 417.12707393 400.93282636 428.69010872
  427.58584132]]","[-2371.85302539 -2369.06925481 -2368.8361478  -2368.8361478
 -2368.8361478  -2368.36543927 -2368.17915762 -2367.67955081
 -2367.53231752 -2366.56347358 -2366.0472513  -2366.03311671
 -2365.80764544 -2365.53379404 -2365.40033062 -2365.36016671
 -2365.13056741 -2365.02377397 -2365.02033524 -2364.96444344]","[[9.14879851e-03 4.24343906e-01 2.04046372e+02 1.36186013e-01
  1.61448064e-01 1.12670522e-01]
 [9.14879851e-03 4.24343906e-01 2.04046372e+02 1.36186013e-01
  1.61448064e-01 1.12670522e-01]
 [9.14879851e-03 4.24343906e-01 2.04046372e+02 1.36186013e-01
  1.61448064e-01 1.12670522e-01]
 [9.14879851e-03 4.24343906e-01 2.04046372e+02 1.36186013e-01
  1.61448064e-01 1.12670522e-01]
 [9.14879851e-03 4.24343906e-01 2.04046372e+02 1.36186013e-01
  1.61448064e-01 1.12670522e-01]
 [9.14879851e-03 4.24343906e-01 2.04046372e+02 1.36186013e-01
  1.61448064e-01 1.12670522e-01]
 [9.14879851e-03 4.24343906e-01 2.04046372e+02 1.36186013e-01
  1.61448064e-01 1.12670522e-01]
 [9.14879851e-03 4.24343906e-01 2.04046372e+02 1.36186013e-01
  1.61448064e-01 1.12670522e-01]
 [9.14879851e-03 4.24343906e-01 2.04046372e+02 1.36186013e-01
  1.61448064e-01 1.12670522e-01]
 [9.14879851e-03 4.24343906e-01 2.04046372e+02 1.36186013e-01
  1.61448064e-01 1.12670522e-01]
 [9.14879851e-03 4.24343906e-01 2.04046372e+02 1.36186013e-01
  1.61448064e-01 1.12670522e-01]
 [9.14879851e-03 4.24343906e-01 2.04046372e+02 1.36186013e-01
  1.61448064e-01 1.12670522e-01]
 [9.14879851e-03 4.24343906e-01 2.04046372e+02 1.36186013e-01
  1.61448064e-01 1.12670522e-01]
 [9.14879851e-03 4.24343906e-01 2.04046372e+02 1.36186013e-01
  1.61448064e-01 1.12670522e-01]
 [9.14879851e-03 4.24343906e-01 2.04046372e+02 1.36186013e-01
  1.61448064e-01 1.12670522e-01]
 [9.14879851e-03 4.24343906e-01 2.04046372e+02 1.36186013e-01
  1.61448064e-01 1.12670522e-01]
 [9.14879851e-03 4.24343906e-01 2.04046372e+02 1.36186013e-01
  1.61448064e-01 1.12670522e-01]
 [9.14879851e-03 4.24343906e-01 2.04046372e+02 1.36186013e-01
  1.61448064e-01 1.12670522e-01]
 [9.14879851e-03 4.24343906e-01 2.04046372e+02 1.36186013e-01
  1.61448064e-01 1.12670522e-01]
 [9.14879851e-03 4.24343906e-01 2.04046372e+02 1.36186013e-01
  1.61448064e-01 1.12670522e-01]]"
14,15,"[[423.51103005 446.02127932 420.22995233 400.58350986 428.69010872
  426.24711415]
 [423.40502839 445.83861166 424.71447684 400.58350986 428.69010872
  426.51672103]
 [423.51103005 446.02127932 417.25188001 400.58350986 428.69010872
  426.24711415]
 [423.51103005 446.02127932 417.25188001 400.58350986 428.69010872
  426.25094838]
 [423.40502839 446.80050737 420.3023416  400.82387755 428.69010872
  426.25094838]
 [423.40502839 445.83861166 420.3023416  400.53656325 430.60380439
  426.52607667]
 [423.51103005 446.80050737 422.38585213 400.82387755 428.69010872
  426.25094838]
 [423.3916997  445.83861166 417.12707393 400.53656325 429.99893367
  426.40447784]
 [425.40070757 445.83861166 420.3023416  400.82387755 430.60380439
  426.54114018]
 [425.24166229 446.02127932 420.3023416  400.07075268 428.69010872
  426.51672103]
 [423.40502839 446.02127932 420.3023416  400.07075268 428.69010872
  427.58584132]
 [423.40502839 446.80050737 420.3023416  400.58350986 428.69010872
  426.24711415]
 [423.40502839 446.02127932 420.3023416  400.58350986 429.99893367
  427.58584132]
 [423.51103005 446.80050737 422.38585213 400.58350986 428.69010872
  426.25094838]
 [423.51103005 446.80050737 420.22995233 400.58350986 428.69010872
  426.39799734]
 [423.40502839 446.80050737 420.3023416  400.53656325 428.69010872
  426.39799734]
 [423.51103005 446.80050737 420.3023416  400.53656325 428.69010872
  426.39799734]
 [423.40502839 446.8899525  420.3023416  400.58350986 428.69010872
  426.25094838]
 [423.40502839 446.80050737 420.3023416  400.53656325 429.05616543
  426.39799734]
 [425.24166229 445.83861166 424.71447684 400.93282636 431.02229064
  426.51672103]]","[-2373.52370496 -2372.61662913 -2371.85302539 -2371.8479147
 -2370.0002673  -2369.91003706 -2369.73613038 -2369.70470858
 -2369.55093669 -2369.15396486 -2369.06925481 -2368.84125848
 -2368.83355636 -2368.57201088 -2368.55787629 -2368.40853495
 -2368.34188909 -2368.28128757 -2367.67955081 -2367.53231752]","[[6.37596484e-03 3.97265536e-01 3.07185229e+02 1.16822720e-01
  1.40317646e-01 9.52516782e-02]
 [6.37596484e-03 3.97265536e-01 3.07185229e+02 1.16822720e-01
  1.40317646e-01 9.52516782e-02]
 [6.37596484e-03 3.97265536e-01 3.07185229e+02 1.16822720e-01
  1.40317646e-01 9.52516782e-02]
 [6.37596484e-03 3.97265536e-01 3.07185229e+02 1.16822720e-01
  1.40317646e-01 9.52516782e-02]
 [6.37596484e-03 3.97265536e-01 3.07185229e+02 1.16822720e-01
  1.40317646e-01 9.52516782e-02]
 [6.37596484e-03 3.97265536e-01 3.07185229e+02 1.16822720e-01
  1.40317646e-01 9.52516782e-02]
 [6.37596484e-03 3.97265536e-01 3.07185229e+02 1.16822720e-01
  1.40317646e-01 9.52516782e-02]
 [6.37596484e-03 3.97265536e-01 3.07185229e+02 1.16822720e-01
  1.40317646e-01 9.52516782e-02]
 [6.37596484e-03 3.97265536e-01 3.07185229e+02 1.16822720e-01
  1.40317646e-01 9.52516782e-02]
 [6.37596484e-03 3.97265536e-01 3.07185229e+02 1.16822720e-01
  1.40317646e-01 9.52516782e-02]
 [6.37596484e-03 3.97265536e-01 3.07185229e+02 1.16822720e-01
  1.40317646e-01 9.52516782e-02]
 [6.37596484e-03 3.97265536e-01 3.07185229e+02 1.16822720e-01
  1.40317646e-01 9.52516782e-02]
 [6.37596484e-03 3.97265536e-01 3.07185229e+02 1.16822720e-01
  1.40317646e-01 9.52516782e-02]
 [6.37596484e-03 3.97265536e-01 3.07185229e+02 1.16822720e-01
  1.40317646e-01 9.52516782e-02]
 [6.37596484e-03 3.97265536e-01 3.07185229e+02 1.16822720e-01
  1.40317646e-01 9.52516782e-02]
 [6.37596484e-03 3.97265536e-01 3.07185229e+02 1.16822720e-01
  1.40317646e-01 9.52516782e-02]
 [6.37596484e-03 3.97265536e-01 3.07185229e+02 1.16822720e-01
  1.40317646e-01 9.52516782e-02]
 [6.37596484e-03 3.97265536e-01 3.07185229e+02 1.16822720e-01
  1.40317646e-01 9.52516782e-02]
 [6.37596484e-03 3.97265536e-01 3.07185229e+02 1.16822720e-01
  1.40317646e-01 9.52516782e-02]
 [6.37596484e-03 3.97265536e-01 3.07185229e+02 1.16822720e-01
  1.40317646e-01 9.52516782e-02]]"
15,16,"[[425.24166229 445.83861166 420.22995233 400.93282636 428.69010872
  426.24711415]
 [425.24166229 445.83861166 420.22995233 400.93282636 428.69010872
  426.24711415]
 [425.24166229 445.83861166 420.3023416  400.93282636 428.69010872
  426.39799734]
 [423.51103005 446.02127932 420.3023416  400.58350986 428.69010872
  426.24711415]
 [423.51103005 446.02127932 420.3023416  400.58350986 428.69010872
  426.25094838]
 [423.51103005 446.02127932 420.22995233 400.58350986 428.69010872
  426.24711415]
 [423.51103005 446.02127932 420.3023416  400.58350986 428.69010872
  426.39799734]
 [423.51103005 446.02127932 420.22995233 400.58350986 428.69010872
  426.39799734]
 [425.24166229 446.02127932 422.38585213 400.82387755 428.69010872
  426.25094838]
 [423.40502839 445.83861166 424.71447684 400.58350986 428.69010872
  426.25094838]
 [425.24166229 445.83861166 424.71447684 400.93282636 428.69010872
  426.51672103]
 [423.51103005 445.83861166 417.12707393 400.58350986 428.69010872
  426.40447784]
 [425.24166229 446.02127932 420.3023416  400.58350986 428.69010872
  426.24711415]
 [423.40502839 446.02127932 420.3023416  400.82387755 429.99893367
  426.25094838]
 [423.40502839 446.02127932 420.22995233 400.58350986 428.69010872
  427.58584132]
 [423.51103005 446.02127932 420.3023416  400.58350986 428.69010872
  427.58584132]
 [423.51103005 446.02127932 420.3023416  400.07075268 428.69010872
  426.24711415]
 [423.51103005 446.02127932 420.3023416  400.58350986 429.99893367
  426.25094838]
 [423.40502839 446.02127932 420.3023416  400.07075268 428.69010872
  426.52607667]
 [423.40502839 446.02127932 420.3023416  400.53656325 429.99893367
  426.39799734]]","[-2374.81947115 -2374.81947115 -2374.62839422 -2373.53653466
 -2373.53142398 -2373.52370496 -2373.33262804 -2373.31979833
 -2373.0086231  -2372.97989935 -2372.74821913 -2372.61915848
 -2372.04710534 -2372.0017313  -2371.58118469 -2371.52736853
 -2371.01177508 -2370.77096595 -2370.69692838 -2370.40999895]","[[4.44352640e-03 3.71915100e-01 4.62457450e+02 1.00212552e-01
  1.21952790e-01 8.05257850e-02]
 [4.44352640e-03 3.71915100e-01 4.62457450e+02 1.00212552e-01
  1.21952790e-01 8.05257850e-02]
 [4.44352640e-03 3.71915100e-01 4.62457450e+02 1.00212552e-01
  1.21952790e-01 8.05257850e-02]
 [4.44352640e-03 3.71915100e-01 4.62457450e+02 1.00212552e-01
  1.21952790e-01 8.05257850e-02]
 [4.44352640e-03 3.71915100e-01 4.62457450e+02 1.00212552e-01
  1.21952790e-01 8.05257850e-02]
 [4.44352640e-03 3.71915100e-01 4.62457450e+02 1.00212552e-01
  1.21952790e-01 8.05257850e-02]
 [4.44352640e-03 3.71915100e-01 4.62457450e+02 1.00212552e-01
  1.21952790e-01 8.05257850e-02]
 [4.44352640e-03 3.71915100e-01 4.62457450e+02 1.00212552e-01
  1.21952790e-01 8.05257850e-02]
 [4.44352640e-03 3.71915100e-01 4.62457450e+02 1.00212552e-01
  1.21952790e-01 8.05257850e-02]
 [4.44352640e-03 3.71915100e-01 4.62457450e+02 1.00212552e-01
  1.21952790e-01 8.05257850e-02]
 [4.44352640e-03 3.71915100e-01 4.62457450e+02 1.00212552e-01
  1.21952790e-01 8.05257850e-02]
 [4.44352640e-03 3.71915100e-01 4.62457450e+02 1.00212552e-01
  1.21952790e-01 8.05257850e-02]
 [4.44352640e-03 3.71915100e-01 4.62457450e+02 1.00212552e-01
  1.21952790e-01 8.05257850e-02]
 [4.44352640e-03 3.71915100e-01 4.62457450e+02 1.00212552e-01
  1.21952790e-01 8.05257850e-02]
 [4.44352640e-03 3.71915100e-01 4.62457450e+02 1.00212552e-01
  1.21952790e-01 8.05257850e-02]
 [4.44352640e-03 3.71915100e-01 4.62457450e+02 1.00212552e-01
  1.21952790e-01 8.05257850e-02]
 [4.44352640e-03 3.71915100e-01 4.62457450e+02 1.00212552e-01
  1.21952790e-01 8.05257850e-02]
 [4.44352640e-03 3.71915100e-01 4.62457450e+02 1.00212552e-01
  1.21952790e-01 8.05257850e-02]
 [4.44352640e-03 3.71915100e-01 4.62457450e+02 1.00212552e-01
  1.21952790e-01 8.05257850e-02]
 [4.44352640e-03 3.71915100e-01 4.62457450e+02 1.00212552e-01
  1.21952790e-01 8.05257850e-02]]"
16,17,"[[423.40502839 445.83861166 420.3023416  400.82387755 428.69010872
  426.25094838]
 [423.40502839 445.83861166 420.3023416  400.82387755 428.69010872
  426.25094838]
 [423.50969381 445.84440554 421.01374711 400.59739819 428.69317393
  426.15553497]
 [425.24166229 445.83861166 420.3023416  400.93282636 428.69010872
  426.24711415]
 [423.40502839 446.02127932 420.3023416  400.82387755 428.69010872
  426.25094838]
 [425.24166229 445.83861166 420.3023416  400.93282636 428.69010872
  426.39799734]
 [423.40502839 445.83861166 420.22995233 400.58350986 428.69010872
  426.40447784]
 [423.51103005 445.83861166 420.3023416  400.58350986 428.69010872
  426.40447784]
 [423.51103005 445.83861166 424.71447684 400.93282636 428.69010872
  426.40447784]
 [423.51103005 445.83861166 417.12707393 400.93282636 428.69010872
  426.40447784]
 [425.24166229 445.83861166 420.3023416  400.82387755 428.69010872
  426.39799734]
 [425.24166229 446.02127932 420.22995233 400.93282636 428.69010872
  426.24711415]
 [423.40502839 446.02127932 420.3023416  400.58350986 428.69010872
  426.24711415]
 [423.51103005 446.02127932 420.3023416  400.58350986 428.69010872
  426.24711415]
 [423.51103005 446.02127932 420.3023416  400.58350986 428.69010872
  426.24711415]
 [423.51103005 446.02127932 420.3023416  400.58350986 428.69010872
  426.24711415]
 [423.51103005 446.02127932 420.3023416  400.58350986 428.69010872
  426.24711415]
 [423.51103005 446.02127932 420.3023416  400.58350986 428.69010872
  426.24711415]
 [423.51103005 446.02127932 420.3023416  400.58350986 428.69010872
  426.24711415]
 [423.51103005 446.02127932 420.3023416  400.58350986 428.69010872
  426.24711415]]","[-2375.85971966 -2375.85971966 -2374.83858963 -2374.83230085
 -2374.76218934 -2374.62839422 -2374.47508827 -2374.42127211
 -2374.39323649 -2374.30682367 -2374.10484854 -2373.72194083
 -2373.60318052 -2373.53653466 -2373.53653466 -2373.53653466
 -2373.53653466 -2373.53653466 -2373.53653466 -2373.53653466]","[[3.09677474e-03 3.48182334e-01 6.96214770e+02 8.59640624e-02
  1.05991537e-01 6.80765124e-02]
 [3.09677474e-03 3.48182334e-01 6.96214770e+02 8.59640624e-02
  1.05991537e-01 6.80765124e-02]
 [3.09677474e-03 3.48182334e-01 6.96214770e+02 8.59640624e-02
  1.05991537e-01 6.80765124e-02]
 [3.09677474e-03 3.48182334e-01 6.96214770e+02 8.59640624e-02
  1.05991537e-01 6.80765124e-02]
 [3.09677474e-03 3.48182334e-01 6.96214770e+02 8.59640624e-02
  1.05991537e-01 6.80765124e-02]
 [3.09677474e-03 3.48182334e-01 6.96214770e+02 8.59640624e-02
  1.05991537e-01 6.80765124e-02]
 [3.09677474e-03 3.48182334e-01 6.96214770e+02 8.59640624e-02
  1.05991537e-01 6.80765124e-02]
 [3.09677474e-03 3.48182334e-01 6.96214770e+02 8.59640624e-02
  1.05991537e-01 6.80765124e-02]
 [3.09677474e-03 3.48182334e-01 6.96214770e+02 8.59640624e-02
  1.05991537e-01 6.80765124e-02]
 [3.09677474e-03 3.48182334e-01 6.96214770e+02 8.59640624e-02
  1.05991537e-01 6.80765124e-02]
 [3.09677474e-03 3.48182334e-01 6.96214770e+02 8.59640624e-02
  1.05991537e-01 6.80765124e-02]
 [3.09677474e-03 3.48182334e-01 6.96214770e+02 8.59640624e-02
  1.05991537e-01 6.80765124e-02]
 [3.09677474e-03 3.48182334e-01 6.96214770e+02 8.59640624e-02
  1.05991537e-01 6.80765124e-02]
 [3.09677474e-03 3.48182334e-01 6.96214770e+02 8.59640624e-02
  1.05991537e-01 6.80765124e-02]
 [3.09677474e-03 3.48182334e-01 6.96214770e+02 8.59640624e-02
  1.05991537e-01 6.80765124e-02]
 [3.09677474e-03 3.48182334e-01 6.96214770e+02 8.59640624e-02
  1.05991537e-01 6.80765124e-02]
 [3.09677474e-03 3.48182334e-01 6.96214770e+02 8.59640624e-02
  1.05991537e-01 6.80765124e-02]
 [3.09677474e-03 3.48182334e-01 6.96214770e+02 8.59640624e-02
  1.05991537e-01 6.80765124e-02]
 [3.09677474e-03 3.48182334e-01 6.96214770e+02 8.59640624e-02
  1.05991537e-01 6.80765124e-02]
 [3.09677474e-03 3.48182334e-01 6.96214770e+02 8.59640624e-02
  1.05991537e-01 6.80765124e-02]]"
17,18,"[[423.40502839 445.83861166 420.3023416  400.93282636 428.69010872
  426.24711415]
 [423.40502839 445.83861166 420.3023416  400.93282636 428.69010872
  426.24711415]
 [423.40502839 445.83861166 420.22995233 400.93282636 428.69010872
  426.25094838]
 [423.51103005 445.83861166 420.3023416  400.93282636 428.69010872
  426.24711415]
 [423.51103005 445.83861166 420.3023416  400.93282636 428.69010872
  426.39799734]
 [423.51103005 445.83861166 420.3023416  400.93282636 428.69010872
  426.40447784]
 [423.40502839 445.83861166 420.3023416  400.82387755 428.69010872
  426.25094838]
 [423.40502839 445.83861166 420.3023416  400.82387755 428.69010872
  426.25094838]
 [423.51103005 445.83861166 420.3023416  400.82387755 428.69010872
  426.25094838]
 [423.40502839 445.83861166 420.3023416  400.82387755 428.69010872
  426.40447784]
 [423.51103005 446.02127932 420.3023416  400.93282636 428.69010872
  426.24711415]
 [423.51103005 446.02127932 420.22995233 400.93282636 428.69010872
  426.24711415]
 [423.51103005 446.02127932 420.3023416  400.93282636 428.69010872
  426.40447784]
 [423.51103005 446.02127932 420.3023416  400.93282636 428.69010872
  426.40447784]
 [423.51103005 446.02127932 420.3023416  400.93282636 428.69010872
  426.40447784]
 [423.40502839 445.83861166 420.22995233 400.59739819 428.69010872
  426.15553497]
 [423.40502839 445.84440554 420.22995233 400.59739819 428.69317393
  426.15553497]
 [425.24166229 445.83861166 420.3023416  400.93282636 428.69010872
  426.24711415]
 [425.24166229 445.83861166 420.3023416  400.93282636 428.69010872
  426.25094838]
 [425.24166229 445.83861166 420.3023416  400.93282636 428.69010872
  426.25094838]]","[-2376.38837603 -2376.38837603 -2376.37043564 -2376.32173017
 -2376.11782354 -2376.1089373  -2375.85971966 -2375.85971966
 -2375.7930738  -2375.65203747 -2375.22419985 -2375.21137014
 -2375.01140698 -2375.01140698 -2375.01140698 -2374.87644845
 -2374.83578164 -2374.83230085 -2374.82719017 -2374.82719017]","[[2.15819890e-03 3.25964011e-01 1.04812887e+03 7.37414612e-02
  9.21193022e-02 5.75518952e-02]
 [2.15819890e-03 3.25964011e-01 1.04812887e+03 7.37414612e-02
  9.21193022e-02 5.75518952e-02]
 [2.15819890e-03 3.25964011e-01 1.04812887e+03 7.37414612e-02
  9.21193022e-02 5.75518952e-02]
 [2.15819890e-03 3.25964011e-01 1.04812887e+03 7.37414612e-02
  9.21193022e-02 5.75518952e-02]
 [2.15819890e-03 3.25964011e-01 1.04812887e+03 7.37414612e-02
  9.21193022e-02 5.75518952e-02]
 [2.15819890e-03 3.25964011e-01 1.04812887e+03 7.37414612e-02
  9.21193022e-02 5.75518952e-02]
 [2.15819890e-03 3.25964011e-01 1.04812887e+03 7.37414612e-02
  9.21193022e-02 5.75518952e-02]
 [2.15819890e-03 3.25964011e-01 1.04812887e+03 7.37414612e-02
  9.21193022e-02 5.75518952e-02]
 [2.15819890e-03 3.25964011e-01 1.04812887e+03 7.37414612e-02
  9.21193022e-02 5.75518952e-02]
 [2.15819890e-03 3.25964011e-01 1.04812887e+03 7.37414612e-02
  9.21193022e-02 5.75518952e-02]
 [2.15819890e-03 3.25964011e-01 1.04812887e+03 7.37414612e-02
  9.21193022e-02 5.75518952e-02]
 [2.15819890e-03 3.25964011e-01 1.04812887e+03 7.37414612e-02
  9.21193022e-02 5.75518952e-02]
 [2.15819890e-03 3.25964011e-01 1.04812887e+03 7.37414612e-02
  9.21193022e-02 5.75518952e-02]
 [2.15819890e-03 3.25964011e-01 1.04812887e+03 7.37414612e-02
  9.21193022e-02 5.75518952e-02]
 [2.15819890e-03 3.25964011e-01 1.04812887e+03 7.37414612e-02
  9.21193022e-02 5.75518952e-02]
 [2.15819890e-03 3.25964011e-01 1.04812887e+03 7.37414612e-02
  9.21193022e-02 5.75518952e-02]
 [2.15819890e-03 3.25964011e-01 1.04812887e+03 7.37414612e-02
  9.21193022e-02 5.75518952e-02]
 [2.15819890e-03 3.25964011e-01 1.04812887e+03 7.37414612e-02
  9.21193022e-02 5.75518952e-02]
 [2.15819890e-03 3.25964011e-01 1.04812887e+03 7.37414612e-02
  9.21193022e-02 5.75518952e-02]
 [2.15819890e-03 3.25964011e-01 1.04812887e+03 7.37414612e-02
  9.21193022e-02 5.75518952e-02]]"
18,19,"[[423.40502839 445.83861166 420.22995233 400.93282636 428.69010872
  426.15553497]
 [423.40502839 445.83861166 420.22995233 400.93282636 428.69317393
  426.15553497]
 [423.40502839 445.84440554 420.22995233 400.93282636 428.69317393
  426.15553497]
 [423.51103005 445.83861166 420.22995233 400.93282636 428.69010872
  426.15553497]
 [423.51103005 445.83861166 420.22995233 400.93282636 428.69010872
  426.15553497]
 [423.51103005 445.84440554 420.3023416  400.93282636 428.69010872
  426.15553497]
 [423.40502839 445.83861166 420.3023416  400.93282636 428.69010872
  426.24711415]
 [423.40502839 445.83861166 420.3023416  400.93282636 428.69010872
  426.24711415]
 [423.40502839 445.83861166 420.3023416  400.93282636 428.69010872
  426.24711415]
 [423.40502839 445.83861166 420.3023416  400.93282636 428.69010872
  426.24711415]
 [423.40502839 445.83861166 420.3023416  400.93282636 428.69010872
  426.24711415]
 [423.40502839 445.83861166 420.3023416  400.93282636 428.69010872
  426.24711415]
 [423.40502839 445.83861166 420.3023416  400.93282636 428.69010872
  426.24711415]
 [423.40502839 445.83861166 420.3023416  400.93282636 428.69010872
  426.24711415]
 [423.40502839 445.83861166 420.3023416  400.93282636 428.69010872
  426.24711415]
 [423.40502839 445.83861166 420.3023416  400.93282636 428.69010872
  426.24711415]
 [423.40502839 445.83861166 420.3023416  400.93282636 428.69010872
  426.24711415]
 [423.40502839 445.83861166 420.3023416  400.93282636 428.69010872
  426.25094838]
 [423.40502839 445.83861166 420.3023416  400.93282636 428.69010872
  426.25094838]
 [423.40502839 445.83861166 420.3023416  400.93282636 428.69010872
  426.25094838]]","[-2376.49651293 -2376.4905478  -2376.45584612 -2376.42986707
 -2376.42986707 -2376.40799509 -2376.38837603 -2376.38837603
 -2376.38837603 -2376.38837603 -2376.38837603 -2376.38837603
 -2376.38837603 -2376.38837603 -2376.38837603 -2376.38837603
 -2376.38837603 -2376.38326535 -2376.38326535 -2376.38326535]","[[1.50408825e-03 3.05163490e-01 1.57792420e+03 6.32567022e-02
  8.00626736e-02 4.86543820e-02]
 [1.50408825e-03 3.05163490e-01 1.57792420e+03 6.32567022e-02
  8.00626736e-02 4.86543820e-02]
 [1.50408825e-03 3.05163490e-01 1.57792420e+03 6.32567022e-02
  8.00626736e-02 4.86543820e-02]
 [1.50408825e-03 3.05163490e-01 1.57792420e+03 6.32567022e-02
  8.00626736e-02 4.86543820e-02]
 [1.50408825e-03 3.05163490e-01 1.57792420e+03 6.32567022e-02
  8.00626736e-02 4.86543820e-02]
 [1.50408825e-03 3.05163490e-01 1.57792420e+03 6.32567022e-02
  8.00626736e-02 4.86543820e-02]
 [1.50408825e-03 3.05163490e-01 1.57792420e+03 6.32567022e-02
  8.00626736e-02 4.86543820e-02]
 [1.50408825e-03 3.05163490e-01 1.57792420e+03 6.32567022e-02
  8.00626736e-02 4.86543820e-02]
 [1.50408825e-03 3.05163490e-01 1.57792420e+03 6.32567022e-02
  8.00626736e-02 4.86543820e-02]
 [1.50408825e-03 3.05163490e-01 1.57792420e+03 6.32567022e-02
  8.00626736e-02 4.86543820e-02]
 [1.50408825e-03 3.05163490e-01 1.57792420e+03 6.32567022e-02
  8.00626736e-02 4.86543820e-02]
 [1.50408825e-03 3.05163490e-01 1.57792420e+03 6.32567022e-02
  8.00626736e-02 4.86543820e-02]
 [1.50408825e-03 3.05163490e-01 1.57792420e+03 6.32567022e-02
  8.00626736e-02 4.86543820e-02]
 [1.50408825e-03 3.05163490e-01 1.57792420e+03 6.32567022e-02
  8.00626736e-02 4.86543820e-02]
 [1.50408825e-03 3.05163490e-01 1.57792420e+03 6.32567022e-02
  8.00626736e-02 4.86543820e-02]
 [1.50408825e-03 3.05163490e-01 1.57792420e+03 6.32567022e-02
  8.00626736e-02 4.86543820e-02]
 [1.50408825e-03 3.05163490e-01 1.57792420e+03 6.32567022e-02
  8.00626736e-02 4.86543820e-02]
 [1.50408825e-03 3.05163490e-01 1.57792420e+03 6.32567022e-02
  8.00626736e-02 4.86543820e-02]
 [1.50408825e-03 3.05163490e-01 1.57792420e+03 6.32567022e-02
  8.00626736e-02 4.86543820e-02]
 [1.50408825e-03 3.05163490e-01 1.57792420e+03 6.32567022e-02
  8.00626736e-02 4.86543820e-02]]"
19,20,"[[423.40502839 445.83861166 420.3023416  400.93282636 428.69010872
  426.15553497]
 [423.40502839 445.83861166 420.3023416  400.93282636 428.69010872
  426.15553497]
 [423.40502839 445.83861166 420.3023416  400.93282636 428.69010872
  426.15553497]
 [423.40502839 445.83861166 420.3023416  400.93282636 428.69010872
  426.15553497]
 [423.40502839 445.83861166 420.3023416  400.93282636 428.69010872
  426.15553497]
 [423.40502839 445.83861166 420.3023416  400.93282636 428.69010872
  426.15553497]
 [423.40502839 445.83861166 420.3023416  400.93282636 428.69010872
  426.15553497]
 [423.40502839 445.83861166 420.3023416  400.93282636 428.69010872
  426.15553497]
 [423.40502839 445.83861166 420.3023416  400.93282636 428.69010872
  426.15553497]
 [423.40502839 445.83861166 420.3023416  400.93282636 428.69010872
  426.15553497]
 [423.40502839 445.83861166 420.3023416  400.93282636 428.69010872
  426.15553497]
 [423.40502839 445.83861166 420.3023416  400.93282636 428.69010872
  426.15553497]
 [423.40502839 445.83861166 420.3023416  400.93282636 428.69317393
  426.15553497]
 [423.40502839 445.83861166 420.3023416  400.93282636 428.69317393
  426.15553497]
 [423.40502839 445.83861166 420.22995233 400.93282636 428.69010872
  426.15553497]
 [423.40502839 445.83861166 420.22995233 400.93282636 428.69010872
  426.15553497]
 [423.40502839 445.83861166 420.22995233 400.93282636 428.69010872
  426.15553497]
 [423.40502839 445.83861166 420.22995233 400.93282636 428.69010872
  426.15553497]
 [423.40502839 445.83861166 420.22995233 400.93282636 428.69010872
  426.15553497]
 [423.40502839 445.83861166 420.22995233 400.93282636 428.69010872
  426.15553497]]","[-2376.50934263 -2376.50934263 -2376.50934263 -2376.50934263
 -2376.50934263 -2376.50934263 -2376.50934263 -2376.50934263
 -2376.50934263 -2376.50934263 -2376.50934263 -2376.50934263
 -2376.50337751 -2376.50337751 -2376.49651293 -2376.49651293
 -2376.49651293 -2376.49651293 -2376.49651293 -2376.49651293]","[[1.04822658e-03 2.85690299e-01 2.37551397e+03 5.42626944e-02
  6.95840237e-02 4.11324229e-02]
 [1.04822658e-03 2.85690299e-01 2.37551397e+03 5.42626944e-02
  6.95840237e-02 4.11324229e-02]
 [1.04822658e-03 2.85690299e-01 2.37551397e+03 5.42626944e-02
  6.95840237e-02 4.11324229e-02]
 [1.04822658e-03 2.85690299e-01 2.37551397e+03 5.42626944e-02
  6.95840237e-02 4.11324229e-02]
 [1.04822658e-03 2.85690299e-01 2.37551397e+03 5.42626944e-02
  6.95840237e-02 4.11324229e-02]
 [1.04822658e-03 2.85690299e-01 2.37551397e+03 5.42626944e-02
  6.95840237e-02 4.11324229e-02]
 [1.04822658e-03 2.85690299e-01 2.37551397e+03 5.42626944e-02
  6.95840237e-02 4.11324229e-02]
 [1.04822658e-03 2.85690299e-01 2.37551397e+03 5.42626944e-02
  6.95840237e-02 4.11324229e-02]
 [1.04822658e-03 2.85690299e-01 2.37551397e+03 5.42626944e-02
  6.95840237e-02 4.11324229e-02]
 [1.04822658e-03 2.85690299e-01 2.37551397e+03 5.42626944e-02
  6.95840237e-02 4.11324229e-02]
 [1.04822658e-03 2.85690299e-01 2.37551397e+03 5.42626944e-02
  6.95840237e-02 4.11324229e-02]
 [1.04822658e-03 2.85690299e-01 2.37551397e+03 5.42626944e-02
  6.95840237e-02 4.11324229e-02]
 [1.04822658e-03 2.85690299e-01 2.37551397e+03 5.42626944e-02
  6.95840237e-02 4.11324229e-02]
 [1.04822658e-03 2.85690299e-01 2.37551397e+03 5.42626944e-02
  6.95840237e-02 4.11324229e-02]
 [1.04822658e-03 2.85690299e-01 2.37551397e+03 5.42626944e-02
  6.95840237e-02 4.11324229e-02]
 [1.04822658e-03 2.85690299e-01 2.37551397e+03 5.42626944e-02
  6.95840237e-02 4.11324229e-02]
 [1.04822658e-03 2.85690299e-01 2.37551397e+03 5.42626944e-02
  6.95840237e-02 4.11324229e-02]
 [1.04822658e-03 2.85690299e-01 2.37551397e+03 5.42626944e-02
  6.95840237e-02 4.11324229e-02]
 [1.04822658e-03 2.85690299e-01 2.37551397e+03 5.42626944e-02
  6.95840237e-02 4.11324229e-02]
 [1.04822658e-03 2.85690299e-01 2.37551397e+03 5.42626944e-02
  6.95840237e-02 4.11324229e-02]]"
20,21,"[[423.40502839 445.83861166 420.3023416  400.93282636 428.69010872
  426.15553497]
 [423.40502839 445.83861166 420.3023416  400.93282636 428.69010872
  426.15553497]
 [423.40502839 445.83861166 420.3023416  400.93282636 428.69010872
  426.15553497]
 [423.40502839 445.83861166 420.3023416  400.93282636 428.69010872
  426.15553497]
 [423.40502839 445.83861166 420.3023416  400.93282636 428.69010872
  426.15553497]
 [423.40502839 445.83861166 420.3023416  400.93282636 428.69010872
  426.15553497]
 [423.40502839 445.83861166 420.3023416  400.93282636 428.69010872
  426.15553497]
 [423.40502839 445.83861166 420.3023416  400.93282636 428.69010872
  426.15553497]
 [423.40502839 445.83861166 420.3023416  400.93282636 428.69010872
  426.15553497]
 [423.40502839 445.83861166 420.3023416  400.93282636 428.69010872
  426.15553497]
 [423.40502839 445.83861166 420.3023416  400.93282636 428.69010872
  426.15553497]
 [423.40502839 445.83861166 420.3023416  400.93282636 428.69010872
  426.15553497]
 [423.40502839 445.83861166 420.3023416  400.93282636 428.69010872
  426.15553497]
 [423.40502839 445.83861166 420.3023416  400.93282636 428.69010872
  426.15553497]
 [423.40502839 445.83861166 420.3023416  400.93282636 428.69010872
  426.15553497]
 [423.40502839 445.83861166 420.3023416  400.93282636 428.69010872
  426.15553497]
 [423.40502839 445.83861166 420.3023416  400.93282636 428.69010872
  426.15553497]
 [423.40502839 445.83861166 420.3023416  400.93282636 428.69010872
  426.15553497]
 [423.40502839 445.83861166 420.3023416  400.93282636 428.69010872
  426.15553497]
 [423.40502839 445.83861166 420.3023416  400.93282636 428.69010872
  426.15553497]]","[-2376.50934263 -2376.50934263 -2376.50934263 -2376.50934263
 -2376.50934263 -2376.50934263 -2376.50934263 -2376.50934263
 -2376.50934263 -2376.50934263 -2376.50934263 -2376.50934263
 -2376.50934263 -2376.50934263 -2376.50934263 -2376.50934263
 -2376.50934263 -2376.50934263 -2376.50934263 -2376.50934263]","[[7.30528258e-04 2.67459738e-01 3.57625963e+03 4.65474788e-02
  6.04768257e-02 3.47733573e-02]
 [7.30528258e-04 2.67459738e-01 3.57625963e+03 4.65474788e-02
  6.04768257e-02 3.47733573e-02]
 [7.30528258e-04 2.67459738e-01 3.57625963e+03 4.65474788e-02
  6.04768257e-02 3.47733573e-02]
 [7.30528258e-04 2.67459738e-01 3.57625963e+03 4.65474788e-02
  6.04768257e-02 3.47733573e-02]
 [7.30528258e-04 2.67459738e-01 3.57625963e+03 4.65474788e-02
  6.04768257e-02 3.47733573e-02]
 [7.30528258e-04 2.67459738e-01 3.57625963e+03 4.65474788e-02
  6.04768257e-02 3.47733573e-02]
 [7.30528258e-04 2.67459738e-01 3.57625963e+03 4.65474788e-02
  6.04768257e-02 3.47733573e-02]
 [7.30528258e-04 2.67459738e-01 3.57625963e+03 4.65474788e-02
  6.04768257e-02 3.47733573e-02]
 [7.30528258e-04 2.67459738e-01 3.57625963e+03 4.65474788e-02
  6.04768257e-02 3.47733573e-02]
 [7.30528258e-04 2.67459738e-01 3.57625963e+03 4.65474788e-02
  6.04768257e-02 3.47733573e-02]
 [7.30528258e-04 2.67459738e-01 3.57625963e+03 4.65474788e-02
  6.04768257e-02 3.47733573e-02]
 [7.30528258e-04 2.67459738e-01 3.57625963e+03 4.65474788e-02
  6.04768257e-02 3.47733573e-02]
 [7.30528258e-04 2.67459738e-01 3.57625963e+03 4.65474788e-02
  6.04768257e-02 3.47733573e-02]
 [7.30528258e-04 2.67459738e-01 3.57625963e+03 4.65474788e-02
  6.04768257e-02 3.47733573e-02]
 [7.30528258e-04 2.67459738e-01 3.57625963e+03 4.65474788e-02
  6.04768257e-02 3.47733573e-02]
 [7.30528258e-04 2.67459738e-01 3.57625963e+03 4.65474788e-02
  6.04768257e-02 3.47733573e-02]
 [7.30528258e-04 2.67459738e-01 3.57625963e+03 4.65474788e-02
  6.04768257e-02 3.47733573e-02]
 [7.30528258e-04 2.67459738e-01 3.57625963e+03 4.65474788e-02
  6.04768257e-02 3.47733573e-02]
 [7.30528258e-04 2.67459738e-01 3.57625963e+03 4.65474788e-02
  6.04768257e-02 3.47733573e-02]
 [7.30528258e-04 2.67459738e-01 3.57625963e+03 4.65474788e-02
  6.04768257e-02 3.47733573e-02]]"
