,population,best_x,best_energy,ave_energy
0,1,"[  77.05825467 -304.40207003  200.87056227  400.52006313   63.32484232
  -65.29514492]",-914.3641095611076,-41.11932176040466
1,2,"[ 384.79497276 -305.26196074  202.04387979  399.69335449  240.28937324
   -8.57541933]",-1179.1133996016172,-836.5789867895135
2,3,"[ 450.82161026  210.03984391  383.42455274 -312.8138451  -280.52367565
  412.57728105]",-1702.562249936969,-1390.1409702418316
3,4,"[ 386.00281241 -309.76286105  423.37535004  399.81529959 -279.15534413
  451.41671491]",-1893.4195342595888,-1759.3225314183069
4,5,"[ 400.68929587 -305.59092516  382.83436907  399.87210025  393.82366593
  411.51840209]",-2022.136204450196,-1921.943705211091
5,6,"[ 391.38033087 -305.90816878  423.12042462  399.70227096  394.68885561
  411.77482213]",-2139.936315824999,-2072.1785625876864
6,7,"[ 407.71461038 -298.08785733  423.19797179  400.41932417  394.5468203
  413.34760034]",-2227.3695183889945,-2178.944912677045
7,8,"[ 414.78052861 -298.83879927  422.7213323   400.03339937  398.35013819
  414.06343675]",-2266.5886552747397,-2244.821581520254
8,9,"[ 417.29672435 -304.15996648  422.70724979  399.44614152  401.80759563
  413.34351694]",-2284.0145206999373,-2259.4582544124373
9,10,"[ 412.83357478 -305.60767545  423.5039001   400.30752452  405.57110523
  413.31329285]",-2296.1337348608668,-2274.5792052378197
10,11,"[ 419.02568332 -304.32086717  422.70198446  400.09997676  404.92416
  414.00713475]",-2302.9434357012938,-2282.5313546924895
11,12,"[ 424.60344295 -304.44656529  423.18934368  400.13745341  408.22245536
  413.9664917 ]",-2313.192563881225,-2293.028928316839
12,13,"[ 424.60344295 -304.44656529  423.18934368  400.13745341  408.22245536
  413.9664917 ]",-2313.192563881225,-2299.5389345786375
13,14,"[ 415.6746588  -298.95268286  423.5482524   400.06823693  413.71273165
  414.01609414]",-2323.3425243297443,-2306.6912779959302
14,15,"[ 415.6746588  -304.44308869  424.32857306  400.34171606  413.71273165
  414.01609414]",-2325.256247422487,-2312.9006825062943
15,16,"[ 423.63685611 -304.55674358  424.32857306  400.34171606  413.71273165
  414.01609414]",-2327.824848390702,-2318.661650250074
16,17,"[ 423.63685611 -303.91371261  422.75121592  400.69405301  413.71273165
  412.59219256]",-2328.1229108144216,-2322.8188484066895
17,18,"[ 417.89054634 -302.00493058  423.90261757  400.52052277  419.14468787
  414.08314585]",-2335.538004045331,-2328.369622798955
18,19,"[ 417.89054634 -302.00493058  423.90261757  400.52052277  419.14468787
  414.08314585]",-2335.538004045331,-2331.0770073999556
19,20,"[ 419.82811641 -302.00493058  423.44603476  400.52052277  419.14468787
  414.08314585]",-2336.879571107252,-2334.3711248371555
20,21,"[ 419.82811641 -303.91371261  423.44603476  400.69405301  419.14468787
  414.08314585]",-2337.5134206338794,-2336.8975814102023
21,22,"[438.48885928 408.01158042 423.89892111 400.56274002 424.94172511
 414.07350717]",-2394.518406485178,-2340.4537862054494
22,23,"[419.82811641 408.01158042 423.89892111 400.69405301 419.14468787
 414.07350717]",-2434.9706236861307,-2358.2051072427794
23,24,"[419.82811641 408.01158042 422.75121592 400.69405301 419.14468787
 414.08314585]",-2435.6702732487784,-2435.254749119164
24,25,"[419.82811641 408.01158042 422.75121592 400.69405301 419.14468787
 414.11002761]",-2435.7164874284695,-2435.6818267937006
25,26,"[419.82811641 408.01158042 422.75121592 400.69405301 419.14468787
 414.11002761]",-2435.7164874284695,-2435.71648742847
