,population,best_x,best_energy,running_time
0,8,[430.59958002 415.99788737],-823.1646665726017,0.098939
1,5,[414.76642364 202.88472805],-615.8829565545163,0.047004
2,13,[376.78020953 421.07599384],-619.5275247137104,0.133002
3,16,[448.35791677 425.75418644],-742.8903932889505,0.166993
4,29,[409.8959092  421.07858172],-822.6547955779761,0.346031
5,33,[-302.68341862  392.25808751],-620.9622663670576,0.411325
6,9,[421.33789321 464.00017049],-620.9925475279837,0.113678
7,9,[419.44251484 420.51926784],-837.6465635833194,0.095994
8,14,[430.02961159 411.51405577],-816.4247995743539,0.151997
9,7,[420.5177144  421.48205719],-837.9068557942844,0.072008
10,9,[-294.17235488  433.00478768],-692.5422702214373,0.083999
11,29,[-277.55519824 -302.20735006],-526.6259021301065,0.311021
12,32,[431.0859389  460.27590553],-641.5840513781228,0.343102
13,15,[-284.14682926  430.7866321 ],-666.0395090775157,0.146001
14,16,[420.96564033 411.0392145 ],-825.6340475083248,0.159
15,12,[420.51998349 421.52385526],-837.9014766877083,0.11401
16,8,[419.71448589 420.73189515],-837.7602999633706,0.076991
17,49,[420.93758838 203.82395868],-620.8259706488726,0.536989
18,9,[ 421.52079825 -269.94301975],-597.3420958107305,0.089004
19,11,[416.04291089 418.9205585 ],-834.3848023570138,0.112996
20,11,[-302.83901709  419.66828576],-719.3016684474458,0.113002
21,32,[429.4391944  421.05782527],-828.914273898492,0.328013
22,15,[412.20148991 430.01396321],-818.0194938538588,0.152983
23,50,[-302.54615863  420.93972977],-719.5272766463378,0.54874
24,19,[420.66914259 420.91852512],-837.9541311124058,0.203988
25,8,[423.81010092 420.40271761],-836.9059385029846,0.074984
26,21,[ 403.29561582 -272.04965551],-572.9366305998814,0.219016
27,22,[420.97832848 420.44609051],-837.9313009191619,0.230984
28,11,[421.10805775 406.91878235],-813.4372451487785,0.119001
29,52,[ 421.02201656 -302.52706947],-719.5270812737033,0.575999
30,9,[410.63396746 420.69249796],-824.60499562567,0.09301
31,13,[449.81502753 415.39445276],-732.1586085672809,0.136991
32,10,[-290.7223624   442.60834911],-643.9538291313381,0.10288
33,13,[376.3537844  420.80133774],-615.785743652225,0.135009
34,14,[-300.36106189  421.06442436],-718.934165548461,0.140992
35,19,[420.68183956 405.34623027],-807.7229421082624,0.310177
36,11,[ 393.77553923 -302.54071328],-630.6604650032648,0.168869
37,17,[421.00351493 206.84846359],-619.6511185759832,0.182982
38,23,[421.06953662 399.79541613],-783.1336105121903,0.33197
39,51,[ 447.8331968  -309.71576876],-624.1863678988655,0.668482
40,16,[405.06940451 420.99463103],-806.6697563069447,0.268219
41,19,[420.93236951 420.94373984],-837.9655286665754,0.204897
42,10,[412.00451294 420.99939508],-827.90194077288,0.104863
43,8,[414.17913585 425.81818008],-829.2080847378098,0.071973
44,11,[420.58580323 413.06823598],-830.1198782229526,0.108999
45,20,[377.53058235 421.27038392],-626.0535773622796,0.299003
46,16,[ 420.91276345 -301.79619121],-719.4598159741922,0.160995
47,15,[420.67476998 421.2769426 ],-837.9428838814517,0.154008
48,19,[420.97012501 416.837556  ],-835.8175086451182,0.267953
49,19,[ 404.30008905 -271.85499228],-575.8417924295244,0.303997
