,population,best_x,best_energy,ave_energy
0,1,"[ 371.52920651  395.38674908 -294.05266402 -309.44881604  459.80770233
 -292.56063978]",-1607.0012122288394,-91.10115140976288
1,2,"[ 403.56824937  396.08486981 -296.34172287 -309.19421971  459.20283352
 -293.10502472]",-1850.471511941916,-975.7369085160377
2,3,"[ 405.22423338  395.12107598 -294.77030589 -310.03285641  459.4456899
 -290.99665774]",-1839.6787146861557,-1535.126694995908
3,4,"[ 403.39051042  400.15787006 -294.27309416 -310.88176037 -294.50105438
 -293.77660065]",-1913.9441941618834,-1831.2145816058023
4,5,"[ 404.70418556  403.29637183 -294.91597569 -310.3635012  -294.75429701
 -313.0467458 ]",-1932.2714316423333,-1886.5956772929705
5,6,"[ 405.0025033   406.72963675 -294.76987194 -309.53524227 -294.78521783
 -300.88017134]",-1961.7623809574309,-1920.9672074545124
6,7,"[ 404.92298529  410.97090471 -299.85557887 -309.56992588 -294.43994614
 -310.13398073]",-1973.0528136225962,-1927.8773242486484
7,8,"[ 404.92298529  410.97090471 -299.85557887 -309.56992588 -294.46884834
 -298.1216458 ]",-1977.9968232691551,-1940.999649392541
8,9,"[ 404.76303496  408.26377921 -293.32515907 -310.88733036 -294.41808333
  427.94388199]",-2072.142411071424,-1966.0472490922493
9,10,"[ 404.76303496  413.87601363 -293.32515907 -310.88733036 -294.41808333
  427.94388199]",-2085.9305525392615,-1999.7354006010275
10,11,"[ 406.02328138  423.12834533 -292.4264509  -310.62911508 -294.37705948
  427.94388199]",-2094.7471401376442,-2080.5893226112194
11,12,"[ 406.02328138  423.12834533 -293.32515907 -310.62911508 -294.75218503
  427.94388199]",-2097.642543343457,-2091.2220694856633
12,13,"[ 406.02328138  423.12834533 -295.78293446 -310.62911508 -294.75218503
  427.94388199]",-2102.527325174544,-2098.874544293181
13,14,"[ 407.12778379  423.12834533 -295.78293446 -310.63145721 -294.75218503
  427.94388199]",-2106.4171870610803,-2102.3888822451386
14,15,"[ 407.12778379  423.12834533 -295.78293446 -310.62911508 -295.0862737
  427.94388199]",-2107.0564283292542,-2106.562208255366
15,16,"[ 407.12778379  423.12834533 -295.78293446 -310.62911508 -295.0862737
  427.94388199]",-2107.0564283292542,-2107.0559488011118
