,population,parents,parents_energy,parents_sigma
0,1,"[[ 466.78072015  432.32269591    5.4363222    48.46112126 -299.41555494
   452.11039563]
 [ 192.08737744  413.26744969   80.73371032 -106.05291987 -342.02216187
  -246.42714123]
 [ -90.22577858  349.39293696  383.79376821 -495.73538688  233.756547
  -294.15651248]
 [ 453.34491846  316.50937052  -32.64254209  428.21791118 -124.76766668
   468.69624716]
 [ 213.81777748  150.2177254  -283.0153857   230.41188185   60.73588034
    59.78978195]
 [-357.49314938  250.21194619 -348.74827413  394.75739504  214.34350493
   242.58461927]
 [-221.04894084  207.43146248  223.46307543  237.24963494 -135.36121291
  -139.27586881]
 [ 135.1797934   -18.37093156  301.67050347  422.2153271   -77.6877067
   426.18135384]
 [ 467.11525355  181.04107541  482.58684348 -394.93800112  181.7316433
   384.63725957]
 [ 400.3431959  -193.24436493  288.56451292   -8.25964173  424.97180349
  -165.02637546]
 [ 252.38505616  447.88036455  395.35227058 -436.47233879  364.58577668
  -362.22807146]
 [ 365.49949991 -418.52694826  387.53786053  484.04794342  357.88351644
  -277.84345537]
 [-277.17465643  479.27180958  362.84484898 -258.35369563 -213.66815648
   262.57170908]
 [ 153.57296852  244.86368972 -248.5908475    74.46171477 -100.19834107
    12.50125988]
 [-156.52982611   20.78165759  349.3672111   468.26277202  -34.06035938
  -482.35504488]
 [-315.72484306  473.50751427   14.79114865  497.34664598 -433.6825016
    46.61058948]
 [ -35.60028524 -312.90666637  -57.94454876 -181.05444735 -243.59610854
  -460.55096443]
 [-360.84908055  332.31663743  -55.55654675 -473.9560803   368.95738355
   -85.13238385]
 [ 495.20191002 -232.93952904 -455.09180302 -260.11701485  190.73738396
  -230.21467458]
 [-290.31607127  105.13056679  471.87573036 -472.16047205 -397.32370505
  -390.49942302]]","[-1213.08090075  -828.58383421  -731.91806804  -725.77887654
  -633.61213476  -568.48700329  -465.7223382   -396.92301809
  -396.73823856  -271.79019069  -258.38751408  -213.6863125
  -120.78385142  -106.40928103   -95.35275953   148.91734517
   156.3787892    287.85650871   337.67990856   452.29921434]","[[1. 1. 1. 1. 1. 1.]
 [1. 1. 1. 1. 1. 1.]
 [1. 1. 1. 1. 1. 1.]
 [1. 1. 1. 1. 1. 1.]
 [1. 1. 1. 1. 1. 1.]
 [1. 1. 1. 1. 1. 1.]
 [1. 1. 1. 1. 1. 1.]
 [1. 1. 1. 1. 1. 1.]
 [1. 1. 1. 1. 1. 1.]
 [1. 1. 1. 1. 1. 1.]
 [1. 1. 1. 1. 1. 1.]
 [1. 1. 1. 1. 1. 1.]
 [1. 1. 1. 1. 1. 1.]
 [1. 1. 1. 1. 1. 1.]
 [1. 1. 1. 1. 1. 1.]
 [1. 1. 1. 1. 1. 1.]
 [1. 1. 1. 1. 1. 1.]
 [1. 1. 1. 1. 1. 1.]
 [1. 1. 1. 1. 1. 1.]
 [1. 1. 1. 1. 1. 1.]]"
1,2,"[[ 467.53518818  433.2174391   387.45034247   48.09938597 -296.92661811
   454.12814931]
 [ 400.3798104   203.42557898  223.44718504  237.37857252  424.22926594
  -138.65650105]
 [ 400.06612541  428.15303694  288.0058429    47.97710472  425.05950268
   453.19975674]
 [ 213.15690101  445.96064138  395.78497208  229.52830837  364.98380508
    57.75510508]
 [ 468.65557557  182.62737361  481.89192725  394.8462973   212.11781926
   386.57725942]
 [ 366.30650753  413.52029002  388.53742803 -105.735745    355.14369515
  -280.51069192]
 [ 466.96588891  431.77791802  387.74493237  484.03184665  358.0463493
  -279.44788172]
 [ 466.23066291  431.40701123  482.29321126   48.90388616  179.81721599
   452.88214944]
 [ 455.1330783   106.72949013  472.59801616  427.06401245 -124.30320512
   468.81192032]
 [ 400.59208951  413.24929294  288.30771043 -105.26935079  425.28264136
  -164.08017185]
 [ 135.19149231  -17.5494946   384.62481208  421.44266689  -75.91222301
   424.43960238]
 [ 365.35226816  450.61558567  387.10817239  483.08540557  356.75952908
  -279.37275228]
 [ 213.62947824  -16.16679979 -282.97737541  230.48012328  -78.43012016
   427.03584746]
 [ 191.88635141  429.01332451    6.20080973   48.30242514 -298.68430047
  -246.4469539 ]
 [ 467.25803992  318.58459094    4.8294311   428.6398192  -301.31848095
   452.00388252]
 [ 466.59216385   25.57829959    4.83894143  468.35566437 -298.18182312
   454.36787318]
 [ 467.07276563  -18.94270696  301.80309412  421.36231683  182.51534415
   423.02075549]
 [ 192.74432624  414.88616035   81.46589483 -106.37406173  369.98733481
   -91.05195685]
 [ 192.36768031  416.35950614   80.42906681 -106.51788883 -341.91391288
  -246.15677636]
 [ 454.3657283  -420.56376588  387.0687584   427.98579946 -124.53396494
   471.93772926]]","[-1467.21052631 -1309.38267986 -1242.05707764 -1144.29999678
 -1134.90802591 -1131.97569401 -1125.17744248 -1062.14597499
 -1004.8937126   -959.31033936  -958.52652921  -947.17203991
  -943.90372649  -924.98731237  -920.47091352  -900.02546288
  -875.36206049  -864.91767004  -835.90404171  -809.42262396]","[[0.65402729 2.91333927 0.68731623 0.58430292 1.25396986 2.16339628]
 [0.65402729 2.91333927 0.68731623 0.58430292 1.25396986 2.16339628]
 [0.65402729 2.91333927 0.68731623 0.58430292 1.25396986 2.16339628]
 [0.65402729 2.91333927 0.68731623 0.58430292 1.25396986 2.16339628]
 [0.65402729 2.91333927 0.68731623 0.58430292 1.25396986 2.16339628]
 [0.65402729 2.91333927 0.68731623 0.58430292 1.25396986 2.16339628]
 [0.65402729 2.91333927 0.68731623 0.58430292 1.25396986 2.16339628]
 [0.65402729 2.91333927 0.68731623 0.58430292 1.25396986 2.16339628]
 [0.65402729 2.91333927 0.68731623 0.58430292 1.25396986 2.16339628]
 [0.65402729 2.91333927 0.68731623 0.58430292 1.25396986 2.16339628]
 [0.65402729 2.91333927 0.68731623 0.58430292 1.25396986 2.16339628]
 [0.65402729 2.91333927 0.68731623 0.58430292 1.25396986 2.16339628]
 [0.65402729 2.91333927 0.68731623 0.58430292 1.25396986 2.16339628]
 [0.65402729 2.91333927 0.68731623 0.58430292 1.25396986 2.16339628]
 [0.65402729 2.91333927 0.68731623 0.58430292 1.25396986 2.16339628]
 [0.65402729 2.91333927 0.68731623 0.58430292 1.25396986 2.16339628]
 [0.65402729 2.91333927 0.68731623 0.58430292 1.25396986 2.16339628]
 [0.65402729 2.91333927 0.68731623 0.58430292 1.25396986 2.16339628]
 [0.65402729 2.91333927 0.68731623 0.58430292 1.25396986 2.16339628]
 [0.65402729 2.91333927 0.68731623 0.58430292 1.25396986 2.16339628]]"
2,3,"[[ 466.57401063  432.77527948  384.70121886  421.78391064  358.91536206
   419.23456386]
 [ 454.79647175  406.1975848   388.17526866  427.53791821  355.46989456
  -284.42845014]
 [ 466.88600056  418.75041252  384.70121752  421.3965437   -73.16605617
   427.98821637]
 [ 465.84277562  440.0778147   482.79125501  428.99018053 -301.41145376
   448.96179594]
 [ 467.2836956   -14.79724395  387.27781272  420.6059737  -298.26924511
   424.64706078]
 [ 455.64978682  418.99504869  473.42140805  427.25374172 -122.90939967
   462.95890017]
 [ 454.08793241  421.19521971  386.8738466   427.67873601 -124.40086529
  -249.24675846]
 [ 212.91168485  440.80531439  396.5727464   468.04417201  366.92772923
   448.6230994 ]
 [ 400.05899606  -15.85631509  384.22215066   48.43738942  424.55703673
   425.8021582 ]
 [ 365.66140821  444.03792219  387.61509663  394.59770462  210.86772075
  -278.76012754]
 [ 400.00944493  424.18523167  224.14946871   48.70712175  425.66343454
  -134.04463628]
 [ 400.44157808  400.15249136  222.76436194 -105.3451782   425.4951388
  -139.24418089]
 [ 466.55536321  429.95064317  387.07869781  484.11189439 -295.25347136
   449.86683199]
 [ 212.9936106   406.6884516  -283.18819418 -106.58523023  370.77204162
   431.38077898]
 [ 454.20528293  449.56245023  386.89495541  428.08996788  366.27650758
    55.44832738]
 [ 366.47618313  411.78037321  387.38386062 -105.71653401 -301.34653518
  -285.31039149]
 [ 400.55977028  206.11371649  387.75663304  237.26942028  422.01915264
  -139.44887163]
 [ 214.05561768  454.90343254  395.99110578  229.19716221  364.52451044
   426.3137025 ]
 [ 399.90271661  420.13574728  481.90171974   48.04203984  423.53536354
   374.40357197]
 [ 400.80801526  426.77936892   80.81636501 -106.4680408   424.05037419
  -134.9381011 ]]","[-1717.11723487 -1640.4220393  -1635.06273566 -1601.20481724
 -1600.72093242 -1549.75483578 -1543.8536161  -1507.08285215
 -1503.47015622 -1503.15749315 -1492.82198275 -1481.7091889
 -1476.10616485 -1474.8629359  -1454.76806281 -1445.56057858
 -1444.14047864 -1438.38249568 -1428.95713213 -1428.44161864]","[[0.4277517  8.48754572 0.4724036  0.3414099  1.5724404  4.68028348]
 [0.4277517  8.48754572 0.4724036  0.3414099  1.5724404  4.68028348]
 [0.4277517  8.48754572 0.4724036  0.3414099  1.5724404  4.68028348]
 [0.4277517  8.48754572 0.4724036  0.3414099  1.5724404  4.68028348]
 [0.4277517  8.48754572 0.4724036  0.3414099  1.5724404  4.68028348]
 [0.4277517  8.48754572 0.4724036  0.3414099  1.5724404  4.68028348]
 [0.4277517  8.48754572 0.4724036  0.3414099  1.5724404  4.68028348]
 [0.4277517  8.48754572 0.4724036  0.3414099  1.5724404  4.68028348]
 [0.4277517  8.48754572 0.4724036  0.3414099  1.5724404  4.68028348]
 [0.4277517  8.48754572 0.4724036  0.3414099  1.5724404  4.68028348]
 [0.4277517  8.48754572 0.4724036  0.3414099  1.5724404  4.68028348]
 [0.4277517  8.48754572 0.4724036  0.3414099  1.5724404  4.68028348]
 [0.4277517  8.48754572 0.4724036  0.3414099  1.5724404  4.68028348]
 [0.4277517  8.48754572 0.4724036  0.3414099  1.5724404  4.68028348]
 [0.4277517  8.48754572 0.4724036  0.3414099  1.5724404  4.68028348]
 [0.4277517  8.48754572 0.4724036  0.3414099  1.5724404  4.68028348]
 [0.4277517  8.48754572 0.4724036  0.3414099  1.5724404  4.68028348]
 [0.4277517  8.48754572 0.4724036  0.3414099  1.5724404  4.68028348]
 [0.4277517  8.48754572 0.4724036  0.3414099  1.5724404  4.68028348]
 [0.4277517  8.48754572 0.4724036  0.3414099  1.5724404  4.68028348]]"
3,4,"[[ 454.38190318  435.41106719  387.13364377  427.95463669 -293.27412745
   452.18710024]
 [ 454.67601322  435.76278438  223.18519382  427.35015498  426.30563387
  -297.91206691]
 [ 466.60393967  430.08628285  384.76903141  421.5203555  -294.87573649
   445.27304253]
 [ 466.92629177  396.15772468  224.28590398  421.29982955  421.59989144
   431.94098721]
 [ 454.48583989  435.4408462   387.94884486  427.55078308 -295.73861004
   462.9516799 ]
 [ 400.33107115  432.84320031  384.49919052   48.58642827  427.7953555
   431.39736665]
 [ 455.08975328  392.01769134  388.21586051  427.40744467 -297.87386463
  -286.48043243]
 [ 467.81090778  405.04745693  388.49235833  420.91926421 -298.40062577
  -282.80247997]
 [ 400.07664129  -59.89845276  383.90574662  427.58160601  420.37396191
   421.62988956]
 [ 466.70220655  424.38602487  384.68618152  421.77054542  366.50292375
   413.59393719]
 [ 467.32260789  441.50008941  396.83702532  421.58283706  367.87043028
   441.24982066]
 [ 400.17926736  415.33055911  388.49539869   48.12151782  426.72542494
  -284.71019229]
 [ 213.05951282  445.44943101  384.77098651  468.40592763  424.2890245
   434.55153304]
 [ 400.05572051  -31.44499798  383.80656429  421.08145206 -300.26869741
   429.79716124]
 [ 400.88697096  401.98388382  384.46665259  421.22439472  -75.11525059
   438.02918962]
 [ 213.12618449  420.90244317  396.88696836  427.29529506 -121.23263392
   457.09243601]
 [ 214.24324792  440.06521408  396.41574121  229.10063638 -302.09021806
   420.80551641]
 [ 466.50728543  422.31349094  384.31079997 -106.53526543  424.06073407
   403.01592367]
 [ 466.25291905  420.38276728  385.38583747  421.57151009  357.67971614
   415.39466752]
 [ 455.63108826  432.15195562  472.96632683  422.00282167 -121.86203613
   437.42042286]]","[-1964.37575778 -1955.3772776  -1910.74339195 -1910.39080196
 -1886.37086656 -1881.89380658 -1870.23140084 -1818.48021901
 -1817.36615375 -1797.62661367 -1791.33962251 -1781.35891181
 -1775.92039773 -1772.35573485 -1758.45565262 -1755.95164917
 -1750.92059644 -1740.57366603 -1727.74049666 -1717.02248536]","[[ 0.27976129 24.72710026  0.32469066  0.1994868   1.97179287 10.1253079 ]
 [ 0.27976129 24.72710026  0.32469066  0.1994868   1.97179287 10.1253079 ]
 [ 0.27976129 24.72710026  0.32469066  0.1994868   1.97179287 10.1253079 ]
 [ 0.27976129 24.72710026  0.32469066  0.1994868   1.97179287 10.1253079 ]
 [ 0.27976129 24.72710026  0.32469066  0.1994868   1.97179287 10.1253079 ]
 [ 0.27976129 24.72710026  0.32469066  0.1994868   1.97179287 10.1253079 ]
 [ 0.27976129 24.72710026  0.32469066  0.1994868   1.97179287 10.1253079 ]
 [ 0.27976129 24.72710026  0.32469066  0.1994868   1.97179287 10.1253079 ]
 [ 0.27976129 24.72710026  0.32469066  0.1994868   1.97179287 10.1253079 ]
 [ 0.27976129 24.72710026  0.32469066  0.1994868   1.97179287 10.1253079 ]
 [ 0.27976129 24.72710026  0.32469066  0.1994868   1.97179287 10.1253079 ]
 [ 0.27976129 24.72710026  0.32469066  0.1994868   1.97179287 10.1253079 ]
 [ 0.27976129 24.72710026  0.32469066  0.1994868   1.97179287 10.1253079 ]
 [ 0.27976129 24.72710026  0.32469066  0.1994868   1.97179287 10.1253079 ]
 [ 0.27976129 24.72710026  0.32469066  0.1994868   1.97179287 10.1253079 ]
 [ 0.27976129 24.72710026  0.32469066  0.1994868   1.97179287 10.1253079 ]
 [ 0.27976129 24.72710026  0.32469066  0.1994868   1.97179287 10.1253079 ]
 [ 0.27976129 24.72710026  0.32469066  0.1994868   1.97179287 10.1253079 ]
 [ 0.27976129 24.72710026  0.32469066  0.1994868   1.97179287 10.1253079 ]
 [ 0.27976129 24.72710026  0.32469066  0.1994868   1.97179287 10.1253079 ]]"
4,5,"[[ 401.14733788  410.47494798  384.57618532  421.40294179  426.49739782
   419.68537358]
 [ 400.33107115  432.84320031  384.49919052  427.58160601  427.7953555
   431.39736665]
 [ 400.38709952  414.09068129  387.8236355   427.54226815 -299.68249263
   417.51763685]
 [ 454.67601322  420.90244317  396.88696836  427.29529506  426.30563387
  -297.91206691]
 [ 455.63108826  432.15195562  384.77098651  422.00282167  424.2890245
   437.42042286]
 [ 400.37056417  457.22456126  397.20657725  421.53867616  424.92134632
   447.5450928 ]
 [ 455.08975328  424.38602487  388.21586051  421.77054542 -297.87386463
   413.59393719]
 [ 466.68893656  418.87693113  384.03324668  421.48027129  422.92799663
   423.51014482]
 [ 466.25291905  420.38276728  385.38583747  421.57151009  427.7953555
   431.39736665]
 [ 454.28041913  430.68853929  388.03484847  427.46851189 -301.29725577
   403.33605872]
 [ 454.48583989  435.4408462   224.28590398  421.29982955  421.59989144
   431.94098721]
 [ 454.67601322  435.76278438  388.21586051  427.35015498  426.30563387
  -286.48043243]
 [ 214.24324792  435.4408462   396.41574121  427.55078308 -302.09021806
   420.80551641]
 [ 454.51993897  405.29988945  384.65077104  421.79366029 -293.77631263
   413.71806834]
 [ 454.38190318  435.41106719  384.77098651  427.95463669 -293.27412745
   434.55153304]
 [ 466.25291905  396.15772468  385.38583747  421.57151009  421.59989144
   431.94098721]
 [ 454.22534698  407.96662994  396.75799238  427.9549404  -291.44126632
   451.41658439]
 [ 466.70220655  445.44943101  384.77098651  421.77054542  424.2890245
   434.55153304]
 [ 454.38190318  441.50008941  387.13364377  421.58283706 -293.27412745
   441.24982066]
 [ 454.39881913  398.50243314  387.07748785  427.95501345  425.17958499
   458.61896188]]","[-2294.08306309 -2264.53429614 -2200.41484817 -2176.41743559
 -2165.65093013 -2146.71234559 -2117.39072355 -2111.6708232
 -2108.57220575 -2077.67882044 -2067.38112161 -2063.78017978
 -2059.66398603 -2059.46976852 -2041.89735977 -2038.45677337
 -2034.88760498 -2020.42343987 -2011.55255553 -2004.7704421 ]","[[ 0.18297152 72.03843229  0.22316516  0.11656072  2.47256883 21.90505348]
 [ 0.18297152 72.03843229  0.22316516  0.11656072  2.47256883 21.90505348]
 [ 0.18297152 72.03843229  0.22316516  0.11656072  2.47256883 21.90505348]
 [ 0.18297152 72.03843229  0.22316516  0.11656072  2.47256883 21.90505348]
 [ 0.18297152 72.03843229  0.22316516  0.11656072  2.47256883 21.90505348]
 [ 0.18297152 72.03843229  0.22316516  0.11656072  2.47256883 21.90505348]
 [ 0.18297152 72.03843229  0.22316516  0.11656072  2.47256883 21.90505348]
 [ 0.18297152 72.03843229  0.22316516  0.11656072  2.47256883 21.90505348]
 [ 0.18297152 72.03843229  0.22316516  0.11656072  2.47256883 21.90505348]
 [ 0.18297152 72.03843229  0.22316516  0.11656072  2.47256883 21.90505348]
 [ 0.18297152 72.03843229  0.22316516  0.11656072  2.47256883 21.90505348]
 [ 0.18297152 72.03843229  0.22316516  0.11656072  2.47256883 21.90505348]
 [ 0.18297152 72.03843229  0.22316516  0.11656072  2.47256883 21.90505348]
 [ 0.18297152 72.03843229  0.22316516  0.11656072  2.47256883 21.90505348]
 [ 0.18297152 72.03843229  0.22316516  0.11656072  2.47256883 21.90505348]
 [ 0.18297152 72.03843229  0.22316516  0.11656072  2.47256883 21.90505348]
 [ 0.18297152 72.03843229  0.22316516  0.11656072  2.47256883 21.90505348]
 [ 0.18297152 72.03843229  0.22316516  0.11656072  2.47256883 21.90505348]
 [ 0.18297152 72.03843229  0.22316516  0.11656072  2.47256883 21.90505348]
 [ 0.18297152 72.03843229  0.22316516  0.11656072  2.47256883 21.90505348]]"
5,6,"[[ 401.14733788  420.90244317  384.57618532  421.40294179  426.49739782
   419.68537358]
 [ 400.37056417  432.84320031  397.20657725  421.53867616  424.92134632
   447.5450928 ]
 [ 400.33107115  432.84320031  384.49919052  421.57151009  427.7953555
   431.94098721]
 [ 400.33107115  432.84320031  384.49919052  427.58160601  427.7953555
   431.39736665]
 [ 400.54745885  438.69070679  384.66246002  421.44671699  420.60463762
   413.49732237]
 [ 400.33107115  432.15195562  384.77098651  427.58160601  427.7953555
   437.42042286]
 [ 454.67601322  418.87693113  384.03324668  421.48027129  426.30563387
   423.51014482]
 [ 455.08975328  420.38276728  385.38583747  421.77054542  427.7953555
   413.59393719]
 [ 401.14733788  414.09068129  387.8236355   427.54226815 -299.68249263
   417.51763685]
 [ 400.38709952  424.38602487  387.8236355   427.54226815 -297.87386463
   417.51763685]
 [ 455.08975328  424.38602487  384.49919052  421.77054542  427.7953555
   431.39736665]
 [ 454.38190318  418.87693113  384.77098651  427.95463669  422.92799663
   434.55153304]
 [ 454.48583989  432.15195562  384.77098651  422.00282167  421.59989144
   431.94098721]
 [ 454.39881913  398.50243314  387.07748785  427.95501345  425.17958499
   423.51014482]
 [ 454.51993897  405.29988945  384.65077104  427.58160601  427.7953555
   431.39736665]
 [ 455.63108826  432.15195562  384.77098651  422.00282167  424.2890245
   437.42042286]
 [ 454.67601322  432.15195562  396.88696836  422.00282167  426.30563387
  -297.91206691]
 [ 455.63108826  432.15195562  384.77098651  427.55078308  424.2890245
   437.42042286]
 [ 400.38709952  430.68853929  388.03484847  427.46851189 -299.68249263
   403.33605872]
 [ 455.63108826  435.4408462   384.77098651  421.29982955  421.59989144
   437.42042286]]","[-2307.84451044 -2286.64072025 -2268.5480589  -2264.53429614
 -2263.38760764 -2248.44087796 -2213.56178336 -2213.01435359
 -2204.08628396 -2203.17205008 -2197.84451382 -2196.21142152
 -2194.69419709 -2173.23328333 -2169.08154552 -2165.65093013
 -2165.58522901 -2160.31724787 -2159.25238079 -2156.56435891]","[[1.19668367e-01 2.09872394e+02 1.53385037e-01 6.81067701e-02
  3.10052678e+00 4.73893113e+01]
 [1.19668367e-01 2.09872394e+02 1.53385037e-01 6.81067701e-02
  3.10052678e+00 4.73893113e+01]
 [1.19668367e-01 2.09872394e+02 1.53385037e-01 6.81067701e-02
  3.10052678e+00 4.73893113e+01]
 [1.19668367e-01 2.09872394e+02 1.53385037e-01 6.81067701e-02
  3.10052678e+00 4.73893113e+01]
 [1.19668367e-01 2.09872394e+02 1.53385037e-01 6.81067701e-02
  3.10052678e+00 4.73893113e+01]
 [1.19668367e-01 2.09872394e+02 1.53385037e-01 6.81067701e-02
  3.10052678e+00 4.73893113e+01]
 [1.19668367e-01 2.09872394e+02 1.53385037e-01 6.81067701e-02
  3.10052678e+00 4.73893113e+01]
 [1.19668367e-01 2.09872394e+02 1.53385037e-01 6.81067701e-02
  3.10052678e+00 4.73893113e+01]
 [1.19668367e-01 2.09872394e+02 1.53385037e-01 6.81067701e-02
  3.10052678e+00 4.73893113e+01]
 [1.19668367e-01 2.09872394e+02 1.53385037e-01 6.81067701e-02
  3.10052678e+00 4.73893113e+01]
 [1.19668367e-01 2.09872394e+02 1.53385037e-01 6.81067701e-02
  3.10052678e+00 4.73893113e+01]
 [1.19668367e-01 2.09872394e+02 1.53385037e-01 6.81067701e-02
  3.10052678e+00 4.73893113e+01]
 [1.19668367e-01 2.09872394e+02 1.53385037e-01 6.81067701e-02
  3.10052678e+00 4.73893113e+01]
 [1.19668367e-01 2.09872394e+02 1.53385037e-01 6.81067701e-02
  3.10052678e+00 4.73893113e+01]
 [1.19668367e-01 2.09872394e+02 1.53385037e-01 6.81067701e-02
  3.10052678e+00 4.73893113e+01]
 [1.19668367e-01 2.09872394e+02 1.53385037e-01 6.81067701e-02
  3.10052678e+00 4.73893113e+01]
 [1.19668367e-01 2.09872394e+02 1.53385037e-01 6.81067701e-02
  3.10052678e+00 4.73893113e+01]
 [1.19668367e-01 2.09872394e+02 1.53385037e-01 6.81067701e-02
  3.10052678e+00 4.73893113e+01]
 [1.19668367e-01 2.09872394e+02 1.53385037e-01 6.81067701e-02
  3.10052678e+00 4.73893113e+01]
 [1.19668367e-01 2.09872394e+02 1.53385037e-01 6.81067701e-02
  3.10052678e+00 4.73893113e+01]]"
6,7,"[[400.37056417 420.38276728 397.20657725 421.77054542 427.7953555
  413.59393719]
 [401.14733788 418.87693113 387.8236355  427.54226815 426.30563387
  417.51763685]
 [400.54745885 414.09068129 387.8236355  427.54226815 420.60463762
  417.51763685]
 [400.33107115 414.09068129 387.8236355  427.58160601 427.7953555
  417.51763685]
 [401.14733788 420.90244317 384.77098651 422.00282167 426.49739782
  419.68537358]
 [401.14733788 420.90244317 384.77098651 422.00282167 426.49739782
  419.68537358]
 [401.14733788 420.90244317 384.57618532 421.40294179 426.49739782
  419.68537358]
 [401.14733788 420.90244317 384.57618532 421.40294179 426.49739782
  419.68537358]
 [401.14733788 420.90244317 384.57618532 421.40294179 426.49739782
  419.68537358]
 [401.14733788 418.87693113 387.8236355  427.54226815 422.92799663
  434.55153304]
 [401.14733788 418.87693113 384.77098651 427.54226815 422.92799663
  417.51763685]
 [401.14733788 435.4408462  387.8236355  427.54226815 421.59989144
  417.51763685]
 [400.54745885 420.38276728 384.66246002 421.77054542 420.60463762
  413.59393719]
 [401.14733788 432.15195562 384.77098651 421.40294179 421.59989144
  419.68537358]
 [400.38709952 438.69070679 387.8236355  421.44671699 420.60463762
  417.51763685]
 [400.37056417 430.68853929 397.20657725 427.46851189 424.92134632
  447.5450928 ]
 [400.37056417 432.84320031 397.20657725 421.53867616 424.92134632
  447.5450928 ]
 [400.33107115 418.87693113 384.03324668 421.48027129 426.30563387
  431.39736665]
 [400.38709952 430.68853929 388.03484847 421.40294179 426.49739782
  403.33605872]
 [400.33107115 432.84320031 384.49919052 421.44671699 427.7953555
  413.49732237]]","[-2380.52471509 -2325.33731466 -2320.64233745 -2313.65116479
 -2309.24803209 -2309.24803209 -2307.84451044 -2307.84451044
 -2307.84451044 -2306.76113723 -2305.4597718  -2303.13486708
 -2302.75491846 -2297.41823774 -2291.93895187 -2287.18778628
 -2286.64072025 -2285.85366042 -2280.1617241  -2276.72543724]","[[7.82663782e-02 6.11429487e+02 1.05424025e-01 3.97949846e-02
  3.88796712e+00 1.02521860e+02]
 [7.82663782e-02 6.11429487e+02 1.05424025e-01 3.97949846e-02
  3.88796712e+00 1.02521860e+02]
 [7.82663782e-02 6.11429487e+02 1.05424025e-01 3.97949846e-02
  3.88796712e+00 1.02521860e+02]
 [7.82663782e-02 6.11429487e+02 1.05424025e-01 3.97949846e-02
  3.88796712e+00 1.02521860e+02]
 [7.82663782e-02 6.11429487e+02 1.05424025e-01 3.97949846e-02
  3.88796712e+00 1.02521860e+02]
 [7.82663782e-02 6.11429487e+02 1.05424025e-01 3.97949846e-02
  3.88796712e+00 1.02521860e+02]
 [7.82663782e-02 6.11429487e+02 1.05424025e-01 3.97949846e-02
  3.88796712e+00 1.02521860e+02]
 [7.82663782e-02 6.11429487e+02 1.05424025e-01 3.97949846e-02
  3.88796712e+00 1.02521860e+02]
 [7.82663782e-02 6.11429487e+02 1.05424025e-01 3.97949846e-02
  3.88796712e+00 1.02521860e+02]
 [7.82663782e-02 6.11429487e+02 1.05424025e-01 3.97949846e-02
  3.88796712e+00 1.02521860e+02]
 [7.82663782e-02 6.11429487e+02 1.05424025e-01 3.97949846e-02
  3.88796712e+00 1.02521860e+02]
 [7.82663782e-02 6.11429487e+02 1.05424025e-01 3.97949846e-02
  3.88796712e+00 1.02521860e+02]
 [7.82663782e-02 6.11429487e+02 1.05424025e-01 3.97949846e-02
  3.88796712e+00 1.02521860e+02]
 [7.82663782e-02 6.11429487e+02 1.05424025e-01 3.97949846e-02
  3.88796712e+00 1.02521860e+02]
 [7.82663782e-02 6.11429487e+02 1.05424025e-01 3.97949846e-02
  3.88796712e+00 1.02521860e+02]
 [7.82663782e-02 6.11429487e+02 1.05424025e-01 3.97949846e-02
  3.88796712e+00 1.02521860e+02]
 [7.82663782e-02 6.11429487e+02 1.05424025e-01 3.97949846e-02
  3.88796712e+00 1.02521860e+02]
 [7.82663782e-02 6.11429487e+02 1.05424025e-01 3.97949846e-02
  3.88796712e+00 1.02521860e+02]
 [7.82663782e-02 6.11429487e+02 1.05424025e-01 3.97949846e-02
  3.88796712e+00 1.02521860e+02]
 [7.82663782e-02 6.11429487e+02 1.05424025e-01 3.97949846e-02
  3.88796712e+00 1.02521860e+02]]"
7,8,"[[401.14733788 420.90244317 397.20657725 427.46851189 426.49739782
  419.68537358]
 [400.37056417 414.09068129 397.20657725 421.77054542 420.60463762
  417.51763685]
 [400.37056417 420.38276728 397.20657725 421.44671699 427.7953555
  413.59393719]
 [400.37056417 414.09068129 397.20657725 427.58160601 424.92134632
  417.51763685]
 [400.33107115 430.68853929 397.20657725 421.48027129 426.30563387
  431.39736665]
 [400.33107115 432.84320031 397.20657725 421.77054542 427.7953555
  413.59393719]
 [400.37056417 435.4408462  397.20657725 427.54226815 427.7953555
  417.51763685]
 [400.37056417 430.68853929 397.20657725 421.40294179 426.49739782
  403.33605872]
 [401.14733788 420.90244317 387.8236355  421.40294179 422.92799663
  419.68537358]
 [401.14733788 420.90244317 387.8236355  421.40294179 426.49739782
  419.68537358]
 [401.14733788 420.90244317 387.8236355  421.40294179 426.49739782
  417.51763685]
 [400.37056417 420.38276728 387.8236355  421.77054542 420.60463762
  417.51763685]
 [401.14733788 414.09068129 387.8236355  422.00282167 420.60463762
  417.51763685]
 [400.54745885 418.87693113 387.8236355  427.54226815 420.60463762
  417.51763685]
 [400.37056417 420.38276728 387.8236355  421.44671699 420.60463762
  413.59393719]
 [401.14733788 418.87693113 387.8236355  427.54226815 426.30563387
  417.51763685]
 [400.33107115 418.87693113 387.8236355  427.58160601 422.92799663
  417.51763685]
 [401.14733788 414.09068129 387.8236355  427.54226815 422.92799663
  417.51763685]
 [400.54745885 420.38276728 387.8236355  421.77054542 426.30563387
  413.59393719]
 [400.54745885 420.90244317 387.8236355  427.54226815 426.49739782
  417.51763685]]","[-2387.70819326 -2385.81866462 -2380.57702624 -2378.42376083
 -2363.91917537 -2362.62534992 -2354.21922514 -2339.21282515
 -2335.72293724 -2332.3483651  -2331.05610695 -2331.04581526
 -2328.84854699 -2326.03018805 -2325.77354591 -2325.33731466
 -2324.43657053 -2323.06107083 -2323.00772365 -2322.73871402]","[[5.11883475e-02 1.78130154e+03 7.24596435e-02 2.32523257e-02
  4.87539358e+00 2.21795411e+02]
 [5.11883475e-02 1.78130154e+03 7.24596435e-02 2.32523257e-02
  4.87539358e+00 2.21795411e+02]
 [5.11883475e-02 1.78130154e+03 7.24596435e-02 2.32523257e-02
  4.87539358e+00 2.21795411e+02]
 [5.11883475e-02 1.78130154e+03 7.24596435e-02 2.32523257e-02
  4.87539358e+00 2.21795411e+02]
 [5.11883475e-02 1.78130154e+03 7.24596435e-02 2.32523257e-02
  4.87539358e+00 2.21795411e+02]
 [5.11883475e-02 1.78130154e+03 7.24596435e-02 2.32523257e-02
  4.87539358e+00 2.21795411e+02]
 [5.11883475e-02 1.78130154e+03 7.24596435e-02 2.32523257e-02
  4.87539358e+00 2.21795411e+02]
 [5.11883475e-02 1.78130154e+03 7.24596435e-02 2.32523257e-02
  4.87539358e+00 2.21795411e+02]
 [5.11883475e-02 1.78130154e+03 7.24596435e-02 2.32523257e-02
  4.87539358e+00 2.21795411e+02]
 [5.11883475e-02 1.78130154e+03 7.24596435e-02 2.32523257e-02
  4.87539358e+00 2.21795411e+02]
 [5.11883475e-02 1.78130154e+03 7.24596435e-02 2.32523257e-02
  4.87539358e+00 2.21795411e+02]
 [5.11883475e-02 1.78130154e+03 7.24596435e-02 2.32523257e-02
  4.87539358e+00 2.21795411e+02]
 [5.11883475e-02 1.78130154e+03 7.24596435e-02 2.32523257e-02
  4.87539358e+00 2.21795411e+02]
 [5.11883475e-02 1.78130154e+03 7.24596435e-02 2.32523257e-02
  4.87539358e+00 2.21795411e+02]
 [5.11883475e-02 1.78130154e+03 7.24596435e-02 2.32523257e-02
  4.87539358e+00 2.21795411e+02]
 [5.11883475e-02 1.78130154e+03 7.24596435e-02 2.32523257e-02
  4.87539358e+00 2.21795411e+02]
 [5.11883475e-02 1.78130154e+03 7.24596435e-02 2.32523257e-02
  4.87539358e+00 2.21795411e+02]
 [5.11883475e-02 1.78130154e+03 7.24596435e-02 2.32523257e-02
  4.87539358e+00 2.21795411e+02]
 [5.11883475e-02 1.78130154e+03 7.24596435e-02 2.32523257e-02
  4.87539358e+00 2.21795411e+02]
 [5.11883475e-02 1.78130154e+03 7.24596435e-02 2.32523257e-02
  4.87539358e+00 2.21795411e+02]]"
8,9,"[[401.14733788 420.38276728 397.20657725 421.44671699 422.92799663
  419.68537358]
 [400.37056417 420.38276728 397.20657725 421.44671699 420.60463762
  417.51763685]
 [400.33107115 418.87693113 397.20657725 421.48027129 420.60463762
  417.51763685]
 [400.33107115 418.87693113 397.20657725 421.77054542 420.60463762
  417.51763685]
 [400.37056417 420.38276728 397.20657725 421.44671699 420.60463762
  413.59393719]
 [401.14733788 420.90244317 397.20657725 427.54226815 426.49739782
  417.51763685]
 [401.14733788 418.87693113 397.20657725 427.46851189 426.30563387
  417.51763685]
 [400.37056417 420.90244317 397.20657725 427.54226815 422.92799663
  417.51763685]
 [400.37056417 420.38276728 397.20657725 421.44671699 427.7953555
  417.51763685]
 [400.37056417 414.09068129 397.20657725 422.00282167 420.60463762
  417.51763685]
 [400.33107115 418.87693113 397.20657725 427.54226815 420.60463762
  417.51763685]
 [400.37056417 420.90244317 397.20657725 427.58160601 424.92134632
  417.51763685]
 [400.37056417 414.09068129 397.20657725 421.44671699 424.92134632
  417.51763685]
 [400.37056417 418.87693113 397.20657725 427.54226815 424.92134632
  417.51763685]
 [400.37056417 420.90244317 397.20657725 427.54226815 426.49739782
  417.51763685]
 [400.37056417 420.90244317 397.20657725 427.54226815 426.49739782
  417.51763685]
 [400.37056417 414.09068129 397.20657725 421.77054542 426.49739782
  417.51763685]
 [400.37056417 420.90244317 397.20657725 427.46851189 427.7953555
  419.68537358]
 [400.37056417 414.09068129 397.20657725 427.46851189 420.60463762
  419.68537358]
 [400.37056417 420.38276728 397.20657725 421.44671699 427.7953555
  413.59393719]]","[-2396.34409161 -2391.76708315 -2391.06037528 -2391.01225475
 -2386.44250265 -2386.29432542 -2386.12788109 -2385.91622597
 -2385.90160673 -2385.76483214 -2385.63886739 -2384.36263082
 -2383.91487819 -2383.87703028 -2382.54165383 -2382.54165383
 -2381.97617121 -2381.93253867 -2381.8591451  -2380.57702624]","[[3.34785764e-02 5.18953573e+03 4.98026889e-02 1.35864018e-02
  6.11359660e+00 4.79831368e+02]
 [3.34785764e-02 5.18953573e+03 4.98026889e-02 1.35864018e-02
  6.11359660e+00 4.79831368e+02]
 [3.34785764e-02 5.18953573e+03 4.98026889e-02 1.35864018e-02
  6.11359660e+00 4.79831368e+02]
 [3.34785764e-02 5.18953573e+03 4.98026889e-02 1.35864018e-02
  6.11359660e+00 4.79831368e+02]
 [3.34785764e-02 5.18953573e+03 4.98026889e-02 1.35864018e-02
  6.11359660e+00 4.79831368e+02]
 [3.34785764e-02 5.18953573e+03 4.98026889e-02 1.35864018e-02
  6.11359660e+00 4.79831368e+02]
 [3.34785764e-02 5.18953573e+03 4.98026889e-02 1.35864018e-02
  6.11359660e+00 4.79831368e+02]
 [3.34785764e-02 5.18953573e+03 4.98026889e-02 1.35864018e-02
  6.11359660e+00 4.79831368e+02]
 [3.34785764e-02 5.18953573e+03 4.98026889e-02 1.35864018e-02
  6.11359660e+00 4.79831368e+02]
 [3.34785764e-02 5.18953573e+03 4.98026889e-02 1.35864018e-02
  6.11359660e+00 4.79831368e+02]
 [3.34785764e-02 5.18953573e+03 4.98026889e-02 1.35864018e-02
  6.11359660e+00 4.79831368e+02]
 [3.34785764e-02 5.18953573e+03 4.98026889e-02 1.35864018e-02
  6.11359660e+00 4.79831368e+02]
 [3.34785764e-02 5.18953573e+03 4.98026889e-02 1.35864018e-02
  6.11359660e+00 4.79831368e+02]
 [3.34785764e-02 5.18953573e+03 4.98026889e-02 1.35864018e-02
  6.11359660e+00 4.79831368e+02]
 [3.34785764e-02 5.18953573e+03 4.98026889e-02 1.35864018e-02
  6.11359660e+00 4.79831368e+02]
 [3.34785764e-02 5.18953573e+03 4.98026889e-02 1.35864018e-02
  6.11359660e+00 4.79831368e+02]
 [3.34785764e-02 5.18953573e+03 4.98026889e-02 1.35864018e-02
  6.11359660e+00 4.79831368e+02]
 [3.34785764e-02 5.18953573e+03 4.98026889e-02 1.35864018e-02
  6.11359660e+00 4.79831368e+02]
 [3.34785764e-02 5.18953573e+03 4.98026889e-02 1.35864018e-02
  6.11359660e+00 4.79831368e+02]
 [3.34785764e-02 5.18953573e+03 4.98026889e-02 1.35864018e-02
  6.11359660e+00 4.79831368e+02]]"
9,10,"[[401.14733788 420.38276728 397.20657725 421.44671699 422.92799663
  419.68537358]
 [401.14733788 420.38276728 397.20657725 421.44671699 420.60463762
  417.51763685]
 [401.14733788 418.87693113 397.20657725 421.44671699 422.92799663
  417.51763685]
 [400.37056417 420.38276728 397.20657725 421.44671699 420.60463762
  419.68537358]
 [400.37056417 420.38276728 397.20657725 421.44671699 422.92799663
  419.68537358]
 [400.33107115 420.38276728 397.20657725 421.44671699 422.92799663
  419.68537358]
 [400.33107115 418.87693113 397.20657725 421.77054542 422.92799663
  419.68537358]
 [400.37056417 420.38276728 397.20657725 421.44671699 420.60463762
  417.51763685]
 [400.37056417 420.38276728 397.20657725 421.44671699 420.60463762
  417.51763685]
 [400.37056417 420.38276728 397.20657725 421.77054542 420.60463762
  417.51763685]
 [400.37056417 420.90244317 397.20657725 422.00282167 420.60463762
  417.51763685]
 [401.14733788 420.38276728 397.20657725 421.44671699 426.49739782
  417.51763685]
 [400.37056417 420.38276728 397.20657725 422.00282167 420.60463762
  417.51763685]
 [400.33107115 420.90244317 397.20657725 421.48027129 420.60463762
  417.51763685]
 [400.33107115 420.38276728 397.20657725 421.44671699 420.60463762
  417.51763685]
 [400.37056417 420.38276728 397.20657725 421.44671699 422.92799663
  417.51763685]
 [400.37056417 418.87693113 397.20657725 421.44671699 420.60463762
  417.51763685]
 [400.37056417 418.87693113 397.20657725 421.44671699 420.60463762
  417.51763685]
 [400.37056417 418.87693113 397.20657725 421.48027129 420.60463762
  417.51763685]
 [400.37056417 418.87693113 397.20657725 421.48027129 420.60463762
  417.51763685]]","[-2396.34409161 -2395.51975474 -2394.54357668 -2393.0593413
 -2392.59142002 -2392.39715955 -2391.83659163 -2391.76708315
 -2391.76708315 -2391.714772   -2391.70370213 -2391.67726132
 -2391.66093953 -2391.61139467 -2391.57282268 -2391.29916187
 -2391.25882637 -2391.25882637 -2391.25463575 -2391.25463575]","[[2.18959028e-02 1.51188782e+04 3.42301964e-02 7.93857427e-03
  7.66626586e+00 1.03806540e+03]
 [2.18959028e-02 1.51188782e+04 3.42301964e-02 7.93857427e-03
  7.66626586e+00 1.03806540e+03]
 [2.18959028e-02 1.51188782e+04 3.42301964e-02 7.93857427e-03
  7.66626586e+00 1.03806540e+03]
 [2.18959028e-02 1.51188782e+04 3.42301964e-02 7.93857427e-03
  7.66626586e+00 1.03806540e+03]
 [2.18959028e-02 1.51188782e+04 3.42301964e-02 7.93857427e-03
  7.66626586e+00 1.03806540e+03]
 [2.18959028e-02 1.51188782e+04 3.42301964e-02 7.93857427e-03
  7.66626586e+00 1.03806540e+03]
 [2.18959028e-02 1.51188782e+04 3.42301964e-02 7.93857427e-03
  7.66626586e+00 1.03806540e+03]
 [2.18959028e-02 1.51188782e+04 3.42301964e-02 7.93857427e-03
  7.66626586e+00 1.03806540e+03]
 [2.18959028e-02 1.51188782e+04 3.42301964e-02 7.93857427e-03
  7.66626586e+00 1.03806540e+03]
 [2.18959028e-02 1.51188782e+04 3.42301964e-02 7.93857427e-03
  7.66626586e+00 1.03806540e+03]
 [2.18959028e-02 1.51188782e+04 3.42301964e-02 7.93857427e-03
  7.66626586e+00 1.03806540e+03]
 [2.18959028e-02 1.51188782e+04 3.42301964e-02 7.93857427e-03
  7.66626586e+00 1.03806540e+03]
 [2.18959028e-02 1.51188782e+04 3.42301964e-02 7.93857427e-03
  7.66626586e+00 1.03806540e+03]
 [2.18959028e-02 1.51188782e+04 3.42301964e-02 7.93857427e-03
  7.66626586e+00 1.03806540e+03]
 [2.18959028e-02 1.51188782e+04 3.42301964e-02 7.93857427e-03
  7.66626586e+00 1.03806540e+03]
 [2.18959028e-02 1.51188782e+04 3.42301964e-02 7.93857427e-03
  7.66626586e+00 1.03806540e+03]
 [2.18959028e-02 1.51188782e+04 3.42301964e-02 7.93857427e-03
  7.66626586e+00 1.03806540e+03]
 [2.18959028e-02 1.51188782e+04 3.42301964e-02 7.93857427e-03
  7.66626586e+00 1.03806540e+03]
 [2.18959028e-02 1.51188782e+04 3.42301964e-02 7.93857427e-03
  7.66626586e+00 1.03806540e+03]
 [2.18959028e-02 1.51188782e+04 3.42301964e-02 7.93857427e-03
  7.66626586e+00 1.03806540e+03]]"
10,11,"[[401.14733788 420.38276728 397.20657725 421.44671699 420.60463762
  419.68537358]
 [401.14733788 420.38276728 397.20657725 421.44671699 420.60463762
  419.68537358]
 [401.14733788 420.38276728 397.20657725 421.44671699 422.92799663
  419.68537358]
 [401.14733788 420.38276728 397.20657725 421.44671699 422.92799663
  419.68537358]
 [401.14733788 420.38276728 397.20657725 421.44671699 422.92799663
  419.68537358]
 [401.14733788 420.38276728 397.20657725 422.00282167 422.92799663
  419.68537358]
 [401.14733788 418.87693113 397.20657725 421.44671699 422.92799663
  419.68537358]
 [401.14733788 420.90244317 397.20657725 421.48027129 420.60463762
  417.51763685]
 [401.14733788 420.38276728 397.20657725 421.44671699 420.60463762
  417.51763685]
 [401.14733788 420.38276728 397.20657725 421.44671699 420.60463762
  417.51763685]
 [401.14733788 420.38276728 397.20657725 421.44671699 420.60463762
  417.51763685]
 [401.14733788 420.38276728 397.20657725 421.44671699 420.60463762
  417.51763685]
 [401.14733788 420.38276728 397.20657725 421.44671699 420.60463762
  417.51763685]
 [401.14733788 420.38276728 397.20657725 421.44671699 420.60463762
  417.51763685]
 [401.14733788 420.38276728 397.20657725 421.44671699 420.60463762
  417.51763685]
 [401.14733788 420.38276728 397.20657725 421.44671699 420.60463762
  417.51763685]
 [401.14733788 420.38276728 397.20657725 421.44671699 420.60463762
  417.51763685]
 [401.14733788 420.38276728 397.20657725 421.48027129 420.60463762
  417.51763685]
 [401.14733788 420.38276728 397.20657725 421.44671699 422.92799663
  417.51763685]
 [401.14733788 418.87693113 397.20657725 421.44671699 422.92799663
  417.51763685]]","[-2396.81201289 -2396.81201289 -2396.34409161 -2396.34409161
 -2396.34409161 -2396.23794799 -2395.83583483 -2395.55832672
 -2395.51975474 -2395.51975474 -2395.51975474 -2395.51975474
 -2395.51975474 -2395.51975474 -2395.51975474 -2395.51975474
 -2395.51975474 -2395.51556412 -2395.05183346 -2394.54357668]","[[1.43205180e-02 4.40464217e+04 2.35269695e-02 4.63853213e-03
  9.61326631e+00 2.24574683e+03]
 [1.43205180e-02 4.40464217e+04 2.35269695e-02 4.63853213e-03
  9.61326631e+00 2.24574683e+03]
 [1.43205180e-02 4.40464217e+04 2.35269695e-02 4.63853213e-03
  9.61326631e+00 2.24574683e+03]
 [1.43205180e-02 4.40464217e+04 2.35269695e-02 4.63853213e-03
  9.61326631e+00 2.24574683e+03]
 [1.43205180e-02 4.40464217e+04 2.35269695e-02 4.63853213e-03
  9.61326631e+00 2.24574683e+03]
 [1.43205180e-02 4.40464217e+04 2.35269695e-02 4.63853213e-03
  9.61326631e+00 2.24574683e+03]
 [1.43205180e-02 4.40464217e+04 2.35269695e-02 4.63853213e-03
  9.61326631e+00 2.24574683e+03]
 [1.43205180e-02 4.40464217e+04 2.35269695e-02 4.63853213e-03
  9.61326631e+00 2.24574683e+03]
 [1.43205180e-02 4.40464217e+04 2.35269695e-02 4.63853213e-03
  9.61326631e+00 2.24574683e+03]
 [1.43205180e-02 4.40464217e+04 2.35269695e-02 4.63853213e-03
  9.61326631e+00 2.24574683e+03]
 [1.43205180e-02 4.40464217e+04 2.35269695e-02 4.63853213e-03
  9.61326631e+00 2.24574683e+03]
 [1.43205180e-02 4.40464217e+04 2.35269695e-02 4.63853213e-03
  9.61326631e+00 2.24574683e+03]
 [1.43205180e-02 4.40464217e+04 2.35269695e-02 4.63853213e-03
  9.61326631e+00 2.24574683e+03]
 [1.43205180e-02 4.40464217e+04 2.35269695e-02 4.63853213e-03
  9.61326631e+00 2.24574683e+03]
 [1.43205180e-02 4.40464217e+04 2.35269695e-02 4.63853213e-03
  9.61326631e+00 2.24574683e+03]
 [1.43205180e-02 4.40464217e+04 2.35269695e-02 4.63853213e-03
  9.61326631e+00 2.24574683e+03]
 [1.43205180e-02 4.40464217e+04 2.35269695e-02 4.63853213e-03
  9.61326631e+00 2.24574683e+03]
 [1.43205180e-02 4.40464217e+04 2.35269695e-02 4.63853213e-03
  9.61326631e+00 2.24574683e+03]
 [1.43205180e-02 4.40464217e+04 2.35269695e-02 4.63853213e-03
  9.61326631e+00 2.24574683e+03]
 [1.43205180e-02 4.40464217e+04 2.35269695e-02 4.63853213e-03
  9.61326631e+00 2.24574683e+03]]"
11,12,"[[401.14733788 420.90244317 397.20657725 421.44671699 420.60463762
  419.68537358]
 [401.14733788 420.90244317 397.20657725 421.48027129 420.60463762
  419.68537358]
 [401.14733788 420.38276728 397.20657725 421.44671699 420.60463762
  419.68537358]
 [401.14733788 420.38276728 397.20657725 421.44671699 420.60463762
  419.68537358]
 [401.14733788 420.38276728 397.20657725 421.44671699 420.60463762
  419.68537358]
 [401.14733788 420.38276728 397.20657725 421.44671699 420.60463762
  419.68537358]
 [401.14733788 420.38276728 397.20657725 421.44671699 420.60463762
  419.68537358]
 [401.14733788 420.38276728 397.20657725 421.44671699 420.60463762
  419.68537358]
 [401.14733788 420.38276728 397.20657725 421.44671699 420.60463762
  419.68537358]
 [401.14733788 420.38276728 397.20657725 421.44671699 420.60463762
  419.68537358]
 [401.14733788 420.38276728 397.20657725 421.44671699 420.60463762
  419.68537358]
 [401.14733788 420.38276728 397.20657725 421.44671699 420.60463762
  419.68537358]
 [401.14733788 420.38276728 397.20657725 421.44671699 420.60463762
  419.68537358]
 [401.14733788 420.38276728 397.20657725 421.44671699 420.60463762
  419.68537358]
 [401.14733788 420.38276728 397.20657725 421.44671699 420.60463762
  419.68537358]
 [401.14733788 420.38276728 397.20657725 421.44671699 420.60463762
  419.68537358]
 [401.14733788 420.38276728 397.20657725 421.44671699 420.60463762
  419.68537358]
 [401.14733788 420.38276728 397.20657725 421.44671699 420.60463762
  419.68537358]
 [401.14733788 420.38276728 397.20657725 421.48027129 420.60463762
  419.68537358]
 [401.14733788 420.38276728 397.20657725 421.44671699 422.92799663
  419.68537358]]","[-2396.8547755  -2396.85058488 -2396.81201289 -2396.81201289
 -2396.81201289 -2396.81201289 -2396.81201289 -2396.81201289
 -2396.81201289 -2396.81201289 -2396.81201289 -2396.81201289
 -2396.81201289 -2396.81201289 -2396.81201289 -2396.81201289
 -2396.81201289 -2396.81201289 -2396.80782227 -2396.34409161]","[[9.36600966e-03 1.28322170e+05 1.61704680e-02 2.71030787e-03
  1.20547462e+01 4.85844034e+03]
 [9.36600966e-03 1.28322170e+05 1.61704680e-02 2.71030787e-03
  1.20547462e+01 4.85844034e+03]
 [9.36600966e-03 1.28322170e+05 1.61704680e-02 2.71030787e-03
  1.20547462e+01 4.85844034e+03]
 [9.36600966e-03 1.28322170e+05 1.61704680e-02 2.71030787e-03
  1.20547462e+01 4.85844034e+03]
 [9.36600966e-03 1.28322170e+05 1.61704680e-02 2.71030787e-03
  1.20547462e+01 4.85844034e+03]
 [9.36600966e-03 1.28322170e+05 1.61704680e-02 2.71030787e-03
  1.20547462e+01 4.85844034e+03]
 [9.36600966e-03 1.28322170e+05 1.61704680e-02 2.71030787e-03
  1.20547462e+01 4.85844034e+03]
 [9.36600966e-03 1.28322170e+05 1.61704680e-02 2.71030787e-03
  1.20547462e+01 4.85844034e+03]
 [9.36600966e-03 1.28322170e+05 1.61704680e-02 2.71030787e-03
  1.20547462e+01 4.85844034e+03]
 [9.36600966e-03 1.28322170e+05 1.61704680e-02 2.71030787e-03
  1.20547462e+01 4.85844034e+03]
 [9.36600966e-03 1.28322170e+05 1.61704680e-02 2.71030787e-03
  1.20547462e+01 4.85844034e+03]
 [9.36600966e-03 1.28322170e+05 1.61704680e-02 2.71030787e-03
  1.20547462e+01 4.85844034e+03]
 [9.36600966e-03 1.28322170e+05 1.61704680e-02 2.71030787e-03
  1.20547462e+01 4.85844034e+03]
 [9.36600966e-03 1.28322170e+05 1.61704680e-02 2.71030787e-03
  1.20547462e+01 4.85844034e+03]
 [9.36600966e-03 1.28322170e+05 1.61704680e-02 2.71030787e-03
  1.20547462e+01 4.85844034e+03]
 [9.36600966e-03 1.28322170e+05 1.61704680e-02 2.71030787e-03
  1.20547462e+01 4.85844034e+03]
 [9.36600966e-03 1.28322170e+05 1.61704680e-02 2.71030787e-03
  1.20547462e+01 4.85844034e+03]
 [9.36600966e-03 1.28322170e+05 1.61704680e-02 2.71030787e-03
  1.20547462e+01 4.85844034e+03]
 [9.36600966e-03 1.28322170e+05 1.61704680e-02 2.71030787e-03
  1.20547462e+01 4.85844034e+03]
 [9.36600966e-03 1.28322170e+05 1.61704680e-02 2.71030787e-03
  1.20547462e+01 4.85844034e+03]]"
12,13,"[[401.14733788 420.90244317 397.20657725 421.44671699 420.60463762
  419.68537358]
 [401.14733788 420.90244317 397.20657725 421.44671699 420.60463762
  419.68537358]
 [401.14733788 420.90244317 397.20657725 421.44671699 420.60463762
  419.68537358]
 [401.14733788 420.90244317 397.20657725 421.44671699 420.60463762
  419.68537358]
 [401.14733788 420.90244317 397.20657725 421.44671699 420.60463762
  419.68537358]
 [401.14733788 420.90244317 397.20657725 421.44671699 420.60463762
  419.68537358]
 [401.14733788 420.90244317 397.20657725 421.44671699 420.60463762
  419.68537358]
 [401.14733788 420.90244317 397.20657725 421.44671699 420.60463762
  419.68537358]
 [401.14733788 420.90244317 397.20657725 421.44671699 420.60463762
  419.68537358]
 [401.14733788 420.90244317 397.20657725 421.44671699 420.60463762
  419.68537358]
 [401.14733788 420.90244317 397.20657725 421.48027129 420.60463762
  419.68537358]
 [401.14733788 420.90244317 397.20657725 421.48027129 420.60463762
  419.68537358]
 [401.14733788 420.90244317 397.20657725 421.48027129 420.60463762
  419.68537358]
 [401.14733788 420.90244317 397.20657725 421.48027129 420.60463762
  419.68537358]
 [401.14733788 420.90244317 397.20657725 421.48027129 420.60463762
  419.68537358]
 [401.14733788 420.38276728 397.20657725 421.44671699 420.60463762
  419.68537358]
 [401.14733788 420.38276728 397.20657725 421.44671699 420.60463762
  419.68537358]
 [401.14733788 420.38276728 397.20657725 421.44671699 420.60463762
  419.68537358]
 [401.14733788 420.38276728 397.20657725 421.44671699 420.60463762
  419.68537358]
 [401.14733788 420.38276728 397.20657725 421.44671699 420.60463762
  419.68537358]]","[-2396.8547755  -2396.8547755  -2396.8547755  -2396.8547755
 -2396.8547755  -2396.8547755  -2396.8547755  -2396.8547755
 -2396.8547755  -2396.8547755  -2396.85058488 -2396.85058488
 -2396.85058488 -2396.85058488 -2396.85058488 -2396.81201289
 -2396.81201289 -2396.81201289 -2396.81201289 -2396.81201289]","[[6.12562596e-03 3.73846018e+05 1.11142251e-02 1.58364080e-03
  1.51162884e+01 1.05107318e+04]
 [6.12562596e-03 3.73846018e+05 1.11142251e-02 1.58364080e-03
  1.51162884e+01 1.05107318e+04]
 [6.12562596e-03 3.73846018e+05 1.11142251e-02 1.58364080e-03
  1.51162884e+01 1.05107318e+04]
 [6.12562596e-03 3.73846018e+05 1.11142251e-02 1.58364080e-03
  1.51162884e+01 1.05107318e+04]
 [6.12562596e-03 3.73846018e+05 1.11142251e-02 1.58364080e-03
  1.51162884e+01 1.05107318e+04]
 [6.12562596e-03 3.73846018e+05 1.11142251e-02 1.58364080e-03
  1.51162884e+01 1.05107318e+04]
 [6.12562596e-03 3.73846018e+05 1.11142251e-02 1.58364080e-03
  1.51162884e+01 1.05107318e+04]
 [6.12562596e-03 3.73846018e+05 1.11142251e-02 1.58364080e-03
  1.51162884e+01 1.05107318e+04]
 [6.12562596e-03 3.73846018e+05 1.11142251e-02 1.58364080e-03
  1.51162884e+01 1.05107318e+04]
 [6.12562596e-03 3.73846018e+05 1.11142251e-02 1.58364080e-03
  1.51162884e+01 1.05107318e+04]
 [6.12562596e-03 3.73846018e+05 1.11142251e-02 1.58364080e-03
  1.51162884e+01 1.05107318e+04]
 [6.12562596e-03 3.73846018e+05 1.11142251e-02 1.58364080e-03
  1.51162884e+01 1.05107318e+04]
 [6.12562596e-03 3.73846018e+05 1.11142251e-02 1.58364080e-03
  1.51162884e+01 1.05107318e+04]
 [6.12562596e-03 3.73846018e+05 1.11142251e-02 1.58364080e-03
  1.51162884e+01 1.05107318e+04]
 [6.12562596e-03 3.73846018e+05 1.11142251e-02 1.58364080e-03
  1.51162884e+01 1.05107318e+04]
 [6.12562596e-03 3.73846018e+05 1.11142251e-02 1.58364080e-03
  1.51162884e+01 1.05107318e+04]
 [6.12562596e-03 3.73846018e+05 1.11142251e-02 1.58364080e-03
  1.51162884e+01 1.05107318e+04]
 [6.12562596e-03 3.73846018e+05 1.11142251e-02 1.58364080e-03
  1.51162884e+01 1.05107318e+04]
 [6.12562596e-03 3.73846018e+05 1.11142251e-02 1.58364080e-03
  1.51162884e+01 1.05107318e+04]
 [6.12562596e-03 3.73846018e+05 1.11142251e-02 1.58364080e-03
  1.51162884e+01 1.05107318e+04]]"
13,14,"[[401.14733788 420.90244317 397.20657725 421.44671699 420.60463762
  419.68537358]
 [401.14733788 420.90244317 397.20657725 421.44671699 420.60463762
  419.68537358]
 [401.14733788 420.90244317 397.20657725 421.44671699 420.60463762
  419.68537358]
 [401.14733788 420.90244317 397.20657725 421.44671699 420.60463762
  419.68537358]
 [401.14733788 420.90244317 397.20657725 421.44671699 420.60463762
  419.68537358]
 [401.14733788 420.90244317 397.20657725 421.44671699 420.60463762
  419.68537358]
 [401.14733788 420.90244317 397.20657725 421.44671699 420.60463762
  419.68537358]
 [401.14733788 420.90244317 397.20657725 421.44671699 420.60463762
  419.68537358]
 [401.14733788 420.90244317 397.20657725 421.44671699 420.60463762
  419.68537358]
 [401.14733788 420.90244317 397.20657725 421.44671699 420.60463762
  419.68537358]
 [401.14733788 420.90244317 397.20657725 421.44671699 420.60463762
  419.68537358]
 [401.14733788 420.90244317 397.20657725 421.44671699 420.60463762
  419.68537358]
 [401.14733788 420.90244317 397.20657725 421.44671699 420.60463762
  419.68537358]
 [401.14733788 420.90244317 397.20657725 421.44671699 420.60463762
  419.68537358]
 [401.14733788 420.90244317 397.20657725 421.44671699 420.60463762
  419.68537358]
 [401.14733788 420.90244317 397.20657725 421.44671699 420.60463762
  419.68537358]
 [401.14733788 420.90244317 397.20657725 421.44671699 420.60463762
  419.68537358]
 [401.14733788 420.90244317 397.20657725 421.44671699 420.60463762
  419.68537358]
 [401.14733788 420.90244317 397.20657725 421.44671699 420.60463762
  419.68537358]
 [401.14733788 420.90244317 397.20657725 421.44671699 420.60463762
  419.68537358]]","[-2396.8547755 -2396.8547755 -2396.8547755 -2396.8547755 -2396.8547755
 -2396.8547755 -2396.8547755 -2396.8547755 -2396.8547755 -2396.8547755
 -2396.8547755 -2396.8547755 -2396.8547755 -2396.8547755 -2396.8547755
 -2396.8547755 -2396.8547755 -2396.8547755 -2396.8547755 -2396.8547755]","[[4.00632657e-03 1.08914029e+06 7.63898728e-03 9.25325946e-04
  1.89553700e+01 2.27388781e+04]
 [4.00632657e-03 1.08914029e+06 7.63898728e-03 9.25325946e-04
  1.89553700e+01 2.27388781e+04]
 [4.00632657e-03 1.08914029e+06 7.63898728e-03 9.25325946e-04
  1.89553700e+01 2.27388781e+04]
 [4.00632657e-03 1.08914029e+06 7.63898728e-03 9.25325946e-04
  1.89553700e+01 2.27388781e+04]
 [4.00632657e-03 1.08914029e+06 7.63898728e-03 9.25325946e-04
  1.89553700e+01 2.27388781e+04]
 [4.00632657e-03 1.08914029e+06 7.63898728e-03 9.25325946e-04
  1.89553700e+01 2.27388781e+04]
 [4.00632657e-03 1.08914029e+06 7.63898728e-03 9.25325946e-04
  1.89553700e+01 2.27388781e+04]
 [4.00632657e-03 1.08914029e+06 7.63898728e-03 9.25325946e-04
  1.89553700e+01 2.27388781e+04]
 [4.00632657e-03 1.08914029e+06 7.63898728e-03 9.25325946e-04
  1.89553700e+01 2.27388781e+04]
 [4.00632657e-03 1.08914029e+06 7.63898728e-03 9.25325946e-04
  1.89553700e+01 2.27388781e+04]
 [4.00632657e-03 1.08914029e+06 7.63898728e-03 9.25325946e-04
  1.89553700e+01 2.27388781e+04]
 [4.00632657e-03 1.08914029e+06 7.63898728e-03 9.25325946e-04
  1.89553700e+01 2.27388781e+04]
 [4.00632657e-03 1.08914029e+06 7.63898728e-03 9.25325946e-04
  1.89553700e+01 2.27388781e+04]
 [4.00632657e-03 1.08914029e+06 7.63898728e-03 9.25325946e-04
  1.89553700e+01 2.27388781e+04]
 [4.00632657e-03 1.08914029e+06 7.63898728e-03 9.25325946e-04
  1.89553700e+01 2.27388781e+04]
 [4.00632657e-03 1.08914029e+06 7.63898728e-03 9.25325946e-04
  1.89553700e+01 2.27388781e+04]
 [4.00632657e-03 1.08914029e+06 7.63898728e-03 9.25325946e-04
  1.89553700e+01 2.27388781e+04]
 [4.00632657e-03 1.08914029e+06 7.63898728e-03 9.25325946e-04
  1.89553700e+01 2.27388781e+04]
 [4.00632657e-03 1.08914029e+06 7.63898728e-03 9.25325946e-04
  1.89553700e+01 2.27388781e+04]
 [4.00632657e-03 1.08914029e+06 7.63898728e-03 9.25325946e-04
  1.89553700e+01 2.27388781e+04]]"
