,population,best_x,best_energy,running_time
0,16,"[ 423.24562405 -297.61606052 -330.47584721  392.76494329 -302.47787742
  421.08852202]",-1964.4324937996407,0.302003
1,37,"[-334.24370678  420.92637138 -315.89730619  420.37229143 -296.83582269
  424.31965704]",-2009.5580258612958,0.771597
2,17,"[ 429.47259717  419.10310213 -303.68244507  420.39034     418.70271378
  420.53960771]",-2385.015886560678,0.468231
3,13,"[-499.67051168  417.12287974  420.95687834 -322.48260663  391.69404448
  405.20440534]",-1969.0005346275711,0.271936
4,103,"[ 415.39824333  443.89394128  408.25161572 -302.56792293  396.96552164
  421.31419925]",-2236.2927457415167,2.072569
5,11,"[-302.76873006  429.24340794  420.44360878 -118.70235502  426.9492315
  401.4916679 ]",-2034.789403854644,0.187978
6,34,"[ 430.71389319  420.8866207  -287.45418549  421.21900712  419.81794133
  415.47529574]",-2351.444728038904,0.636
7,14,"[373.71938647 410.80401442 418.14316305 411.01205098 423.07763772
 401.86145933]",-2196.4749305754485,0.252
8,17,"[414.02295215 204.48388021 421.50893316 421.05520207 415.01010709
 391.98134197]",-2185.768426493336,0.308021
9,13,"[416.29201411 433.25092213 414.14630338 417.76145933 395.116399
 419.97080973]",-2404.2363926471917,0.237998
10,17,"[ 421.73732239  425.22633512  421.09012747  398.2973607  -295.40641832
  422.39454673]",-2323.853458994943,0.320003
11,29,"[ 436.59543273  420.8462429   203.88431772 -311.87108535  420.44573753
 -296.48065391]",-2013.5694289052421,0.573266
12,11,"[383.03568638 396.54376975 423.31231352 423.54361995 414.68120985
 408.02090446]",-2248.3046911035913,0.193007
13,14,"[ 419.86719955  418.2314754   401.60704037 -323.09310817  422.4709224
  448.67549954]",-2201.1502627815166,0.250129
14,16,"[ 415.06214155  421.14924835  453.17663285 -121.53112108  424.01873622
  409.73024139]",-2069.135915243236,0.295878
15,11,"[ 419.83994731 -315.62799928  439.83299377  430.43127143 -289.91511246
  416.02859417]",-2176.6503813235,0.195981
16,10,"[ 414.63165864  427.97687988  420.33016743 -287.31460958  408.20104149
 -301.86186909]",-2216.786111068913,0.175006
17,59,"[430.68423037 371.61699116 387.68947931 415.11281086 454.34177925
 421.02640796]",-1967.898493809961,1.332986
18,38,"[420.92168117 399.71434951 420.87882045 436.59333987 419.91799037
 182.0621209 ]",-2154.498613181058,0.924356
19,13,"[ 371.85449953  416.04369139  420.61024441 -300.99917641 -295.83944642
  424.74343061]",-2003.611093957616,0.222979
20,12,"[ 418.83346591  431.92475253  420.07137015  420.9778525  -286.64467806
  420.93816887]",-2348.5636373772622,0.278997
21,35,"[420.35414832 421.57041554 421.59578538 204.39587888 433.12352105
 447.29889813]",-2192.5836602957897,0.795015
22,28,"[ 214.76857691  412.32649557  426.55859037 -302.58277599  430.82445196
  397.03323548]",-2068.000020056806,0.533988
23,14,"[-281.27754121  416.05107584  421.1785212   417.53323201  401.42350177
  200.95468597]",-2071.124016328078,0.32
24,17,"[408.94008521 421.84760726 419.76078769 421.1471056  420.90375223
 408.98959953]",-2477.6789472087708,0.317012
25,18,"[ 422.17276157  417.6254073   421.30980591 -299.35077173  204.53128073
 -301.40511096]",-2056.778262136956,0.442248
26,14,"[419.95770009 421.71529281 430.52014477 422.55475711 421.87423139
 400.11628051]",-2448.5499923866782,0.250767
27,18,"[404.59122381 429.97808676 411.24242552 423.04206391 421.58539134
 415.48034919]",-2454.2737273428697,0.334972
28,108,"[-331.6304748  -300.3846139  -302.09355152  420.91830912  441.95893091
  421.3966156 ]",-2000.3135899883996,2.079002
29,47,"[411.78117416 423.73706753 428.40893631 412.2411863  413.82825143
 407.49852443]",-2456.8665729040804,0.902001
30,16,"[409.52478224 427.73547919 460.19976061 415.4614124  200.60543323
 413.60366089]",-2079.887878939359,0.295022
31,17,"[ 420.94501452  426.81396359  458.13494271  421.62928659 -130.62515004
  420.7689536 ]",-2043.8655825930578,0.309992
32,12,"[-302.98619769  203.09359257  418.15290393 -335.14379043 -323.94679219
  423.09471933]",-1755.3494909175606,0.215983
33,49,"[ 421.1033508   420.42543481 -309.96146727  420.77082932  426.88190804
 -266.0282861 ]",-2115.752711957208,0.930464
34,25,"[408.71997746 412.64878045 197.62510131 400.61914955 431.0334979
 411.40180731]",-2189.569781174472,0.452001
35,17,"[444.47275399 417.99189307 420.53773999 449.43850473 421.74440671
 411.55797343]",-2333.80316155794,0.311013
36,28,"[ 421.14380236  395.24829126 -324.1886215   425.46280508  421.09282974
  420.67932636]",-2254.8110980350707,0.526987
37,13,"[ 422.19137055  438.00850075 -321.65369948  420.04275038  423.39698501
  420.3617769 ]",-2312.377249330685,0.24011
38,16,"[ 412.39651128  422.61690686 -290.98030447  419.57619266  416.1183541
 -302.157206  ]",-2247.632351577631,0.283889
39,24,"[420.70671695 420.28818766 420.76333852 405.24487354 420.23296894
 421.69430211]",-2483.0703808739927,0.442115
40,55,"[409.15627888 462.02827802 407.2233268  421.00011421 419.07502635
 415.01270662]",-2269.1225494688315,1.035264
41,16,"[ 404.40161544 -324.30602964  420.29683246  421.91096364 -305.05192903
  406.67707411]",-2157.9193537167166,0.304977
42,32,"[ 426.07426241 -303.93554128  410.21445107 -307.1190213   420.92828428
  409.43627044]",-2239.758267771324,0.639009
43,58,"[448.67667138 421.15861174 439.58421348 396.53587715 389.85632793
 418.58511389]",-2188.4983505306586,1.097413
44,13,"[420.3187213  418.91743519 432.26922796 421.76053664 398.38006838
 435.04426354]",-2410.0935343743463,0.238024
45,27,"[ 421.75488325  419.87074244  420.00663966  417.46447397 -300.97553924
  447.61180411]",-2305.88488494835,0.488982
46,17,"[ 421.09867869 -306.14253713 -298.46326673  419.6397944   439.59146537
  439.54287097]",-2186.6300171490197,0.300988
47,51,"[-287.72190026 -302.51989209 -305.53823262  410.55032313  421.17058212
  414.56766653]",-2111.6088424602044,0.984968
48,23,"[ 419.48602409  403.36346707 -306.61117284  420.91576791  425.94708525
  420.78106394]",-2351.696983964325,0.537546
49,33,"[439.74160979 414.00097241 204.28780334 421.22288138 414.14368035
 412.57383533]",-2231.9298450632295,0.850374
