,population,best_x,best_energy,running_time
0,14,"[ 442.31751743 -311.38973447  449.02493601  402.65626982  421.91499576
  421.93794627]",-2190.712983043207,0.283758
1,17,"[-305.19676762  418.90463241  226.97377477  422.63695204  421.69260589
 -302.14740297]",-1992.1289741013675,0.331002
2,17,"[ 407.77282628 -283.38851832  419.38063057  429.20727258  420.23344559
  420.66278121]",-2320.1226105853134,0.339993
3,14,"[424.95155576 419.97011477 419.6076815  431.00490147 419.27756164
 420.41866994]",-2498.4411454371175,0.283962
4,19,"[ 425.06166227  419.13451947  410.14627951  423.83112711  420.28438273
 -292.33375703]",-2364.2096112452577,0.371039
5,17,"[441.28020798 426.30532091 420.62265846 413.44112346 439.69138587
 420.05990877]",-2407.885978558063,0.316002
6,10,"[ 405.38793457  423.82148901 -299.0144203   391.63681948  396.72959455
  415.06746929]",-2184.5166574978794,0.157997
7,13,"[ 421.10830589  418.10132914  443.0970492  -295.11712924  450.93519361
  463.01183578]",-2009.1675550439602,0.212001
8,16,"[ 452.1338142   413.11647492 -267.83576289  417.60309916  434.28710211
  421.16320664]",-2108.9431765551426,0.286149
9,21,"[ 404.15743131 -299.02347413  438.34548782  421.10641676  436.70919236
  436.99791138]",-2257.923968383814,0.367094
10,18,"[ 421.26895653  420.66011835  421.18506609  417.24442453 -268.70703158
  427.7370824 ]",-2257.2189841392174,0.304004
11,16,"[ 430.72671996 -298.11208152  420.82845373  431.9340825   443.93242297
  421.04252373]",-2300.4493961088547,0.276002
12,11,"[ 401.28795284  434.82370413 -312.56677356 -493.42884044  439.87497257
  406.99126223]",-1931.8419008712112,0.183994
13,16,"[435.58766179 417.60332435 423.8884774  442.00808328 414.76892413
 446.07407963]",-2346.8059522292024,0.269004
14,18,"[ 420.53209751 -332.61922039  421.73593556  421.16239029 -330.5969897
 -303.08786047]",-1952.9386025281713,0.300001
15,14,"[215.73798223 423.61507567 421.39493147 412.5775325  423.8628667
 446.86441852]",-2185.271517245106,0.247001
16,53,"[ 419.89767716  431.53415364  423.74362928  415.15834301  427.88785801
 -125.24340545]",-2192.301360079421,0.950833
17,14,"[395.68119115 206.18225487 419.56457484 392.24958609 426.15185179
 443.74743787]",-2052.1001312791554,0.23524
18,16,"[420.50334727 177.90265219 419.46508477 423.11831029 423.9885415
 403.32770872]",-2178.535027316027,0.267978
19,21,"[421.25791615 421.58134182 420.26577124 384.87987454 422.63228976
 415.25069642]",-2357.931555006209,0.348998
20,41,"[ 424.46529063  390.37197508 -123.1729106   418.48133007  427.27376472
  420.69793373]",-2098.890509905308,0.753004
21,15,"[ 440.91230577 -305.80912466 -305.58271461  424.03791745  420.68666596
  421.65630939]",-2223.621239756135,0.266118
22,14,"[ 421.17793614  403.40706441  434.40081665  421.84964219  414.67390943
 -295.56123232]",-2323.5522446569225,0.234
23,22,"[421.98660797 437.49950574 420.82295939 420.55016538 421.1663063
 420.91917948]",-2479.5030504547753,0.385083
24,13,"[-302.88496627  445.7318946  -137.0571714   422.9293004   418.2339893
 -303.27970349]",-1884.5349853870202,0.21803
25,17,"[ 403.93135373  421.11004744 -304.67665894  420.63186586  420.67676691
  409.33269664]",-2342.101503664098,0.29599
26,23,"[ 414.54016652  431.16672902  420.29769908 -312.25974011  421.18351508
  414.21745377]",-2359.3916313098257,0.39752
27,36,"[ 433.97671985  426.28607838  420.9062402   424.37051758  420.04245496
 -322.78400166]",-2317.9692816565757,0.676073
28,17,"[ 426.74036676 -273.9618212   419.58008047  422.13386779  417.03256751
  418.2858201 ]",-2292.139076355617,0.276999
29,15,"[424.17369713 418.52482517 423.73912481 416.33721318 423.09308732
 417.89145316]",-2506.416682500388,0.253001
30,14,"[ 438.3176148   416.33334267 -291.66531516  416.28360077  422.75961258
  422.95932699]",-2336.697595846058,0.224
31,18,"[416.42862569 429.12192359 424.51048003 420.44646518 418.21059833
 434.20214605]",-2478.322805076107,0.313196
32,15,"[-318.61547111  420.31236076  422.70682202  412.11475413  412.73070479
  417.23084005]",-2342.456417647314,0.251268
33,39,"[ 403.79187068 -300.5011494   418.75334209  420.89632295  421.12523468
  428.06528551]",-2351.532776983278,0.734549
34,16,"[ 391.34861522  420.70883679 -299.27115185  421.34140504  405.5013788
  375.53332916]",-2030.4550871935032,0.272218
35,15,"[ 394.08640503 -302.1611435   423.58691826 -301.09441223  438.62834044
  417.48455182]",-2148.4055374340346,0.255399
36,108,"[ 412.77510922 -287.2494244   421.52147292  424.61893678  391.91510117
  421.19758521]",-2255.6784965537213,2.08
37,22,"[-317.16329169  422.52415163  422.7075384  -330.4052053   421.31257844
 -302.1124538 ]",-2036.194072588149,0.381001
38,11,"[418.96886928 424.41453306 434.39358353 420.06547219 435.1634231
 423.20587095]",-2463.1953697888734,0.195003
39,12,"[425.43843784 422.56856227 379.98067959 422.25636959 410.94030308
 204.88627038]",-2089.9955793043896,0.202001
40,33,"[394.72503881 420.79784733 420.86896472 401.51767716 420.78625021
 424.26723006]",-2383.0203314139835,0.648001
41,11,"[-305.43260247  423.55330166  422.44299168 -299.15392803  426.69056769
  419.76858653]",-2269.080543451077,0.200999
42,11,"[ 442.28970588 -314.98330053  412.90467014  426.53628852  426.59674401
 -310.58816545]",-2176.6034542618117,0.190998
43,16,"[ 419.52931319  420.23895403  438.34956623  421.17550321  430.92907561
 -289.9893232 ]",-2325.269641897958,0.286121
44,18,"[416.18413324 437.75587244 416.69083035 425.80362037 419.37301546
 414.13542187]",-2464.286449845176,0.311011
45,24,"[453.05916563 420.89425044 420.95882268 421.27620136 426.36320948
 390.56786015]",-2275.3025207639575,0.438986
46,34,"[-301.02319019 -298.02289315  406.78886149  420.96771309 -301.59253852
  430.36030104]",-2119.533328709517,0.602002
47,12,"[429.88958    427.05189587 465.13005262 425.64795132 402.85124021
 459.63566826]",-2050.531326294845,0.212
48,12,"[417.47215717 195.92510892 415.25037335 405.35092414 409.41512797
 427.54552978]",-2230.946996611165,0.207004
49,21,"[423.40502839 445.83861166 420.3023416  400.93282636 428.69010872
 426.15553497]",-2376.5093426335316,0.358991
