,population,best_x,best_energy
0,1,"[ 216.54221941 -497.00431471  476.29420249  165.55705537  -30.52126584
   68.90759184]",-540.6803129773252
1,2,"[-292.04853429  -94.42680433  -39.00307426  444.92343578 -314.5709517
 -332.07891212]",-1140.4373762196888
2,3,"[-292.60750003  412.16954723  -38.90911515  443.1485291  -312.42709162
 -332.74667693]",-1535.4537289677646
3,4,"[ 445.42122252  410.10018774    6.30297442  447.32991936 -307.13982251
  397.20746187]",-1734.6394374092138
4,5,"[-293.87020347  408.77041286  185.66461957  437.80130777 -307.36283499
  398.93948311]",-1894.3513044843503
5,6,"[ 443.68444879  409.19208441  183.531966    416.74989299 -311.68079449
  399.83333277]",-1980.1928988189566
6,7,"[ 442.66729362  410.69046318  191.62859235  421.76260507 -302.34860259
  398.73263576]",-2027.751758374033
7,8,"[ 441.62605534  412.79956116  192.33727654  423.52521329 -306.52606715
  403.26172342]",-2058.88868277888
8,9,"[ 445.1510155   411.45723786  196.76114055  423.05047655 -303.32305132
  408.77098286]",-2069.196681736866
9,10,"[ 441.57041116  411.1861203   204.27646461  420.19422617 -302.17956758
  403.23071476]",-2074.5699486750736
10,11,"[ 441.42534272  413.18970469  202.27685165  427.9273828  -299.92303518
  408.33601497]",-2091.4555933035062
11,12,"[ 441.59442071  413.40067353  206.73157164  419.17110939 -299.83700859
  408.59048488]",-2096.6554931003016
12,13,"[ 441.59442071  413.40067353  206.73157164  419.17110939 -299.83700859
  408.59048488]",-2096.6554931003016
13,14,"[ 441.71349191  413.41197504  204.28780334  417.68112763 -306.53874616
  409.46315407]",-2097.6222535419356
14,15,"[ 441.40245265  414.00097241  202.47523472  412.55227593 -299.97212703
  411.70828699]",-2099.5451952910507
15,16,"[ 441.40245265  414.00097241  202.47523472  412.55227593 -299.97212703
  411.70828699]",-2099.5451952910507
16,17,"[ 440.99182939  414.01338519  204.74996016  421.22288138 -298.97128299
  409.00111093]",-2102.695142734192
17,18,"[ 440.99182939  414.01338519  204.74996016  421.22288138 -298.97128299
  409.00111093]",-2102.695142734192
18,19,"[ 441.40245265  414.00097241  202.47523472  422.64003686 -300.90086054
  411.70828699]",-2108.5602730842525
19,20,"[ 441.40245265  414.00097241  202.47523472  422.64003686 -300.90086054
  411.70828699]",-2108.5602730842525
20,21,"[ 441.40245265  414.00097241  202.47523472  422.64003686 -300.90086054
  411.70828699]",-2108.5602730842525
21,22,"[ 440.15835693  414.01338519  204.74996016  417.29728122 -298.97128299
  412.57383533]",-2114.047123536766
22,23,"[ 440.15835693  414.01338519  204.74996016  417.29728122 -298.97128299
  412.57383533]",-2114.047123536766
23,24,"[ 440.15835693  414.01338519  204.74996016  417.29728122 -298.97128299
  412.57383533]",-2114.047123536766
24,25,"[ 440.13188105  414.01338519  204.28780334  421.22288138 -299.83700859
  411.70828699]",-2114.7227069159553
25,26,"[ 440.13188105  414.00097241  204.28780334  421.22288138 -299.83700859
  412.57383533]",-2116.6043434623953
26,27,"[439.74160979 413.86631776 200.47361872 419.22220762 443.10067789
 411.68144407]",-2172.969533452483
27,28,"[439.74160979 413.86631776 200.47361872 421.22288138 443.10067789
 412.57383533]",-2175.311167485079
28,29,"[439.80208364 413.86631776 216.63027346 421.22288138 414.14368035
 412.57383533]",-2210.658962853945
29,30,"[439.80208364 414.00097241 204.74996016 421.22288138 414.14368035
 412.57383533]",-2231.5666899209637
30,31,"[439.74160979 414.00097241 204.74996016 421.22288138 414.14368035
 412.57383533]",-2231.846786179327
31,32,"[439.74160979 414.00097241 204.28780334 421.22288138 414.14368035
 412.57383533]",-2231.9298450632295
32,33,"[439.74160979 414.00097241 204.28780334 421.22288138 414.14368035
 412.57383533]",-2231.9298450632295
