,population,best_x,best_energy,ave_energy
0,1,[192.77842688 396.21562032],-531.4431195130688,17.73623626603788
1,2,[194.51406811 398.11787602],-546.4071979931791,-388.112870995908
2,3,[401.58744513 398.15013863],-728.4145689777451,-650.3817747231485
3,4,[411.46267679 404.20924499],-791.9449547635732,-754.5623488397989
4,5,[428.11047092 412.43525494],-822.4038058578324,-798.6852762083229
5,6,[415.33303491 413.00435586],-826.0192574672506,-809.5785554857987
6,7,[425.40279405 414.15481316],-829.6535366283813,-819.9775974599963
7,8,[417.44236591 422.3261151 ],-836.1671623532984,-825.318268838006
8,9,[421.45839516 422.3261151 ],-837.7029292235354,-832.3143288778817
9,10,[421.45839516 422.3261151 ],-837.7029292235354,-835.956317907074
10,11,[421.45839516 422.3261151 ],-837.7029292235354,-837.6224501048785
11,12,[421.45839516 422.3261151 ],-837.7029292235354,-837.7029292235353
