,population,parents,parents_energy,parents_sigma
0,1,"[[  77.05825467 -304.40207003  200.87056227  400.52006313   63.32484232
   -65.29514492]
 [  -1.25173824 -177.16778223  384.47329546 -313.3631078   -22.95137078
   413.50321019]
 [ 399.23533004 -289.50795797  -94.60018214   19.34269146 -233.34895664
    47.8282537 ]
 [-127.41264541   37.72629735  -25.03221591  -79.07097539  162.10128142
  -289.69341433]
 [ -84.59153538  -70.15427882  329.84098642 -294.58005551  397.27930711
   -12.58646464]
 [ 301.65108695 -324.29438805 -213.31359407  239.76811152 -280.44932973
   452.15497546]
 [-355.01562422  238.77446297  -57.3569883  -319.1539519   246.06711579
    33.91105773]
 [ 157.27034173 -347.30530158  422.14014749 -262.15453485 -452.78931393
  -474.47473109]
 [ 449.93952314  208.58885776  -49.18229367 -207.81391941  347.10778363
   -37.20331461]
 [ 386.6413468   224.6907839   120.12598695 -196.36629088  240.74934186
    -7.94221412]
 [-109.17901908 -135.77145822   34.768485    462.15547025  334.73778194
  -217.5890795 ]
 [  82.39870794  282.05709787 -138.61982037 -359.47740595 -338.5055776
   -65.17392868]
 [  75.19194131 -414.93618272  361.28040868 -271.12643724   18.081278
    76.26486707]
 [-379.89629637 -139.70833331  166.49664141 -175.00194105 -123.63256885
   259.29161939]
 [-367.90368658   30.26010276  374.75901646 -101.15179761 -387.44659565
  -236.05523777]
 [-300.96681178 -226.20109273  125.61232209  -98.71083847  114.34439141
  -391.02994879]
 [ 248.55837674  483.8807392   272.38332598  107.70023696  461.02621633
  -424.23302381]
 [ -70.28022081 -449.02424388  185.05178951  -70.19490561 -379.08801928
    11.80129959]
 [  93.7064844   281.05910689 -242.98949293 -244.74526442  -75.73202416
   330.06649858]
 [-214.77579563  292.27898192 -466.2473519   252.5974848   275.94596368
  -470.53518991]]","[-914.36410956 -863.89144812 -581.01981931 -407.33044493 -359.06406234
 -346.37152937 -264.10308844 -215.90746883 -214.05188519 -157.35133301
  -52.66404281   78.49488622   87.35179435  161.98190797  265.07253781
  335.85549905  488.4827431   508.40349416  571.12121592 1056.96871813]","[[1. 1. 1. 1. 1. 1.]
 [1. 1. 1. 1. 1. 1.]
 [1. 1. 1. 1. 1. 1.]
 [1. 1. 1. 1. 1. 1.]
 [1. 1. 1. 1. 1. 1.]
 [1. 1. 1. 1. 1. 1.]
 [1. 1. 1. 1. 1. 1.]
 [1. 1. 1. 1. 1. 1.]
 [1. 1. 1. 1. 1. 1.]
 [1. 1. 1. 1. 1. 1.]
 [1. 1. 1. 1. 1. 1.]
 [1. 1. 1. 1. 1. 1.]
 [1. 1. 1. 1. 1. 1.]
 [1. 1. 1. 1. 1. 1.]
 [1. 1. 1. 1. 1. 1.]
 [1. 1. 1. 1. 1. 1.]
 [1. 1. 1. 1. 1. 1.]
 [1. 1. 1. 1. 1. 1.]
 [1. 1. 1. 1. 1. 1.]
 [1. 1. 1. 1. 1. 1.]]"
1,2,"[[ 384.79497276 -305.26196074  202.04387979  399.69335449  240.28937324
    -8.57541933]
 [ 304.8107289  -323.79286288  383.91743059 -312.47313563 -280.6973192
   413.01437492]
 [ 250.0243867  -177.05844747  384.91776249 -313.23118581  457.96523524
   412.98353345]
 [ 304.35327072 -324.49485119  422.65869506 -262.14930215 -279.7110488
   452.02034116]
 [  76.94888708 -303.56708038  201.58820059  401.44915669   63.99573566
   -64.25997251]
 [  75.41386028 -305.17296892  200.9507268   400.74114031   63.16774474
   -64.06546386]
 [  77.05825467 -304.40207003  200.87056227  400.52006313   63.32484232
   -65.29514492]
 [  -1.25173824 -177.16778223  384.47329546 -313.3631078   -22.95137078
   413.50321019]
 [ 398.58932833 -288.57822174  -25.14880757   21.30262024 -233.45681792
  -290.00669442]
 [-352.16264421 -344.18345059  421.98192923 -320.44529608  244.8738914
    32.33690131]
 [-299.01092842 -228.83395713  124.71937584 -315.08527321  -25.20366885
   414.30170651]
 [ 400.55662325 -289.16423664  -95.80584856   20.05741075   63.64391569
    48.94228713]
 [  -0.96837101 -177.68757634  384.51690967 -313.10859465  -23.09296273
   452.68057735]
 [ 398.023657   -288.68327603  -94.45442306 -360.20698248 -336.90668726
   -65.80331418]
 [ -83.84484891 -305.20546804  329.81691031 -294.51445309  394.68072913
   -13.62147063]
 [  78.95243356  237.07241196  200.26512312  400.72820659  244.88883578
    33.78196661]
 [ 450.00498377  210.47460525  -48.78005475 -319.50290144  347.27750133
   -36.85301997]
 [-356.39925015  238.88123319  -57.43082126 -317.91848078  246.89371696
   413.00566079]
 [-356.24320262 -325.24183742  -56.07466812 -319.3584944  -281.72535641
    34.30859855]
 [-355.50135272 -325.02754967  -57.02990917 -318.95805983 -280.55193793
    32.41518999]]","[-1179.1133996  -1146.59491872 -1074.73591623 -1020.40355922
  -920.44609924  -919.71003755  -914.36410956  -863.89144812
  -821.1705657   -805.87978056  -768.63923669  -755.99811091
  -747.21530371  -708.79345241  -703.10747373  -681.16909799
  -678.90569056  -674.62079389  -674.38853107  -672.43221032]","[[1.39796822 1.46503799 0.83317614 0.75917135 1.109687   0.74592034]
 [1.39796822 1.46503799 0.83317614 0.75917135 1.109687   0.74592034]
 [1.39796822 1.46503799 0.83317614 0.75917135 1.109687   0.74592034]
 [1.39796822 1.46503799 0.83317614 0.75917135 1.109687   0.74592034]
 [1.39796822 1.46503799 0.83317614 0.75917135 1.109687   0.74592034]
 [1.39796822 1.46503799 0.83317614 0.75917135 1.109687   0.74592034]
 [1.         1.         1.         1.         1.         1.        ]
 [1.         1.         1.         1.         1.         1.        ]
 [1.39796822 1.46503799 0.83317614 0.75917135 1.109687   0.74592034]
 [1.39796822 1.46503799 0.83317614 0.75917135 1.109687   0.74592034]
 [1.39796822 1.46503799 0.83317614 0.75917135 1.109687   0.74592034]
 [1.39796822 1.46503799 0.83317614 0.75917135 1.109687   0.74592034]
 [1.39796822 1.46503799 0.83317614 0.75917135 1.109687   0.74592034]
 [1.39796822 1.46503799 0.83317614 0.75917135 1.109687   0.74592034]
 [1.39796822 1.46503799 0.83317614 0.75917135 1.109687   0.74592034]
 [1.39796822 1.46503799 0.83317614 0.75917135 1.109687   0.74592034]
 [1.39796822 1.46503799 0.83317614 0.75917135 1.109687   0.74592034]
 [1.39796822 1.46503799 0.83317614 0.75917135 1.109687   0.74592034]
 [1.39796822 1.46503799 0.83317614 0.75917135 1.109687   0.74592034]
 [1.39796822 1.46503799 0.83317614 0.75917135 1.109687   0.74592034]]"
2,3,"[[ 450.82161026  210.03984391  383.42455274 -312.8138451  -280.52367565
   412.57728105]
 [ 399.10193976 -320.25204849  -24.80862837 -313.269732   -282.78661106
   413.07524286]
 [  73.87260472 -301.13189417  202.51572107 -312.45984466 -279.14207488
   413.49685741]
 [ 398.42632364 -323.41989755  383.79654235 -359.04097757 -280.36904298
   413.77316005]
 [  73.49285992 -307.26441282  201.79628143  400.84685874 -279.06572247
   451.90307603]
 [ 399.8380314  -293.27611527  -95.01418697 -312.91422365   65.00246269
   414.06442712]
 [ 383.41973979 -308.14613307  202.19648202  399.492435    241.38562043
   453.81588473]
 [  -2.06345918 -324.82991384  383.35195111 -313.70250011 -281.14695867
   412.97197001]
 [  73.90984369 -309.40823881  421.41786962 -261.37281354 -280.44683598
   452.437014  ]
 [-357.3451297  -324.00714721  385.04516474 -318.5213152  -281.50979402
   412.21824555]
 [ 385.00073745 -304.52762398  202.70273464 -294.33924614  396.15381426
   -15.0517593 ]
 [ 384.50015403 -306.50013855  422.77538276  399.8463499   245.05048568
    -8.70086019]
 [ 385.51248371 -178.19362126  384.55123713 -314.31569732  458.89181855
   413.39072635]
 [ 386.67196857 -305.39247064  201.19064382 -313.83202537  459.436459
    -8.81107061]
 [-354.34609722  238.9620163   385.20829115 -317.89137288  457.34794165
   413.27569942]
 [ 302.97689948 -306.90559352  382.58402335 -293.10320564  392.62885007
   411.91807782]
 [ 380.91204788 -303.87820192  202.11197097 -311.25088748 -279.47460433
    -7.50377341]
 [ 402.20450449 -302.5554414   199.58529889  400.27049561   65.77330048
   -63.39968413]
 [ 382.90139649 -304.99194208  202.0478372  -263.01930593  240.78758503
   452.42991648]
 [  77.79236587  237.4350185   384.44951231  401.72395907  -26.28263133
   412.94905926]]","[-1702.56224994 -1595.96745036 -1491.30343741 -1480.79506674
 -1460.49500605 -1447.82834723 -1446.20278604 -1433.40481039
 -1423.92694586 -1417.67123975 -1416.9470797  -1357.7017673
 -1354.04152669 -1307.34177447 -1280.91548422 -1268.01565176
 -1262.12321712 -1242.9056832  -1225.79466245 -1186.87521815]","[[1.95431514 1.80568715 0.69418249 0.57634114 1.23140525 0.55639715]
 [1.95431514 2.14633631 0.69418249 0.57634114 1.23140525 0.55639715]
 [1.67614168 2.14633631 0.69418249 0.57634114 1.23140525 0.65115874]
 [1.67614168 2.14633631 0.69418249 0.66775624 1.17054613 0.55639715]
 [1.95431514 2.14633631 0.76367931 0.57634114 1.23140525 0.55639715]
 [1.95431514 2.14633631 0.69418249 0.57634114 1.23140525 0.55639715]
 [1.95431514 2.14633631 0.69418249 0.57634114 1.23140525 0.55639715]
 [1.95431514 2.14633631 0.69418249 0.57634114 1.23140525 0.55639715]
 [1.67614168 1.80568715 0.69418249 0.57634114 1.23140525 0.55639715]
 [1.95431514 2.14633631 0.69418249 0.57634114 1.23140525 0.55639715]
 [1.95431514 2.14633631 0.69418249 0.57634114 1.23140525 0.55639715]
 [1.95431514 2.14633631 0.69418249 0.57634114 1.23140525 0.55639715]
 [1.95431514 1.80568715 0.69418249 0.57634114 1.23140525 0.55639715]
 [1.95431514 2.14633631 0.69418249 0.66775624 1.17054613 0.55639715]
 [1.95431514 2.14633631 0.69418249 0.57634114 1.23140525 0.55639715]
 [1.95431514 2.14633631 0.69418249 0.57634114 1.23140525 0.65115874]
 [1.95431514 2.14633631 0.69418249 0.66775624 1.17054613 0.65115874]
 [1.95431514 1.80568715 0.69418249 0.57634114 1.23140525 0.55639715]
 [1.67614168 2.14633631 0.69418249 0.57634114 1.23140525 0.55639715]
 [1.95431514 2.14633631 0.76367931 0.57634114 1.23140525 0.55639715]]"
3,4,"[[ 386.00281241 -309.76286105  423.37535004  399.81529959 -279.15534413
   451.41671491]
 [ 397.92748661 -320.60733883  382.94477598 -313.59680897  391.76298141
   411.77907238]
 [ 388.46035202 -304.07729592  201.43716409  401.46965598  455.36410994
   412.10810544]
 [ 443.42781947 -322.14561249  383.66665357 -312.73812587 -280.76020084
   412.71609335]
 [ 450.50693039 -309.2580854   421.25726426 -262.24113299 -281.63909995
   413.34938769]
 [ 451.5845897  -304.84676515  382.73750518 -313.00851101 -279.86551846
   412.6674127 ]
 [ 387.38753798 -287.55019817  422.7583531   400.60513941  244.61843483
   414.29082519]
 [ 397.04221163 -327.04244864  383.03357047 -314.10438077 -281.1109171
   412.68414744]
 [ 383.58538637 -301.08566538  384.61485655 -314.51077345 -278.58719274
   413.83440682]
 [ 396.92298547 -329.80793023  383.52782473 -318.62916523 -281.40893054
   412.36266497]
 [-357.47276454 -306.66732787  422.89665983  399.948143    457.00185323
   413.2325539 ]
 [  71.54131615 -300.7655795   421.68992206 -312.62911469 -280.49570095
   413.43160252]
 [ 378.59116998 -309.00451824  202.90902355  399.07465944 -278.74503076
   413.74361886]
 [ 449.02497138  205.62170373  382.91948706 -312.90770204 -280.70675507
   412.4208647 ]
 [ 447.65824537  215.51496349  383.16140211 -313.48538621 -281.59974312
   412.96073983]
 [ 377.65239794 -306.68501528  383.75982833 -311.8192918  -281.18121627
   412.59812835]
 [ 388.01499937 -308.28474576  200.90347885  401.09173772  458.9098098
   451.83270437]
 [ 449.45374106  206.32510948  382.57623246 -293.20969219 -279.61186618
   411.39816637]
 [ 450.82161026  210.03984391  383.42455274 -312.8138451  -280.52367565
   412.57728105]
 [ 452.24473287  203.96962316  383.50416971 -313.34856129 -279.43899097
   413.1666996 ]]","[-1893.41953426 -1877.02556393 -1853.41379744 -1808.08677179
 -1807.87036845 -1790.89874184 -1776.03269489 -1768.0954821
 -1750.10749648 -1739.67527499 -1735.90079961 -1719.34483816
 -1718.76567994 -1715.69473017 -1713.60277817 -1710.49482827
 -1708.91034375 -1704.46761434 -1702.56224994 -1692.08103985]","[[2.73207045 3.14446424 0.57837629 0.43754168 1.33270711 0.41502795]
 [2.73207045 3.14446424 0.57837629 0.43754168 1.33270711 0.41502795]
 [2.73207045 2.89493226 0.57837629 0.43754168 1.33270711 0.45037025]
 [2.73207045 3.14446424 0.57837629 0.43754168 1.29893983 0.48571255]
 [2.73207045 3.14446424 0.57837629 0.43754168 1.33270711 0.48571255]
 [2.34319279 3.14446424 0.60732784 0.43754168 1.3664744  0.41502795]
 [2.53763162 2.89493226 0.60732784 0.50694141 1.33270711 0.41502795]
 [2.73207045 3.14446424 0.57837629 0.47224154 1.3664744  0.45037025]
 [2.73207045 2.89493226 0.60732784 0.43754168 1.33270711 0.41502795]
 [2.53763162 3.14446424 0.57837629 0.43754168 1.3664744  0.45037025]
 [2.73207045 2.89493226 0.57837629 0.47224154 1.3664744  0.45037025]
 [2.53763162 3.14446424 0.57837629 0.43754168 1.3664744  0.41502795]
 [2.73207045 3.14446424 0.57837629 0.47224154 1.3664744  0.41502795]
 [2.73207045 3.14446424 0.60732784 0.43754168 1.3664744  0.41502795]
 [2.73207045 3.14446424 0.60732784 0.43754168 1.3664744  0.41502795]
 [2.73207045 3.14446424 0.57837629 0.47224154 1.3664744  0.41502795]
 [2.73207045 3.14446424 0.60732784 0.43754168 1.3664744  0.45037025]
 [2.53763162 3.14446424 0.57837629 0.47224154 1.33270711 0.41502795]
 [1.95431514 1.80568715 0.69418249 0.57634114 1.23140525 0.55639715]
 [2.53763162 3.14446424 0.57837629 0.43754168 1.33270711 0.48571255]]"
4,5,"[[ 400.68929587 -305.59092516  382.83436907  399.87210025  393.82366593
   411.51840209]
 [ 444.66873855 -303.8695416   421.72018687 -313.18549115 -281.15729849
   412.81779643]
 [ 388.65904018 -281.16428648  423.29279071  401.32405644  456.81112794
   413.74804552]
 [ 385.3410287  -311.25528017  423.46404156  400.42569467  461.21471739
   414.07294174]
 [ 387.54296836 -322.47812943  423.22989253  399.79470261 -280.20584984
   414.22520313]
 [ 451.65140121 -305.3058569   421.60228773 -293.05937925 -280.55080821
   413.13567739]
 [ 384.42275166 -304.98102997  421.49177368 -311.91503857 -281.45837403
   414.15825493]
 [ 392.17412871 -280.66711338  422.34649862 -312.64014829 -281.01426823
   413.52411064]
 [ 384.76754027 -308.00978802  382.70677428  400.68340122  392.98725202
   411.50873673]
 [ 390.72399924 -302.64653833  384.42207783  401.28932378 -283.01442299
   411.99494942]
 [ 445.548876    208.04976679  421.05868778 -313.24564913 -278.99720127
   413.46975573]
 [ 386.00281241 -309.76286105  423.37535004  399.81529959 -279.15534413
   451.41671491]
 [ 448.81834605 -311.4214034   382.73619929 -314.15576197  393.40185069
   411.717993  ]
 [ 449.63851975 -306.02921755  382.26196971  400.91915974 -279.82547833
   412.23869329]
 [ 377.98653792 -309.33100437  423.35876214 -312.27939673 -284.24082561
   412.29692691]
 [ 397.92748661 -320.60733883  382.94477598 -313.59680897  391.76298141
   411.77907238]
 [ 444.61873467 -305.7063817   384.28193653 -312.97248381  456.43140192
   412.11103972]
 [ 442.93687785 -312.10815192  201.14647493  400.80993159 -281.35686236
   412.92197338]
 [ 399.83192031  202.29890236  383.98124764 -312.11753656  395.13536388
   411.9896121 ]
 [ 396.81504325 -306.55996985  383.51409378 -318.48383881  455.16888264
   413.08024994]]","[-2022.13620445 -2010.72254799 -2008.07543629 -1987.80561974
 -1974.83666538 -1965.52670615 -1932.04649151 -1925.55829477
 -1915.34185583 -1909.23753383 -1894.82071071 -1893.41953426
 -1884.47595847 -1881.66157573 -1881.65256967 -1877.02556393
 -1875.56764737 -1875.13317199 -1862.69165224 -1861.13836391]","[[3.81934766 3.62607993 0.54219367 0.34534068 1.47888776 0.33594033]
 [3.54752836 4.42397266 0.50601106 0.35851225 1.51635889 0.38866541]
 [3.81934766 4.60675958 0.50601106 0.33216911 1.44141664 0.32275906]
 [3.68343801 4.60675958 0.54219367 0.34534068 1.44141664 0.33594033]
 [3.54752836 4.60675958 0.50601106 0.38485539 1.51635889 0.33594033]
 [3.68343801 4.42397266 0.48188932 0.34534068 1.49762333 0.33594033]
 [3.81934766 3.62607993 0.50601106 0.35851225 1.44141664 0.3491216 ]
 [3.81934766 4.60675958 0.49395019 0.37168382 1.47888776 0.33594033]
 [3.68343801 4.60675958 0.48188932 0.33216911 1.49762333 0.33594033]
 [3.68343801 4.60675958 0.49395019 0.33216911 1.47888776 0.32275906]
 [3.81934766 4.42397266 0.49395019 0.38485539 1.51635889 0.36230287]
 [2.73207045 3.14446424 0.57837629 0.43754168 1.33270711 0.41502795]
 [3.81934766 4.60675958 0.50601106 0.38485539 1.51635889 0.32275906]
 [3.81934766 4.24118574 0.49395019 0.33216911 1.47888776 0.33594033]
 [3.81934766 4.60675958 0.5301328  0.33216911 1.47888776 0.30957779]
 [2.73207045 3.14446424 0.57837629 0.43754168 1.33270711 0.41502795]
 [3.1397994  4.60675958 0.48188932 0.34534068 1.47888776 0.33594033]
 [3.81934766 4.42397266 0.49395019 0.33216911 1.49762333 0.32275906]
 [3.68343801 4.42397266 0.50601106 0.35851225 1.49762333 0.3491216 ]
 [3.54752836 4.42397266 0.48188932 0.35851225 1.47888776 0.30957779]]"
5,6,"[[ 391.38033087 -305.90816878  423.12042462  399.70227096  394.68885561
   411.77482213]
 [ 402.51406247 -277.6547226   422.66897395  399.99391707  392.99263265
   413.45050914]
 [ 394.90155332 -282.89212253  423.19823693  400.00848181  393.60741528
   413.66567706]
 [ 400.41779259 -305.59161673  421.34253944 -293.11388343  392.38340983
   413.1312534 ]
 [ 446.23217022 -307.4659139   421.16790876 -314.06903669  395.43808077
   413.2043846 ]
 [ 398.41252075 -306.22861808  422.63287168  399.6753203  -279.60281148
   414.40808056]
 [ 457.3994507  -307.02742595  421.13925544  401.10333477  393.30023244
   412.78383559]
 [ 431.68635107 -306.33109604  421.36927799 -318.83552637  455.49864418
   412.91263992]
 [ 449.34762327 -304.37440609  421.08740454  401.06953958 -280.80061573
   412.23760846]
 [ 447.96426734 -309.87518714  424.2878631   400.22137492 -281.249875
   412.05014538]
 [ 437.25565116 -300.02884958  421.02250472 -292.74539964 -282.60530223
   413.11809386]
 [ 450.3012535  -303.37044241  422.79983596  401.06958028 -280.99879492
   411.81193467]
 [ 380.39267163 -299.39516999  423.73533205  399.81791263  394.4786721
   411.77479781]
 [ 392.17069542  210.03433996  422.69498035  399.77680662  396.69776067
   411.92169146]
 [ 393.7223322  -308.79628545  423.13061481  399.86041851 -279.72486031
   412.29759572]
 [ 452.13870963 -301.91080387  422.11532156 -293.2104958   393.02628423
   412.97919075]
 [ 434.6791976  -299.52642126  421.66889862 -312.98689474 -279.02019203
   411.84982393]
 [ 449.14983909 -311.64161771  421.71158069  400.00758625 -279.21066933
   412.75046395]
 [ 387.79827892 -301.64990964  421.90671703  401.0436613  -282.8409048
   411.72306759]
 [ 396.28365432 -324.63781964  423.73624397  400.3264312  -283.28951364
   414.53568234]]","[-2139.93631582 -2124.53059669 -2115.52452608 -2107.53449487
 -2091.99414828 -2088.82175801 -2085.09046975 -2075.41172437
 -2062.62098445 -2061.64084377 -2056.54313168 -2056.08763633
 -2055.89897284 -2055.70485508 -2055.69637988 -2046.06005841
 -2043.14493751 -2041.44021746 -2040.75961265 -2039.12958782]","[[4.57933715 6.03071132 0.44671842 0.25217327 1.55999515 0.25058472]
 [5.24432795 5.31234485 0.45174283 0.27717197 1.65149784 0.2604169 ]
 [5.33932664 6.61518291 0.41154752 0.29717093 1.64110253 0.24566863]
 [4.48433846 6.61518291 0.42159635 0.25217327 1.62031193 0.25058472]
 [5.14932927 6.61518291 0.43666959 0.25217327 1.65149784 0.27024908]
 [4.9593319  5.67791869 0.4065231  0.30217067 1.66189314 0.24075254]
 [5.33932664 5.41012891 0.41657193 0.27217223 1.63070723 0.27024908]
 [5.24432795 5.89681643 0.43666959 0.25217327 1.65149784 0.25058472]
 [4.38933978 5.41012891 0.43666959 0.25217327 1.66189314 0.25058472]
 [5.14932927 5.67791869 0.45174283 0.25217327 1.62031193 0.28991343]
 [5.14932927 5.67791869 0.44671842 0.26217275 1.68268375 0.25058472]
 [5.24432795 6.48128802 0.4065231  0.31217015 1.55999515 0.28499734]
 [5.05433058 5.41012891 0.42662076 0.30217067 1.53920454 0.27024908]
 [4.48433846 6.03071132 0.46179166 0.25717301 1.64110253 0.24566863]
 [5.33932664 6.74907779 0.41154752 0.27217223 1.63070723 0.25550081]
 [5.14932927 6.03071132 0.41154752 0.25717301 1.59952132 0.25550081]
 [4.86433321 5.76292155 0.48188932 0.33216911 1.67228845 0.24075254]
 [5.33932664 6.48128802 0.43164518 0.27217223 1.66189314 0.27024908]
 [4.57933715 4.95955221 0.46179166 0.30717041 1.66189314 0.24566863]
 [5.14932927 5.5440238  0.44671842 0.27217223 1.66189314 0.24075254]]"
6,7,"[[ 407.71461038 -298.08785733  423.19797179  400.41932417  394.5468203
   413.34760034]
 [ 404.26270097 -297.34849517  421.84265791  399.7656065   393.99736784
   411.65605994]
 [ 401.39363613 -298.26874963  422.49068129  399.94043302  395.03570554
   413.59101837]
 [ 436.64500048 -294.2694106   421.39396505  400.85303728  392.08865485
   413.61173946]
 [ 431.74899599 -287.70940675  424.00921695  399.75871337  393.67422368
   412.09552639]
 [ 404.91902269 -291.45832163  421.22470313  400.87724497  392.25497053
   412.53577036]
 [ 395.87454403 -309.64849209  420.70507423  401.08775692  397.64272877
   412.51123431]
 [ 397.37831434 -307.23759082  423.24716903  399.78996964  395.23235153
   413.41109192]
 [ 400.8377533  -301.40744077  422.529639    399.6166801   391.69287268
   412.19783483]
 [ 402.30536717 -289.00960103  423.50367465  400.18833952  393.11919561
   413.71903745]
 [ 398.66112621 -302.5746886   423.30013221  399.90772497  392.4938173
   413.94990436]
 [ 445.63079908 -294.68071222  423.15662868  399.80662662  396.08916058
   413.17429701]
 [ 392.48255929 -307.31162829  421.2222067   400.20685303  396.78458148
   413.7809352 ]
 [ 446.1574108  -291.83956682  423.68863422  399.71407699  396.46084362
   411.64971847]
 [ 441.02245426 -312.91110335  421.70885593  399.84503947  391.01132003
   412.82452808]
 [ 444.33423083 -311.82430462  423.24780124  399.92733674  393.02469831
   413.62201105]
 [ 397.9252554  -317.88165283  422.95720562  399.65369516  395.80753784
   413.11235163]
 [ 394.04365153 -289.88364049  422.72810358  399.66151135  397.89887754
   411.55254622]
 [ 411.45848226  203.17310028  423.09645518  400.09421976  398.08152556
   411.53300017]
 [ 416.16231901 -298.98439185  423.34150529  400.2143524  -279.71456253
   414.5592385 ]]","[-2227.36951839 -2204.16687461 -2203.74857671 -2199.98126671
 -2198.12444396 -2191.28386104 -2189.22182253 -2182.37768379
 -2177.64439878 -2176.64184756 -2176.61357054 -2174.62340891
 -2165.24188595 -2163.02209038 -2161.88876354 -2161.65290038
 -2160.86332464 -2156.62888205 -2156.56340138 -2151.23973172]","[[6.99939094 9.26335774 0.34707779 0.19523838 1.83841346 0.20158428]
 [6.80018323 9.16527719 0.37847446 0.21611451 1.84994899 0.19975078]
 [7.26500123 8.8352212  0.34079846 0.19903404 1.85571676 0.19975078]
 [7.3314038  8.31836658 0.37428824 0.20852319 1.82687792 0.19425026]
 [7.3314038  8.96911609 0.37638135 0.22939931 1.79341155 0.18324923]
 [6.26896265 8.71068878 0.36800891 0.19334055 1.83264569 0.18508273]
 [6.20256008 9.36143829 0.36800891 0.19903404 1.83841346 0.18874974]
 [6.73378066 8.38063279 0.36800891 0.20662536 1.81534239 0.19608377]
 [7.46420895 8.38063279 0.35545024 0.23129714 1.82687792 0.19608377]
 [7.46420895 8.28255224 0.35335713 0.19144272 1.81534239 0.18508273]
 [7.3314038  9.00493043 0.37219513 0.22180799 1.82687792 0.18508273]
 [6.66737808 9.00493043 0.33870535 0.22180799 1.83264569 0.19975078]
 [7.26500123 8.28255224 0.37428824 0.21611451 1.83841346 0.19791727]
 [6.8665858  8.57679389 0.37219513 0.20852319 1.82687792 0.18324923]
 [6.8665858  8.38063279 0.37847446 0.21231885 1.77610825 0.18508273]
 [6.80018323 8.57679389 0.33870535 0.20662536 1.78187602 0.19241676]
 [6.73378066 9.69149427 0.34707779 0.19144272 1.78187602 0.19975078]
 [7.3314038  8.05057681 0.35335713 0.19903404 1.76457272 0.18324923]
 [6.80018323 9.06719664 0.35545024 0.19144272 1.77610825 0.20341779]
 [6.99939094 8.38063279 0.35963646 0.2028297  1.83264569 0.19791727]]"
7,8,"[[ 414.78052861 -298.83879927  422.7213323   400.03339937  398.35013819
   414.06343675]
 [ 417.95395614 -308.45200402  423.23511708  399.57483124  399.55973299
   411.49915338]
 [ 416.95151981 -303.38324989  423.24501687  399.67564901  397.96820971
   411.47183625]
 [ 422.85029754 -299.95859018  423.01714988  400.28699166  397.20522156
   411.45094458]
 [ 417.60892038 -300.54625836  423.66454226  400.10020011  397.33267943
   411.5399464 ]
 [ 428.9934264  -309.37284529  423.04127457  399.68940512  398.18458624
   413.54697711]
 [ 418.06431075 -308.3572512   423.74225613  399.50376041  395.81510225
   412.13737889]
 [ 424.35243776 -299.61598202  424.229561    399.39822239  395.06897844
   412.97196048]
 [ 430.98506706 -307.11720939  421.38781126  400.75459674  396.08063414
   411.95924833]
 [ 422.44443808 -300.44674238  424.04393608  399.76418145  394.26376993
   412.34010378]
 [ 428.60198013 -292.61478205  421.66140586  399.57114272  396.72378545
   412.73111466]
 [ 411.89681257 -307.38354346  423.24527658  399.88273233  395.54102747
   412.32456525]
 [ 405.68285369 -305.08217245  423.56901221  400.16830563  397.54572334
   413.53445481]
 [ 415.07201196 -321.52395678  422.48643688  400.44265244  400.76530814
   412.6501999 ]
 [ 407.30223877 -300.20554576  421.8811937   400.77981505  395.73449354
   411.5416306 ]
 [ 405.74166073 -293.42638814  422.84877774  400.12409061  397.88961611
   414.61398583]
 [ 420.93093368 -311.27076519  421.80306651  399.70098915  393.28788764
   414.03553008]
 [ 432.0299274  -293.57868762  423.0408592   399.48258392  397.01677989
   411.57102085]
 [ 420.79315905 -295.30892237  423.78756349  400.26584481  392.67904148
   413.30451122]
 [ 434.40045651 -303.35465159  422.4148403   400.80788363  394.00853888
   413.57097023]]","[-2266.58865527 -2266.01936637 -2261.57119258 -2261.35256893
 -2260.32083993 -2255.35581442 -2246.51141472 -2245.78837646
 -2244.8792359  -2243.28766911 -2240.00018997 -2239.61735707
 -2238.21795846 -2235.42567101 -2233.35673669 -2232.82491496
 -2232.41283048 -2232.37075026 -2232.22398105 -2228.30610675]","[[ 9.13512529 12.42163716  0.29789659  0.15110094  2.03366311  0.1414761 ]
 [ 9.92416911 12.73525531  0.29876856  0.15038055  1.99589326  0.13805698]
 [ 9.41361134 13.28378755  0.31533589  0.15974561  2.00229368  0.14899817]
 [ 9.78492608 13.88478915  0.29702463  0.15470288  2.05926477  0.1414761 ]
 [10.0169978  12.7546318   0.30574428  0.1669495   2.00549388  0.14489522]
 [ 9.08871094 12.9507929   0.30312838  0.16262716  2.01509451  0.14352757]
 [10.10982648 12.70902062  0.29876856  0.1539825   1.97092424  0.14352757]
 [ 9.78492608 13.3818681   0.29440873  0.15110094  2.01829472  0.14284375]
 [ 9.6920974  12.92455822  0.29702463  0.16478833  2.05286435  0.14010845]
 [ 9.87775477 12.37602598  0.28307318  0.15974561  2.03366311  0.14284375]
 [ 9.13512529 12.56532889  0.30836017  0.1669495   2.00869409  0.13668933]
 [ 9.78492608 12.99640409  0.29789659  0.14821938  2.03366311  0.14352757]
 [ 9.92416911 12.92455822  0.30051249  0.16766989  2.02406248  0.14763052]
 [10.3418982  12.20609956  0.29789659  0.15470288  2.00229368  0.13737315]
 [ 9.27436831 12.27794543  0.28568908  0.15614366  2.02726269  0.1442114 ]
 [ 9.50644003 12.3497913   0.30836017  0.14533783  2.02406248  0.14557904]
 [ 9.87775477 12.92455822  0.30312838  0.15902522  2.03366311  0.14010845]
 [ 8.99588226 12.99640409  0.30487231  0.15902522  2.00549388  0.14899817]
 [10.3418982  12.99640409  0.28568908  0.15758444  2.02726269  0.15036582]
 [10.20265517 13.49932514  0.28568908  0.16118638  2.04006352  0.14010845]]"
8,9,"[[ 417.29672435 -304.15996648  422.70724979  399.44614152  401.80759563
   413.34351694]
 [ 421.22414    -307.63404443  422.56363196  399.72081504  398.80118778
   413.95239796]
 [ 414.78052861 -298.83879927  422.7213323   400.03339937  398.35013819
   414.06343675]
 [ 417.95395614 -308.45200402  423.23511708  399.57483124  399.55973299
   411.49915338]
 [ 415.96686916 -291.66270254  423.71472889  399.9786251   400.40536018
   414.29226554]
 [ 414.93754143 -295.14766469  422.47426199  400.49117282  398.97891021
   412.48269567]
 [ 416.95151981 -303.38324989  423.24501687  399.67564901  397.96820971
   411.47183625]
 [ 422.85029754 -299.95859018  423.01714988  400.28699166  397.20522156
   411.45094458]
 [ 418.1557673  -309.81774508  423.81548313  399.81074419  398.57097839
   411.85238105]
 [ 417.60892038 -300.54625836  423.66454226  400.10020011  397.33267943
   411.5399464 ]
 [ 420.15691186 -301.36425894  423.55113229  399.54473944  397.22130725
   412.0043827 ]
 [ 424.98655131 -302.2896378   423.93656334  399.47554031  396.7962478
   412.87122042]
 [ 428.9934264  -309.37284529  423.04127457  399.68940512  398.18458624
   413.54697711]
 [ 422.9947173  -287.41704713  422.91276782  400.5413596   400.78559428
   411.67809351]
 [ 422.19414756 -311.53748861  423.92577493  399.54657659  397.75840533
   412.5654118 ]
 [ 421.81484993 -320.36886715  422.94339542  400.46474144  402.1217558
   413.28956985]
 [ 420.70700921 -302.62680862  421.58768396  400.83502971  394.01523648
   413.96760614]
 [ 412.66690389 -309.71696434  423.4962932   399.54819445  397.54948505
   413.50061926]
 [ 434.79224014 -303.9266428   423.99360096  399.52624719  398.99995234
   413.69707247]
 [ 418.06431075 -308.3572512   423.74225613  399.50376041  395.81510225
   412.13737889]]","[-2284.0145207  -2270.49057524 -2266.58865527 -2266.01936637
 -2265.32083366 -2264.34666913 -2261.57119258 -2261.35256893
 -2260.38562321 -2260.32083993 -2259.70867822 -2256.75064342
 -2255.35581442 -2254.36938465 -2253.41958284 -2252.45829074
 -2252.16329173 -2249.70864337 -2248.30849913 -2246.51141472]","[[13.74390145 19.1120716   0.24602083  0.12100084  2.23079734  0.10884541]
 [13.71145857 18.86312294  0.24275158  0.11443805  2.22191927  0.10501982]
 [ 9.13512529 12.42163716  0.29789659  0.15110094  2.03366311  0.1414761 ]
 [ 9.92416911 12.73525531  0.29876856  0.15038055  1.99589326  0.13805698]
 [14.23054477 19.51388188  0.25546534  0.12100084  2.22191927  0.10884541]
 [13.58168701 19.04022573  0.25255934  0.11936014  2.26028075  0.10527486]
 [ 9.41361134 13.28378755  0.31533589  0.15974561  2.00229368  0.14899817]
 [ 9.78492608 13.88478915  0.29702463  0.15470288  2.05926477  0.1414761 ]
 [13.6141299  18.72445496  0.24529433  0.12400878  2.24287563  0.10655006]
 [10.0169978  12.7546318   0.30574428  0.1669495   2.00549388  0.14489522]
 [13.28970102 18.98759727  0.25110633  0.12100084  2.23577317  0.10910045]
 [14.00344456 18.51394112  0.24783708  0.12264153  2.24642685  0.10603998]
 [ 9.08871094 12.9507929   0.30312838  0.16262716  2.01509451  0.14352757]
 [14.165659   19.26995698  0.24420458  0.1179929   2.24820247  0.10578494]
 [13.84123012 18.95418621  0.24275158  0.12182119  2.24820247  0.10374462]
 [13.84123012 18.56656958  0.24747383  0.117446    2.24642685  0.10680509]
 [13.87367301 18.84892929  0.25292259  0.12072739  2.22724611  0.10501982]
 [14.03588745 19.3752139   0.25074308  0.12182119  2.23577317  0.10782525]
 [13.22481525 19.40862496  0.24202508  0.11908669  2.24287563  0.10910045]
 [10.10982648 12.70902062  0.29876856  0.1539825   1.97092424  0.14352757]]"
9,10,"[[ 412.83357478 -305.60767545  423.5039001   400.30752452  405.57110523
   413.31329285]
 [ 423.63685611 -304.55674358  423.42161585  399.64250301  403.66631283
   411.49654624]
 [ 415.55988398 -301.25669647  423.06786835  399.47186637  402.50133568
   412.96591119]
 [ 417.29672435 -304.15996648  422.70724979  399.44614152  401.80759563
   413.34351694]
 [ 429.6211665  -309.31418035  422.70279816  400.38620386  403.61182366
   413.2619408 ]
 [ 420.29190399 -299.98044175  423.89719627  399.36917897  402.14141686
   411.58654052]
 [ 419.58710903 -310.08867707  423.22875755  400.58960516  401.39041288
   413.23285948]
 [ 420.97971067 -305.92489475  422.70016736  399.71017237  399.15608264
   413.54393506]
 [ 422.14704478 -295.75985151  424.11425055  399.54385465  400.10990496
   413.85348682]
 [ 413.72040413 -307.65085624  422.37040053  400.45051516  400.59146344
   411.73449431]
 [ 425.12675865 -298.42494888  423.46625752  399.43165517  399.8513237
   413.07404093]
 [ 421.22414    -307.63404443  422.56363196  399.72081504  398.80118778
   413.95239796]
 [ 409.48507658 -289.55646917  422.87267743  400.16036923  405.65667946
   413.94018918]
 [ 402.95993939 -302.95757117  422.41830193  400.40548384  406.59428116
   412.51827198]
 [ 424.61493889 -297.53931734  423.255848    399.51803798  399.79509439
   411.77991325]
 [ 414.78052861 -298.83879927  422.7213323   400.03339937  398.35013819
   414.06343675]
 [ 417.95395614 -308.45200402  423.23511708  399.57483124  399.55973299
   411.49915338]
 [ 415.96686916 -291.66270254  423.71472889  399.9786251   400.40536018
   414.29226554]
 [ 414.93754143 -295.14766469  422.47426199  400.49117282  398.97891021
   412.48269567]
 [ 416.79066094 -308.36334922  423.59047443  399.55538298  398.6470493
   412.24964841]]","[-2296.13373486 -2289.49030824 -2284.52985529 -2284.0145207
 -2283.2718985  -2281.87992082 -2281.85562749 -2273.34242871
 -2272.56131013 -2272.14650863 -2271.3236766  -2270.49057524
 -2269.37704079 -2268.79612675 -2268.34565864 -2266.58865527
 -2266.01936637 -2265.32083366 -2264.34666913 -2261.74938892]","[[19.50833924 27.16217845  0.23197732  0.10465318  2.47056088  0.08042905]
 [16.29101211 23.84623624  0.22559083  0.09289834  2.48415876  0.07947785]
 [19.30424568 23.5357223   0.2086105   0.11771945  2.4946063   0.08138024]
 [13.74390145 19.1120716   0.24602083  0.12100084  2.23079734  0.10884541]
 [18.9187356  28.19266771  0.25146958  0.10656733  2.48514394  0.092599  ]
 [15.90136787 24.11819883  0.25255934  0.09186037  2.36013578  0.07995345]
 [19.00944385 22.81510412  0.23379323  0.09237936  2.36683734  0.07814618]
 [19.25889155 23.61492815  0.25074308  0.10332388  2.47923281  0.09193316]
 [16.25476464 23.97807055  0.21057774  0.10214417  2.38997021  0.1055299 ]
 [19.10015211 28.06293655  0.22846636  0.09186037  2.47726244  0.09231364]
 [16.85479327 28.14003925  0.20845918  0.09102999  2.3641378   0.09307875]
 [13.71145857 18.86312294  0.24275158  0.11443805  2.22191927  0.10501982]
 [15.99207612 23.54600288  0.20997244  0.10930182  2.36250706  0.08014369]
 [19.57637043 24.28648133  0.20286013  0.10651935  2.38997021  0.07985833]
 [18.53322553 27.94728251  0.20649194  0.10930182  2.36447744  0.08128512]
 [ 9.13512529 12.42163716  0.29789659  0.15110094  2.03366311  0.1414761 ]
 [ 9.92416911 12.73525531  0.29876856  0.15038055  1.99589326  0.13805698]
 [14.23054477 19.51388188  0.25546534  0.12100084  2.22191927  0.10884541]
 [13.58168701 19.04022573  0.25255934  0.11936014  2.26028075  0.10527486]
 [19.25889155 18.65763285  0.22522758  0.12209464  2.33405872  0.1055299 ]]"
10,11,"[[ 419.02568332 -304.32086717  422.70198446  400.09997676  404.92416
   414.00713475]
 [ 412.83357478 -305.60767545  423.5039001   400.30752452  405.57110523
   413.31329285]
 [ 417.44019732 -311.36093212  423.46109628  400.16768627  404.73431202
   413.23202018]
 [ 407.81871916 -308.582493    421.78514728  400.45720775  408.53375038
   412.57501925]
 [ 423.63685611 -304.55674358  423.42161585  399.64250301  403.66631283
   411.49654624]
 [ 414.95968417 -312.10732828  423.6454516   399.60448715  405.82113733
   412.93159806]
 [ 415.55988398 -301.25669647  423.06786835  399.47186637  402.50133568
   412.96591119]
 [ 417.29672435 -304.15996648  422.70724979  399.44614152  401.80759563
   413.34351694]
 [ 429.6211665  -309.31418035  422.70279816  400.38620386  403.61182366
   413.2619408 ]
 [ 420.29190399 -299.98044175  423.89719627  399.36917897  402.14141686
   411.58654052]
 [ 419.58710903 -310.08867707  423.22875755  400.58960516  401.39041288
   413.23285948]
 [ 415.29825541 -310.00495829  423.37043319  399.53900749  404.06422016
   411.45721915]
 [ 412.38595052 -296.8838566   423.27810333  400.30907147  403.33624918
   411.74268755]
 [ 425.12860298 -294.36145864  423.10453678  399.34297169  402.61718277
   413.00075201]
 [ 410.74295725 -296.47242769  423.53072948  399.52998025  404.53023588
   411.48688611]
 [ 421.52714432 -292.81533542  423.89314371  399.3551347   401.89725179
   414.25005451]
 [ 420.97971067 -305.92489475  422.70016736  399.71017237  399.15608264
   413.54393506]
 [ 427.04529708 -289.68434439  422.46970639  400.5237828   403.66029973
   412.40128204]
 [ 422.14704478 -295.75985151  424.11425055  399.54385465  400.10990496
   413.85348682]
 [ 413.72040413 -307.65085624  422.37040053  400.45051516  400.59146344
   411.73449431]]","[-2302.9434357  -2296.13373486 -2290.14183368 -2289.56563601
 -2289.49030824 -2286.05889665 -2284.52985529 -2284.0145207
 -2283.2718985  -2281.87992082 -2281.85562749 -2280.84691771
 -2280.26875473 -2277.76718394 -2276.09998219 -2275.08617952
 -2273.34242871 -2272.62216035 -2272.56131013 -2272.14650863]","[[22.56536566 38.21605678  0.19205481  0.10052135  2.47056088  0.08148658]
 [19.50833924 27.16217845  0.23197732  0.10465318  2.47056088  0.08042905]
 [27.17693281 34.94595378  0.20185219  0.07332614  2.36151049  0.1042547 ]
 [22.29301053 34.81228653  0.21193543  0.08160826  2.67062354  0.07379907]
 [16.29101211 23.84623624  0.22559083  0.09289834  2.48415876  0.07947785]
 [24.34158871 31.18769068  0.18208101  0.08099607  2.62109676  0.08119   ]
 [19.30424568 23.5357223   0.2086105   0.11771945  2.4946063   0.08138024]
 [13.74390145 19.1120716   0.24602083  0.12100084  2.23079734  0.10884541]
 [18.9187356  28.19266771  0.25146958  0.10656733  2.48514394  0.092599  ]
 [15.90136787 24.11819883  0.25255934  0.09186037  2.36013578  0.07995345]
 [19.00944385 22.81510412  0.23379323  0.09237936  2.36683734  0.07814618]
 [25.24289181 37.89955901  0.22658951  0.1007948   2.61168344  0.06924885]
 [20.39849565 23.27614345  0.18129913  0.08090286  2.48572775  0.06435519]
 [17.77246599 27.11912533  0.18341755  0.09186037  2.74636087  0.07852666]
 [22.8440862  22.9958869   0.20558399  0.08297881  2.56380285  0.06942934]
 [23.0457508  31.0067863   0.22931337  0.07013176  2.66581197  0.06935528]
 [19.25889155 23.61492815  0.25074308  0.10332388  2.47923281  0.09193316]
 [17.74712958 29.94192971  0.17053119  0.08192263  2.75718531  0.05960343]
 [16.25476464 23.97807055  0.21057774  0.10214417  2.38997021  0.1055299 ]
 [19.10015211 28.06293655  0.22846636  0.09186037  2.47726244  0.09231364]]"
11,12,"[[ 424.60344295 -304.44656529  423.18934368  400.13745341  408.22245536
   413.9664917 ]
 [ 419.49411326 -292.21770257  422.5590461   400.34098963  410.35189585
   413.22596464]
 [ 419.02568332 -304.32086717  422.70198446  400.09997676  404.92416
   414.00713475]
 [ 431.81502782 -301.58043571  423.21572618  400.19125595  408.81035754
   413.30452308]
 [ 419.39286044 -313.82757843  424.02197823  400.28543678  407.87351097
   414.16016223]
 [ 419.98029872 -297.19291884  423.55315915  399.46428968  406.26769638
   411.45928843]
 [ 412.83357478 -305.60767545  423.5039001   400.30752452  405.57110523
   413.31329285]
 [ 424.64703816 -294.55362089  422.83997948  400.53835026  404.88227911
   413.35681569]
 [ 406.17576387 -306.4264168   421.65368007  400.46030803  410.32205972
   412.65310944]
 [ 417.44019732 -311.36093212  423.46109628  400.16768627  404.73431202
   413.23202018]
 [ 407.81871916 -308.582493    421.78514728  400.45720775  408.53375038
   412.57501925]
 [ 423.63685611 -304.55674358  423.42161585  399.64250301  403.66631283
   411.49654624]
 [ 435.31348189 -305.90226753  423.73660477  400.37111036  408.55168324
   413.22397096]
 [ 420.89574051 -286.03740221  423.34054118  400.3677316   410.59650774
   413.29942729]
 [ 414.95968417 -312.10732828  423.6454516   399.60448715  405.82113733
   412.93159806]
 [ 428.00249732 -295.57338399  423.5722021   400.56783871  403.38644235
   413.29087209]
 [ 409.97765034 -312.79168823  423.30361704  400.28921797  408.06272213
   413.22726454]
 [ 419.24268501 -302.8477963   422.26793619  400.27005276  401.56943724
   411.75629303]
 [ 415.55988398 -301.25669647  423.06786835  399.47186637  402.50133568
   412.96591119]
 [ 417.29672435 -304.15996648  422.70724979  399.44614152  401.80759563
   413.34351694]]","[-2313.19256388 -2307.86756914 -2302.9434357  -2301.24062716
 -2298.28604681 -2296.26253493 -2296.13373486 -2294.89073451
 -2291.96040779 -2290.14183368 -2289.56563601 -2289.49030824
 -2288.5025174  -2288.47513475 -2286.05889665 -2285.74839218
 -2285.73781435 -2285.53600229 -2284.52985529 -2284.0145207 ]","[[30.86827578 42.44349893  0.19885106  0.06923759  2.82826548  0.05511438]
 [20.99392729 38.77795624  0.17138199  0.07013176  2.79328401  0.06887968]
 [22.56536566 38.21605678  0.19205481  0.10052135  2.47056088  0.08148658]
 [28.51357514 27.99991097  0.16381683  0.08119307  2.71952153  0.04809646]
 [27.60892711 38.21605678  0.17138199  0.07788131  2.75390556  0.06482056]
 [34.65876393 42.34558513  0.1784837   0.06247489  2.90539257  0.07947785]
 [19.50833924 27.16217845  0.23197732  0.10465318  2.47056088  0.08042905]
 [31.88144559 45.46384941  0.17254849  0.06168689  2.76752282  0.06688256]
 [29.07582106 42.31107211  0.17254849  0.06180622  2.79328401  0.07502431]
 [27.17693281 34.94595378  0.20185219  0.07332614  2.36151049  0.1042547 ]
 [22.29301053 34.81228653  0.21193543  0.08160826  2.67062354  0.07379907]
 [16.29101211 23.84623624  0.22559083  0.09289834  2.48415876  0.07947785]
 [31.90260454 44.60707086  0.20951846  0.07844053  2.84303067  0.05152603]
 [26.6855547  40.51261463  0.16049878  0.08119307  2.87158494  0.06459692]
 [24.34158871 31.18769068  0.18208101  0.08099607  2.62109676  0.08119   ]
 [32.21722717 39.73054889  0.16543575  0.07788131  2.86589421  0.06640696]
 [24.338699   34.90740244  0.18915481  0.05771767  2.83261785  0.05928415]
 [22.2296069  43.16769994  0.17128768  0.07031692  2.75117244  0.06864576]
 [19.30424568 23.5357223   0.2086105   0.11771945  2.4946063   0.08138024]
 [13.74390145 19.1120716   0.24602083  0.12100084  2.23079734  0.10884541]]"
12,13,"[[ 424.60344295 -304.44656529  423.18934368  400.13745341  408.22245536
   413.9664917 ]
 [ 416.44517359 -311.24304552  423.20451179  400.28883626  411.4140836
   414.13566071]
 [ 423.18277102 -304.44308869  424.32857306  400.34171606  409.06776417
   411.6576005 ]
 [ 419.49411326 -292.21770257  422.5590461   400.34098963  410.35189585
   413.22596464]
 [ 412.03850304 -303.28724233  422.69330255  400.12322378  408.59982354
   413.98884311]
 [ 427.36536372 -295.05862222  423.31918906  400.15814442  409.47139518
   413.38153321]
 [ 428.00249732 -308.582493    423.5722021   400.56783871  408.53375038
   412.57501925]
 [ 419.02568332 -304.32086717  422.70198446  400.09997676  404.92416
   414.00713475]
 [ 431.81502782 -301.58043571  423.21572618  400.19125595  408.81035754
   413.30452308]
 [ 419.39286044 -313.82757843  424.02197823  400.28543678  407.87351097
   414.16016223]
 [ 419.98029872 -297.19291884  423.55315915  399.46428968  406.26769638
   411.45928843]
 [ 412.83357478 -305.60767545  423.5039001   400.30752452  405.57110523
   413.31329285]
 [ 432.99410603 -306.93351285  421.98612904  400.45403355  408.27104461
   413.2822005 ]
 [ 424.64703816 -294.55362089  422.83997948  400.53835026  404.88227911
   413.35681569]
 [ 419.98029872 -294.55362089  422.83997948  399.46428968  406.26769638
   411.45928843]
 [ 406.17576387 -306.4264168   421.65368007  400.46030803  410.32205972
   412.65310944]
 [ 417.44019732 -311.36093212  423.46109628  400.16768627  404.73431202
   413.23202018]
 [ 407.81871916 -308.582493    421.78514728  400.45720775  408.53375038
   412.57501925]
 [ 423.63685611 -304.55674358  423.42161585  399.64250301  403.66631283
   411.49654624]
 [ 435.31348189 -305.90226753  423.73660477  400.37111036  408.55168324
   413.22397096]]","[-2313.19256388 -2312.97625782 -2312.32251866 -2307.86756914
 -2306.65097138 -2305.85779161 -2304.60935802 -2302.9434357
 -2301.24062716 -2298.28604681 -2296.26253493 -2296.13373486
 -2295.61398403 -2294.89073451 -2292.26985992 -2291.96040779
 -2290.14183368 -2289.56563601 -2289.49030824 -2288.5025174 ]","[[3.08682758e+01 4.24434989e+01 1.98851065e-01 6.92375862e-02
  2.82826548e+00 5.51143792e-02]
 [3.50710333e+01 6.20126095e+01 1.47734417e-01 4.68762176e-02
  2.96844213e+00 5.01975416e-02]
 [4.45840374e+01 5.52748347e+01 1.79477967e-01 7.49877300e-02
  3.09381631e+00 4.59191442e-02]
 [2.09939273e+01 3.87779562e+01 1.71381991e-01 7.01317611e-02
  2.79328401e+00 6.88796823e-02]
 [3.16867854e+01 4.73030888e+01 1.51889385e-01 7.42472465e-02
  2.86010423e+00 4.89426389e-02]
 [4.26229505e+01 5.08395634e+01 1.33723754e-01 5.71716804e-02
  3.16187367e+00 6.06718875e-02]
 [4.09374025e+01 4.65712028e+01 1.55860520e-01 6.65934153e-02
  3.05874433e+00 5.78757010e-02]
 [2.25653657e+01 3.82160568e+01 1.92054814e-01 1.00521349e-01
  2.47056088e+00 8.14865839e-02]
 [2.85135751e+01 2.79999110e+01 1.63816828e-01 8.11930656e-02
  2.71952153e+00 4.80964617e-02]
 [2.76089271e+01 3.82160568e+01 1.71381991e-01 7.78813134e-02
  2.75390556e+00 6.48205595e-02]
 [3.46587639e+01 4.23455851e+01 1.78483702e-01 6.24748929e-02
  2.90539257e+00 7.94778530e-02]
 [1.95083392e+01 2.71621784e+01 2.31977322e-01 1.04653184e-01
  2.47056088e+00 8.04290479e-02]
 [3.81017899e+01 6.12971208e+01 1.55445618e-01 5.86532777e-02
  3.15936751e+00 5.51584021e-02]
 [3.18814456e+01 4.54638494e+01 1.72548485e-01 6.16868924e-02
  2.76752282e+00 6.68825605e-02]
 [4.12403089e+01 4.03133969e+01 1.50206957e-01 5.45342989e-02
  2.85255277e+00 4.79348957e-02]
 [2.90758211e+01 4.23110721e+01 1.72548485e-01 6.18062233e-02
  2.79328401e+00 7.50243114e-02]
 [2.71769328e+01 3.49459538e+01 2.01852192e-01 7.33261421e-02
  2.36151049e+00 1.04254702e-01]
 [2.22930105e+01 3.48122865e+01 2.11935428e-01 8.16082554e-02
  2.67062354e+00 7.37990658e-02]
 [1.62910121e+01 2.38462362e+01 2.25590828e-01 9.28983443e-02
  2.48415876e+00 7.94778530e-02]
 [3.19026045e+01 4.46070709e+01 2.09518459e-01 7.84405294e-02
  2.84303067e+00 5.15260341e-02]]"
13,14,"[[ 415.6746588  -298.95268286  423.5482524   400.06823693  413.71273165
   414.01609414]
 [ 423.63685611 -304.55674358  422.5590461   400.34098963  410.35189585
   413.22596464]
 [ 424.60344295 -304.44656529  423.18934368  400.13745341  408.22245536
   413.9664917 ]
 [ 416.44517359 -311.24304552  423.20451179  400.28883626  411.4140836
   414.13566071]
 [ 423.18277102 -304.44308869  424.32857306  400.34171606  409.06776417
   411.6576005 ]
 [ 423.18277102 -295.05862222  423.31918906  400.34171606  409.06776417
   413.38153321]
 [ 419.49411326 -292.21770257  422.5590461   400.34098963  410.35189585
   413.22596464]
 [ 428.00249732 -308.582493    423.5722021   400.56783871  408.59982354
   413.98884311]
 [ 412.03850304 -303.28724233  422.69330255  400.12322378  408.59982354
   413.98884311]
 [ 419.82811641 -302.37156571  423.44603476  400.54492302  405.82047284
   412.59095717]
 [ 428.00249732 -308.582493    423.5722021   400.56783871  408.53375038
   413.2822005 ]
 [ 427.36536372 -295.05862222  423.31918906  400.15814442  409.47139518
   413.38153321]
 [ 428.00249732 -308.582493    421.65368007  400.56783871  408.53375038
   412.57501925]
 [ 428.00249732 -308.582493    423.5722021   400.56783871  408.53375038
   412.57501925]
 [ 419.02568332 -304.32086717  422.70198446  400.09997676  404.92416
   414.00713475]
 [ 431.81502782 -301.58043571  423.21572618  400.19125595  408.81035754
   413.30452308]
 [ 419.39286044 -313.82757843  424.02197823  400.28543678  407.87351097
   414.16016223]
 [ 412.63269642 -295.01047847  424.02885105  400.42610032  407.96887691
   412.5618039 ]
 [ 419.98029872 -297.19291884  423.55315915  399.46428968  406.26769638
   411.45928843]
 [ 412.83357478 -305.60767545  423.5039001   400.30752452  405.57110523
   413.31329285]]","[-2323.34252433 -2319.99974929 -2313.19256388 -2312.97625782
 -2312.32251866 -2310.14374105 -2307.86756914 -2307.52544988
 -2306.65097138 -2306.15378826 -2306.02823414 -2305.85779161
 -2305.40598213 -2304.60935802 -2302.9434357  -2301.24062716
 -2298.28604681 -2296.88268086 -2296.26253493 -2296.13373486]","[[4.65630816e+01 5.21182321e+01 1.67290635e-01 4.44145525e-02
  3.26636914e+00 3.74708132e-02]
 [5.76526412e+01 5.46247573e+01 1.39525170e-01 4.88849558e-02
  3.12727258e+00 4.42135286e-02]
 [3.08682758e+01 4.24434989e+01 1.98851065e-01 6.92375862e-02
  2.82826548e+00 5.51143792e-02]
 [3.50710333e+01 6.20126095e+01 1.47734417e-01 4.68762176e-02
  2.96844213e+00 5.01975416e-02]
 [4.45840374e+01 5.52748347e+01 1.79477967e-01 7.49877300e-02
  3.09381631e+00 4.59191442e-02]
 [3.80197043e+01 6.21096147e+01 1.26474029e-01 6.16172210e-02
  3.27984479e+00 4.49065362e-02]
 [2.09939273e+01 3.87779562e+01 1.71381991e-01 7.01317611e-02
  2.79328401e+00 6.88796823e-02]
 [5.54588663e+01 6.67898174e+01 1.26474029e-01 4.96970565e-02
  3.17890253e+00 4.58588865e-02]
 [3.16867854e+01 4.73030888e+01 1.51889385e-01 7.42472465e-02
  2.86010423e+00 4.89426389e-02]
 [4.69560826e+01 4.30663960e+01 1.93277971e-01 7.49877300e-02
  3.11908020e+00 3.92771517e-02]
 [3.45787043e+01 6.06695143e+01 1.20464511e-01 5.15986518e-02
  3.28849659e+00 4.46501237e-02]
 [4.26229505e+01 5.08395634e+01 1.33723754e-01 5.71716804e-02
  3.16187367e+00 6.06718875e-02]
 [4.12808680e+01 4.54953866e+01 1.38043686e-01 4.99961702e-02
  3.19894844e+00 3.97890453e-02]
 [4.09374025e+01 4.65712028e+01 1.55860520e-01 6.65934153e-02
  3.05874433e+00 5.78757010e-02]
 [2.25653657e+01 3.82160568e+01 1.92054814e-01 1.00521349e-01
  2.47056088e+00 8.14865839e-02]
 [2.85135751e+01 2.79999110e+01 1.63816828e-01 8.11930656e-02
  2.71952153e+00 4.80964617e-02]
 [2.76089271e+01 3.82160568e+01 1.71381991e-01 7.78813134e-02
  2.75390556e+00 6.48205595e-02]
 [3.80574558e+01 5.40111023e+01 1.39639830e-01 5.44647870e-02
  2.92061013e+00 4.28971703e-02]
 [3.46587639e+01 4.23455851e+01 1.78483702e-01 6.24748929e-02
  2.90539257e+00 7.94778530e-02]
 [1.95083392e+01 2.71621784e+01 2.31977322e-01 1.04653184e-01
  2.47056088e+00 8.04290479e-02]]"
14,15,"[[ 415.6746588  -304.44308869  424.32857306  400.34171606  413.71273165
   414.01609414]
 [ 415.6746588  -298.95268286  423.5482524   400.06823693  413.71273165
   414.01609414]
 [ 423.63685611 -304.55674358  422.5590461   400.56783871  410.35189585
   413.2822005 ]
 [ 423.63685611 -304.55674358  422.5590461   400.34098963  410.35189585
   413.22596464]
 [ 423.63685611 -304.55674358  422.5590461   400.34098963  410.35189585
   413.22596464]
 [ 427.30532616 -301.8930298   424.02698492  400.53341369  408.95454975
   414.11002761]
 [ 424.60344295 -304.44656529  423.18934368  400.13745341  408.22245536
   413.9664917 ]
 [ 416.44517359 -311.24304552  423.20451179  400.28883626  411.4140836
   414.13566071]
 [ 424.60344295 -302.37156571  423.44603476  400.54492302  408.22245536
   412.59095717]
 [ 428.00249732 -308.582493    423.20451179  400.56783871  411.4140836
   412.57501925]
 [ 423.18277102 -304.44308869  424.32857306  400.34171606  409.06776417
   411.6576005 ]
 [ 427.36536372 -302.37156571  423.31918906  400.15814442  409.47139518
   412.59095717]
 [ 423.18277102 -295.05862222  423.31918906  400.34171606  409.06776417
   413.38153321]
 [ 415.6746588  -295.05862222  423.5482524   400.15814442  409.47139518
   414.01609414]
 [ 419.49411326 -292.21770257  422.5590461   400.34098963  410.35189585
   413.22596464]
 [ 428.00249732 -308.582493    423.5722021   400.56783871  408.59982354
   413.98884311]
 [ 412.03850304 -303.28724233  422.69330255  400.12322378  408.59982354
   413.98884311]
 [ 419.82811641 -302.37156571  423.44603476  400.54492302  405.82047284
   412.59095717]
 [ 428.00249732 -308.582493    423.5722021   400.56783871  408.53375038
   413.2822005 ]
 [ 428.00249732 -308.582493    424.02197823  400.28543678  408.53375038
   414.16016223]]","[-2325.25624742 -2323.34252433 -2321.21889133 -2319.99974929
 -2319.99974929 -2314.08450357 -2313.19256388 -2312.97625782
 -2312.86884758 -2312.67603481 -2312.32251866 -2311.28397379
 -2310.14374105 -2308.50904526 -2307.86756914 -2307.52544988
 -2306.65097138 -2306.15378826 -2306.02823414 -2305.91298926]","[[6.53664231e+01 6.88216216e+01 1.13215074e-01 6.15454785e-02
  3.01779548e+00 4.72747091e-02]
 [4.65630816e+01 5.21182321e+01 1.67290635e-01 4.44145525e-02
  3.26636914e+00 3.74708132e-02]
 [5.69915203e+01 5.77514126e+01 1.15113712e-01 4.79831467e-02
  3.53870917e+00 5.19765812e-02]
 [5.34392878e+01 6.05241390e+01 1.27815805e-01 5.92839926e-02
  3.39539731e+00 3.37787294e-02]
 [5.76526412e+01 5.46247573e+01 1.39525170e-01 4.88849558e-02
  3.12727258e+00 4.42135286e-02]
 [4.02375760e+01 7.11043416e+01 1.36312776e-01 3.95383436e-02
  3.28382461e+00 4.83175753e-02]
 [3.08682758e+01 4.24434989e+01 1.98851065e-01 6.92375862e-02
  2.82826548e+00 5.51143792e-02]
 [3.50710333e+01 6.20126095e+01 1.47734417e-01 4.68762176e-02
  2.96844213e+00 5.01975416e-02]
 [5.01910281e+01 8.49314381e+01 1.54361926e-01 3.67713707e-02
  3.28498235e+00 3.47206194e-02]
 [5.31767260e+01 8.16825175e+01 1.14231968e-01 3.96518829e-02
  3.31760597e+00 3.58761288e-02]
 [4.45840374e+01 5.52748347e+01 1.79477967e-01 7.49877300e-02
  3.09381631e+00 4.59191442e-02]
 [5.08274821e+01 6.97245481e+01 1.11415442e-01 6.63458611e-02
  3.54118484e+00 6.07825001e-02]
 [3.80197043e+01 6.21096147e+01 1.26474029e-01 6.16172210e-02
  3.27984479e+00 4.49065362e-02]
 [5.93967246e+01 6.61715825e+01 1.13459384e-01 4.23668444e-02
  3.08735853e+00 4.21792629e-02]
 [2.09939273e+01 3.87779562e+01 1.71381991e-01 7.01317611e-02
  2.79328401e+00 6.88796823e-02]
 [5.54588663e+01 6.67898174e+01 1.26474029e-01 4.96970565e-02
  3.17890253e+00 4.58588865e-02]
 [3.16867854e+01 4.73030888e+01 1.51889385e-01 7.42472465e-02
  2.86010423e+00 4.89426389e-02]
 [4.69560826e+01 4.30663960e+01 1.93277971e-01 7.49877300e-02
  3.11908020e+00 3.92771517e-02]
 [3.45787043e+01 6.06695143e+01 1.20464511e-01 5.15986518e-02
  3.28849659e+00 4.46501237e-02]
 [6.89128738e+01 8.26663603e+01 1.21579772e-01 4.19450433e-02
  3.12939040e+00 3.75842670e-02]]"
15,16,"[[ 423.63685611 -304.55674358  424.32857306  400.34171606  413.71273165
   414.01609414]
 [ 415.6746588  -304.44308869  424.32857306  400.34171606  413.71273165
   414.01609414]
 [ 417.19509827 -302.24654664  424.03443234  400.48282939  411.29845817
   414.16308799]
 [ 415.6746588  -298.95268286  423.5482524   400.06823693  413.71273165
   414.01609414]
 [ 419.82811641 -302.37156571  423.44603476  400.54492302  410.35189585
   413.22596464]
 [ 423.63685611 -302.37156571  423.44603476  400.56783871  410.35189585
   413.2822005 ]
 [ 423.63685611 -304.55674358  422.5590461   400.56783871  410.35189585
   413.2822005 ]
 [ 423.63685611 -304.55674358  422.5590461   400.34098963  410.35189585
   413.22596464]
 [ 423.63685611 -304.55674358  422.5590461   400.34098963  410.35189585
   413.22596464]
 [ 423.63685611 -304.55674358  422.5590461   400.56783871  408.95454975
   414.11002761]
 [ 426.53056128 -303.91371261  422.75121592  400.69405301  410.55242772
   412.59219256]
 [ 423.18277102 -304.44656529  423.18934368  400.34171606  409.06776417
   413.9664917 ]
 [ 428.00249732 -302.37156571  423.44603476  400.54492302  411.4140836
   412.59095717]
 [ 428.00249732 -304.55674358  423.20451179  400.34098963  411.4140836
   413.22596464]
 [ 427.30532616 -301.8930298   424.02698492  400.53341369  408.95454975
   414.11002761]
 [ 427.30532616 -301.8930298   424.02698492  400.53341369  408.95454975
   414.11002761]
 [ 424.60344295 -304.44656529  423.18934368  400.13745341  408.22245536
   413.9664917 ]
 [ 416.44517359 -311.24304552  423.20451179  400.28883626  411.4140836
   414.13566071]
 [ 424.60344295 -302.37156571  423.44603476  400.54492302  408.22245536
   412.59095717]
 [ 424.60344295 -302.37156571  423.44603476  400.54492302  408.22245536
   412.59095717]]","[-2327.82484839 -2325.25624742 -2323.53496675 -2323.34252433
 -2321.7982806  -2321.28354034 -2321.21889133 -2319.99974929
 -2319.99974929 -2318.81124453 -2318.1624377  -2317.82141987
 -2317.10098285 -2317.00259834 -2314.08450357 -2314.08450357
 -2313.19256388 -2312.97625782 -2312.86884758 -2312.86884758]","[[7.58258823e+01 7.20368195e+01 1.39625258e-01 4.67235639e-02
  3.55974783e+00 2.51962412e-02]
 [6.53664231e+01 6.88216216e+01 1.13215074e-01 6.15454785e-02
  3.01779548e+00 4.72747091e-02]
 [5.95017724e+01 8.27938731e+01 1.35526553e-01 4.67780288e-02
  3.46574826e+00 3.29024679e-02]
 [4.65630816e+01 5.21182321e+01 1.67290635e-01 4.44145525e-02
  3.26636914e+00 3.74708132e-02]
 [4.42971189e+01 7.46640834e+01 1.08308600e-01 3.94708616e-02
  3.78323036e+00 3.31426027e-02]
 [6.84237062e+01 8.59152808e+01 1.08773204e-01 3.09730243e-02
  3.61045062e+00 3.65112062e-02]
 [5.69915203e+01 5.77514126e+01 1.15113712e-01 4.79831467e-02
  3.53870917e+00 5.19765812e-02]
 [5.34392878e+01 6.05241390e+01 1.27815805e-01 5.92839926e-02
  3.39539731e+00 3.37787294e-02]
 [5.76526412e+01 5.46247573e+01 1.39525170e-01 4.88849558e-02
  3.12727258e+00 4.42135286e-02]
 [7.90631462e+01 8.67356919e+01 1.03336255e-01 4.50423190e-02
  3.78608090e+00 2.96021257e-02]
 [5.34392878e+01 6.61973642e+01 1.14954019e-01 4.70202970e-02
  3.55375294e+00 3.28347230e-02]
 [5.72312905e+01 7.51402775e+01 1.21399828e-01 3.64612399e-02
  3.45315886e+00 3.73038174e-02]
 [5.95968260e+01 8.25126765e+01 1.14790935e-01 4.43860056e-02
  3.92685958e+00 2.73554878e-02]
 [8.12176933e+01 8.26215091e+01 1.07958740e-01 3.41354527e-02
  3.38156842e+00 3.97954632e-02]
 [4.02375760e+01 7.11043416e+01 1.36312776e-01 3.95383436e-02
  3.28382461e+00 4.83175753e-02]
 [7.09997007e+01 1.03159837e+02 1.44822634e-01 3.11331339e-02
  3.32323218e+00 3.69753384e-02]
 [3.08682758e+01 4.24434989e+01 1.98851065e-01 6.92375862e-02
  2.82826548e+00 5.51143792e-02]
 [3.50710333e+01 6.20126095e+01 1.47734417e-01 4.68762176e-02
  2.96844213e+00 5.01975416e-02]
 [5.01910281e+01 8.49314381e+01 1.54361926e-01 3.67713707e-02
  3.28498235e+00 3.47206194e-02]
 [7.02041860e+01 1.02703758e+02 1.46164073e-01 3.73196675e-02
  3.28224554e+00 3.52675720e-02]]"
16,17,"[[ 423.63685611 -303.91371261  422.75121592  400.69405301  413.71273165
   412.59219256]
 [ 423.63685611 -304.55674358  424.32857306  400.34171606  413.71273165
   414.01609414]
 [ 423.63685611 -302.37156571  424.32857306  400.54492302  413.71273165
   412.59095717]
 [ 415.6746588  -298.95268286  423.5482524   400.54492302  413.71273165
   414.01609414]
 [ 415.6746588  -304.44308869  424.32857306  400.34171606  413.71273165
   414.01609414]
 [ 427.30532616 -298.95268286  424.02698492  400.53341369  413.71273165
   414.11002761]
 [ 417.19509827 -302.24654664  424.03443234  400.48282939  411.29845817
   414.16308799]
 [ 415.6746588  -298.95268286  423.5482524   400.06823693  413.71273165
   414.01609414]
 [ 424.60344295 -303.91371261  422.75121592  400.69405301  410.55242772
   413.9664917 ]
 [ 416.44517359 -301.8930298   424.02698492  400.28883626  411.4140836
   414.11002761]
 [ 423.18277102 -302.37156571  423.18934368  400.34171606  411.4140836
   412.59095717]
 [ 419.82811641 -302.37156571  423.44603476  400.54492302  410.35189585
   413.22596464]
 [ 419.82811641 -302.37156571  423.5482524   400.54492302  410.35189585
   413.22596464]
 [ 423.63685611 -302.37156571  423.44603476  400.56783871  410.35189585
   413.2822005 ]
 [ 423.63685611 -304.55674358  422.5590461   400.56783871  410.35189585
   413.2822005 ]
 [ 423.63685611 -304.55674358  423.44603476  400.56783871  410.35189585
   413.2822005 ]
 [ 423.63685611 -304.55674358  422.5590461   400.34098963  410.35189585
   413.22596464]
 [ 423.63685611 -304.55674358  422.5590461   400.34098963  410.35189585
   413.22596464]
 [ 428.00249732 -301.8930298   424.02698492  400.53341369  411.4140836
   414.11002761]
 [ 428.00249732 -304.55674358  422.5590461   400.34098963  411.4140836
   414.11002761]]","[-2328.12291081 -2327.82484839 -2326.61247874 -2325.69177279
 -2325.25624742 -2323.91271894 -2323.53496675 -2323.34252433
 -2323.03882831 -2321.95095251 -2321.88303117 -2321.7982806
 -2321.73300383 -2321.28354034 -2321.21889133 -2320.76328845
 -2319.99974929 -2319.99974929 -2319.48154009 -2318.92764475]","[[9.69211171e+01 1.23456400e+02 9.50525225e-02 3.20538794e-02
  3.45315886e+00 2.88172434e-02]
 [7.58258823e+01 7.20368195e+01 1.39625258e-01 4.67235639e-02
  3.55974783e+00 2.51962412e-02]
 [6.99000670e+01 1.35674557e+02 1.18455903e-01 2.35138326e-02
  3.39037734e+00 2.16432382e-02]
 [7.89440063e+01 9.27171519e+01 1.07353988e-01 3.18417015e-02
  3.87939255e+00 2.24738173e-02]
 [6.53664231e+01 6.88216216e+01 1.13215074e-01 6.15454785e-02
  3.01779548e+00 4.72747091e-02]
 [8.80838178e+01 8.15038143e+01 1.04347219e-01 2.91742000e-02
  3.85569086e+00 2.96432846e-02]
 [5.95017724e+01 8.27938731e+01 1.35526553e-01 4.67780288e-02
  3.46574826e+00 3.29024679e-02]
 [4.65630816e+01 5.21182321e+01 1.67290635e-01 4.44145525e-02
  3.26636914e+00 3.74708132e-02]
 [1.12033760e+02 1.03183686e+02 1.25849733e-01 2.59837028e-02
  3.63433244e+00 2.51954518e-02]
 [7.23411783e+01 1.23723280e+02 1.33412702e-01 3.56417718e-02
  3.49641296e+00 2.24738173e-02]
 [8.72808844e+01 9.46262111e+01 1.12125871e-01 3.10143030e-02
  3.64465986e+00 3.63532670e-02]
 [4.42971189e+01 7.46640834e+01 1.08308600e-01 3.94708616e-02
  3.78323036e+00 3.31426027e-02]
 [7.89440063e+01 8.00273447e+01 1.17117658e-01 3.47073590e-02
  3.77508660e+00 2.60616384e-02]
 [6.84237062e+01 8.59152808e+01 1.08773204e-01 3.09730243e-02
  3.61045062e+00 3.65112062e-02]
 [5.69915203e+01 5.77514126e+01 1.15113712e-01 4.79831467e-02
  3.53870917e+00 5.19765812e-02]
 [9.92553251e+01 1.23376678e+02 1.41005198e-01 3.37182558e-02
  3.76682168e+00 3.02802134e-02]
 [5.76526412e+01 5.46247573e+01 1.39525170e-01 4.88849558e-02
  3.12727258e+00 4.42135286e-02]
 [5.34392878e+01 6.05241390e+01 1.27815805e-01 5.92839926e-02
  3.39539731e+00 3.37787294e-02]
 [9.84271113e+01 8.97604960e+01 1.17348955e-01 3.60619462e-02
  3.68856496e+00 3.67422145e-02]
 [9.81432207e+01 9.32192756e+01 1.10032816e-01 3.43210460e-02
  3.92333350e+00 2.58870794e-02]]"
17,18,"[[ 417.89054634 -302.00493058  423.90261757  400.52052277  419.14468787
   414.08314585]
 [ 419.82811641 -302.37156571  423.44603476  400.54492302  413.71273165
   414.11002761]
 [ 423.63685611 -304.55674358  422.5590461   400.54492302  413.71273165
   414.01609414]
 [ 423.63685611 -302.37156571  424.02698492  400.54492302  413.71273165
   414.11002761]
 [ 423.63685611 -302.37156571  422.75121592  400.54492302  413.71273165
   413.22596464]
 [ 423.63685611 -304.55674358  422.5590461   400.56783871  413.71273165
   413.2822005 ]
 [ 423.63685611 -304.55674358  422.5590461   400.56783871  413.71273165
   413.2822005 ]
 [ 423.63685611 -302.37156571  423.44603476  400.54492302  413.71273165
   413.22596464]
 [ 423.63685611 -302.37156571  423.5482524   400.54492302  413.71273165
   413.22596464]
 [ 423.63685611 -302.37156571  424.32857306  400.34171606  413.71273165
   414.01609414]
 [ 423.63685611 -303.91371261  422.75121592  400.69405301  413.71273165
   412.59219256]
 [ 423.63685611 -302.37156571  424.32857306  400.56783871  413.71273165
   413.2822005 ]
 [ 423.63685611 -298.95268286  424.02698492  400.53341369  413.71273165
   414.11002761]
 [ 423.63685611 -304.55674358  422.75121592  400.69405301  413.71273165
   412.59219256]
 [ 423.63685611 -304.55674358  424.32857306  400.34171606  413.71273165
   414.01609414]
 [ 423.63685611 -302.37156571  424.32857306  400.54492302  413.71273165
   412.59095717]
 [ 423.63685611 -303.91371261  424.32857306  400.54492302  413.71273165
   412.59095717]
 [ 415.6746588  -298.95268286  423.5482524   400.54492302  413.71273165
   414.01609414]
 [ 423.63685611 -298.95268286  423.5482524   400.54492302  413.71273165
   412.59095717]
 [ 423.63685611 -303.91371261  424.32857306  400.34171606  413.71273165
   412.59219256]]","[-2335.53800405 -2330.88823846 -2329.92653436 -2329.7473231
 -2328.9140141  -2328.69565436 -2328.69565436 -2328.54025262
 -2328.47497585 -2328.34510028 -2328.12291081 -2328.10973687
 -2328.0825553  -2327.84408637 -2327.82484839 -2326.61247874
 -2326.37105129 -2325.69177279 -2325.58914852 -2325.37811536]","[[7.71893800e+01 1.17888017e+02 1.05451384e-01 2.57752519e-02
  4.12755870e+00 2.16892913e-02]
 [1.10428225e+02 9.86352226e+01 9.59099984e-02 3.46705478e-02
  4.11588554e+00 2.19953149e-02]
 [1.03007689e+02 9.67991452e+01 8.67617963e-02 2.09371497e-02
  4.02545091e+00 2.61447345e-02]
 [1.30947084e+02 9.27171519e+01 9.23559815e-02 4.11180516e-02
  4.01972081e+00 2.14953679e-02]
 [1.22577140e+02 1.40788905e+02 1.03622795e-01 3.03003688e-02
  4.00647013e+00 1.64539044e-02]
 [1.21601638e+02 1.58546728e+02 1.16290738e-01 2.16356265e-02
  3.77350500e+00 2.52684343e-02]
 [8.62122490e+01 1.59749655e+02 1.02742189e-01 3.17304452e-02
  4.04443168e+00 3.16067042e-02]
 [7.07991492e+01 1.45127018e+02 9.85601588e-02 3.61607488e-02
  4.06968523e+00 2.03433757e-02]
 [1.17658023e+02 1.32933660e+02 1.07513533e-01 3.03809085e-02
  3.88436390e+00 1.91295226e-02]
 [6.19259644e+01 1.53368733e+02 9.99285522e-02 3.65361982e-02
  3.83453954e+00 2.30141256e-02]
 [9.69211171e+01 1.23456400e+02 9.50525225e-02 3.20538794e-02
  3.45315886e+00 2.88172434e-02]
 [1.03007689e+02 1.00925557e+02 9.11519779e-02 2.39241097e-02
  3.83891066e+00 2.23490779e-02]
 [1.16427635e+02 1.10221082e+02 8.85898774e-02 3.67697440e-02
  4.01294444e+00 2.70284834e-02]
 [1.07259280e+02 1.12619972e+02 9.55001198e-02 2.20302348e-02
  3.88714920e+00 1.77787386e-02]
 [7.58258823e+01 7.20368195e+01 1.39625258e-01 4.67235639e-02
  3.55974783e+00 2.51962412e-02]
 [6.99000670e+01 1.35674557e+02 1.18455903e-01 2.35138326e-02
  3.39037734e+00 2.16432382e-02]
 [1.20747407e+02 8.66390882e+01 1.14624962e-01 2.53016911e-02
  4.07420374e+00 2.65732414e-02]
 [7.89440063e+01 9.27171519e+01 1.07353988e-01 3.18417015e-02
  3.87939255e+00 2.24738173e-02]
 [1.36346872e+02 1.34205560e+02 1.06696083e-01 2.48456150e-02
  4.07420374e+00 2.06905078e-02]
 [1.29315510e+02 1.58546728e+02 1.11168581e-01 2.33921473e-02
  4.02321916e+00 3.16565044e-02]]"
18,19,"[[ 417.89054634 -302.00493058  423.90261757  400.52052277  419.14468787
   414.08314585]
 [ 417.89054634 -302.00493058  423.90261757  400.52052277  419.14468787
   414.08314585]
 [ 417.89054634 -302.00493058  423.90261757  400.52052277  419.14468787
   414.08314585]
 [ 419.82811641 -303.91371261  423.44603476  400.69405301  413.71273165
   414.11002761]
 [ 419.82811641 -302.37156571  423.44603476  400.54492302  413.71273165
   414.11002761]
 [ 419.82811641 -302.37156571  423.44603476  400.54492302  413.71273165
   414.11002761]
 [ 423.63685611 -302.37156571  422.75121592  400.54492302  413.71273165
   414.11002761]
 [ 423.63685611 -302.37156571  422.75121592  400.54492302  413.71273165
   414.11002761]
 [ 423.63685611 -302.37156571  422.75121592  400.54492302  413.71273165
   414.11002761]
 [ 419.82811641 -302.37156571  424.02698492  400.54492302  413.71273165
   414.11002761]
 [ 419.82811641 -302.37156571  424.02698492  400.54492302  413.71273165
   414.11002761]
 [ 423.63685611 -303.91371261  422.75121592  400.54492302  413.71273165
   414.11002761]
 [ 423.63685611 -302.37156571  423.44603476  400.54492302  413.71273165
   414.11002761]
 [ 423.63685611 -304.55674358  422.5590461   400.54492302  413.71273165
   414.01609414]
 [ 423.63685611 -304.55674358  422.5590461   400.54492302  413.71273165
   414.01609414]
 [ 423.63685611 -304.55674358  422.5590461   400.54492302  413.71273165
   414.01609414]
 [ 423.63685611 -302.37156571  423.5482524   400.54492302  413.71273165
   414.01609414]
 [ 423.63685611 -302.37156571  424.02698492  400.54492302  413.71273165
   414.11002761]
 [ 423.63685611 -302.37156571  424.02698492  400.53341369  413.71273165
   414.11002761]
 [ 419.82811641 -302.37156571  422.75121592  400.54492302  413.71273165
   413.22596464]]","[-2335.53800405 -2335.53800405 -2335.53800405 -2331.37176191
 -2330.88823846 -2330.88823846 -2330.52720893 -2330.52720893
 -2330.52720893 -2330.48211411 -2330.48211411 -2330.28578148
 -2330.15344745 -2329.92653436 -2329.92653436 -2329.92653436
 -2329.92590659 -2329.7473231  -2329.69117525 -2329.6488051 ]","[[1.57680211e+02 1.79047158e+02 8.12267899e-02 2.04271000e-02
  4.49404075e+00 1.93079549e-02]
 [7.71893800e+01 1.17888017e+02 1.05451384e-01 2.57752519e-02
  4.12755870e+00 2.16892913e-02]
 [1.44791777e+02 1.76789370e+02 9.92252034e-02 2.28365921e-02
  4.48350939e+00 1.57179021e-02]
 [1.31728568e+02 1.40169249e+02 8.16278769e-02 2.33883076e-02
  4.43612810e+00 1.78822339e-02]
 [1.10428225e+02 9.86352226e+01 9.59099984e-02 3.46705478e-02
  4.11588554e+00 2.19953149e-02]
 [1.20521984e+02 1.84055565e+02 8.27616821e-02 1.80067633e-02
  4.49404075e+00 1.62171987e-02]
 [1.35335217e+02 2.07453815e+02 1.07513533e-01 2.36188114e-02
  4.14945804e+00 1.64245576e-02]
 [1.39876966e+02 1.40169249e+02 8.76163356e-02 2.23196296e-02
  4.40078612e+00 1.81141369e-02]
 [1.79704816e+02 1.68906829e+02 9.25402475e-02 2.12855023e-02
  4.10768498e+00 1.93938840e-02]
 [1.42502080e+02 2.04616419e+02 1.06611551e-01 1.78167334e-02
  4.44690861e+00 1.61784835e-02]
 [1.33674751e+02 1.98634758e+02 8.08663202e-02 2.06134070e-02
  4.17400116e+00 1.98958570e-02]
 [1.37448566e+02 2.33158147e+02 8.93022776e-02 2.94764408e-02
  4.17400116e+00 1.67867285e-02]
 [1.75930450e+02 2.15522680e+02 8.44032767e-02 2.66149195e-02
  4.44592784e+00 1.70453105e-02]
 [1.03007689e+02 9.67991452e+01 8.67617963e-02 2.09371497e-02
  4.02545091e+00 2.61447345e-02]
 [1.73771019e+02 1.83869584e+02 9.21997074e-02 2.29498668e-02
  4.49404075e+00 1.63522319e-02]
 [9.77180722e+01 1.50144770e+02 7.95333867e-02 2.20811913e-02
  4.28675411e+00 1.64710804e-02]
 [1.44933895e+02 1.54668924e+02 1.16332434e-01 2.27646027e-02
  4.38331562e+00 1.52237917e-02]
 [1.30947084e+02 9.27171519e+01 9.23559815e-02 4.11180516e-02
  4.01972081e+00 2.14953679e-02]
 [1.74790005e+02 2.05692487e+02 7.66896969e-02 2.22416926e-02
  4.47434261e+00 2.01448783e-02]
 [1.37448566e+02 2.19269038e+02 8.46773521e-02 3.08960388e-02
  4.44952007e+00 1.78822339e-02]]"
19,20,"[[ 419.82811641 -302.00493058  423.44603476  400.52052277  419.14468787
   414.08314585]
 [ 419.82811641 -302.00493058  423.44603476  400.52052277  419.14468787
   414.08314585]
 [ 419.82811641 -302.37156571  423.90261757  400.54492302  419.14468787
   414.08314585]
 [ 423.63685611 -302.37156571  422.75121592  400.54492302  419.14468787
   414.08314585]
 [ 423.63685611 -302.00493058  422.5590461   400.52052277  419.14468787
   414.08314585]
 [ 417.89054634 -302.37156571  422.75121592  400.54492302  419.14468787
   414.08314585]
 [ 423.63685611 -302.37156571  423.90261757  400.52052277  419.14468787
   414.08314585]
 [ 417.89054634 -302.37156571  423.5482524   400.52052277  419.14468787
   414.01609414]
 [ 417.89054634 -302.00493058  423.90261757  400.52052277  419.14468787
   414.11002761]
 [ 417.89054634 -302.00493058  423.90261757  400.52052277  419.14468787
   414.11002761]
 [ 417.89054634 -302.00493058  423.90261757  400.52052277  419.14468787
   414.08314585]
 [ 417.89054634 -302.00493058  423.90261757  400.52052277  419.14468787
   414.08314585]
 [ 417.89054634 -302.00493058  423.90261757  400.52052277  419.14468787
   414.08314585]
 [ 419.82811641 -303.91371261  423.44603476  400.69405301  413.71273165
   414.11002761]
 [ 419.82811641 -302.37156571  422.75121592  400.54492302  413.71273165
   414.11002761]
 [ 419.82811641 -302.37156571  422.75121592  400.54492302  413.71273165
   414.11002761]
 [ 419.82811641 -302.00493058  423.90261757  400.69405301  413.71273165
   414.08314585]
 [ 419.82811641 -303.91371261  423.90261757  400.69405301  413.71273165
   414.11002761]
 [ 419.82811641 -302.37156571  423.44603476  400.54492302  413.71273165
   414.11002761]
 [ 419.82811641 -302.37156571  423.44603476  400.54492302  413.71273165
   414.11002761]]","[-2336.87957111 -2336.87957111 -2336.71788555 -2336.66886765
 -2336.60038298 -2336.37410323 -2335.86402503 -2335.69994556
 -2335.58421823 -2335.58421823 -2335.53800405 -2335.53800405
 -2335.53800405 -2331.37176191 -2331.26199993 -2331.26199993
 -2331.22370698 -2331.05975027 -2330.88823846 -2330.88823846]","[[2.15611963e+02 3.18493192e+02 8.92019560e-02 1.71540685e-02
  4.96227661e+00 1.40508459e-02]
 [1.92737082e+02 2.03407619e+02 6.76101897e-02 1.74375741e-02
  4.78994588e+00 1.64203055e-02]
 [1.90671530e+02 2.44671859e+02 8.36241025e-02 2.18718839e-02
  4.80356348e+00 1.43741379e-02]
 [1.90671530e+02 2.31525948e+02 8.29402338e-02 1.67911124e-02
  4.77261163e+00 1.30265828e-02]
 [2.07987738e+02 3.01849274e+02 7.78359564e-02 1.67899164e-02
  4.94935410e+00 1.22514115e-02]
 [1.55161301e+02 2.84090696e+02 6.83156413e-02 1.98073655e-02
  4.66554947e+00 1.23864868e-02]
 [1.87403536e+02 3.00559068e+02 7.44045272e-02 1.47825515e-02
  4.51398832e+00 1.44641574e-02]
 [1.74959351e+02 2.69231194e+02 7.69488004e-02 1.85452701e-02
  4.75046652e+00 1.44464636e-02]
 [2.22670332e+02 3.12582595e+02 8.43680618e-02 1.63900700e-02
  4.97604924e+00 1.30265828e-02]
 [1.22257530e+02 2.81040858e+02 7.67368684e-02 2.18015603e-02
  4.66237016e+00 1.46535084e-02]
 [1.57680211e+02 1.79047158e+02 8.12267899e-02 2.04271000e-02
  4.49404075e+00 1.93079549e-02]
 [7.71893800e+01 1.17888017e+02 1.05451384e-01 2.57752519e-02
  4.12755870e+00 2.16892913e-02]
 [1.44791777e+02 1.76789370e+02 9.92252034e-02 2.28365921e-02
  4.48350939e+00 1.57179021e-02]
 [1.31728568e+02 1.40169249e+02 8.16278769e-02 2.33883076e-02
  4.43612810e+00 1.78822339e-02]
 [1.93382666e+02 3.12582595e+02 6.64255425e-02 1.69377516e-02
  4.60606655e+00 1.24038380e-02]
 [1.90478816e+02 2.48180371e+02 7.49092186e-02 1.60271139e-02
  4.90908593e+00 1.60117257e-02]
 [1.89847953e+02 2.48180371e+02 7.57534268e-02 2.48881370e-02
  4.77779518e+00 1.26180030e-02]
 [1.50028514e+02 2.84709611e+02 8.26720722e-02 2.39895272e-02
  4.78994588e+00 1.27177301e-02]
 [2.17686987e+02 2.43044946e+02 7.12074634e-02 1.66158853e-02
  4.75748747e+00 1.30982301e-02]
 [1.10428225e+02 9.86352226e+01 9.59099984e-02 3.46705478e-02
  4.11588554e+00 2.19953149e-02]]"
20,21,"[[ 419.82811641 -303.91371261  423.44603476  400.69405301  419.14468787
   414.08314585]
 [ 419.82811641 -303.91371261  423.44603476  400.69405301  419.14468787
   414.08314585]
 [ 419.82811641 -302.00493058  423.90261757  400.69405301  419.14468787
   414.11002761]
 [ 419.82811641 -302.37156571  422.75121592  400.54492302  419.14468787
   414.11002761]
 [ 419.82811641 -302.00493058  423.44603476  400.52052277  419.14468787
   414.08314585]
 [ 419.82811641 -302.00493058  423.44603476  400.52052277  419.14468787
   414.08314585]
 [ 419.82811641 -302.00493058  423.44603476  400.52052277  419.14468787
   414.08314585]
 [ 419.82811641 -302.00493058  423.44603476  400.52052277  419.14468787
   414.08314585]
 [ 419.82811641 -302.00493058  423.44603476  400.52052277  419.14468787
   414.08314585]
 [ 419.82811641 -302.00493058  423.90261757  400.54492302  419.14468787
   414.11002761]
 [ 423.63685611 -302.00493058  422.5590461   400.54492302  419.14468787
   414.08314585]
 [ 423.63685611 -302.00493058  422.5590461   400.54492302  419.14468787
   414.08314585]
 [ 419.82811641 -302.37156571  423.90261757  400.54492302  419.14468787
   414.08314585]
 [ 419.82811641 -302.37156571  423.90261757  400.54492302  419.14468787
   414.08314585]
 [ 423.63685611 -302.37156571  422.75121592  400.54492302  419.14468787
   414.11002761]
 [ 423.63685611 -302.37156571  422.75121592  400.54492302  419.14468787
   414.08314585]
 [ 423.63685611 -302.37156571  422.75121592  400.54492302  419.14468787
   414.08314585]
 [ 423.63685611 -302.37156571  422.75121592  400.54492302  419.14468787
   414.08314585]
 [ 419.82811641 -302.37156571  423.90261757  400.52052277  419.14468787
   414.11002761]
 [ 419.82811641 -302.37156571  423.90261757  400.52052277  419.14468787
   414.11002761]]","[-2337.51342063 -2337.51342063 -2337.45779407 -2337.44987284
 -2336.87957111 -2336.87957111 -2336.87957111 -2336.87957111
 -2336.87957111 -2336.73284317 -2336.7194525  -2336.7194525
 -2336.71788555 -2336.71788555 -2336.71508183 -2336.66886765
 -2336.66886765 -2336.66886765 -2336.64503021 -2336.64503021]","[[2.43492331e+02 4.50083016e+02 6.32622393e-02 1.36585722e-02
  5.34193674e+00 1.62926181e-02]
 [2.90760248e+02 3.07465539e+02 5.61315699e-02 1.26507636e-02
  5.01392356e+00 9.36934426e-03]
 [2.09597174e+02 2.69469138e+02 5.97235725e-02 1.62132442e-02
  5.03626609e+00 1.12501069e-02]
 [2.23500958e+02 4.13969599e+02 6.22240007e-02 1.93818790e-02
  5.24632016e+00 1.07825101e-02]
 [2.34483521e+02 4.11337353e+02 6.34215695e-02 1.60560883e-02
  4.98697862e+00 1.00913125e-02]
 [2.41099094e+02 3.69165171e+02 7.54877627e-02 1.88943605e-02
  5.30176306e+00 9.98711839e-03]
 [2.15611963e+02 3.18493192e+02 8.92019560e-02 1.71540685e-02
  4.96227661e+00 1.40508459e-02]
 [1.92737082e+02 2.03407619e+02 6.76101897e-02 1.74375741e-02
  4.78994588e+00 1.64203055e-02]
 [2.44235921e+02 4.10769525e+02 6.28188168e-02 1.27468775e-02
  4.94781948e+00 1.34837963e-02]
 [2.27161353e+02 4.13969599e+02 6.99835318e-02 1.50584250e-02
  5.05107771e+00 1.02460990e-02]
 [2.78080826e+02 3.61023620e+02 6.96736072e-02 1.61575821e-02
  5.15115966e+00 1.34771972e-02]
 [2.37568249e+02 3.48823939e+02 6.36139264e-02 1.82121617e-02
  4.74502920e+00 1.19071106e-02]
 [2.34483521e+02 4.26189653e+02 6.00174552e-02 1.43728878e-02
  5.42615457e+00 1.42133617e-02]
 [1.90671530e+02 2.44671859e+02 8.36241025e-02 2.18718839e-02
  4.80356348e+00 1.43741379e-02]
 [2.96089460e+02 3.54867712e+02 7.59857411e-02 1.51897437e-02
  5.40058960e+00 1.01255239e-02]
 [2.23500958e+02 4.26189653e+02 6.25088922e-02 1.32381067e-02
  5.24093299e+00 1.15277575e-02]
 [2.66552738e+02 2.68152048e+02 6.82783109e-02 1.77745241e-02
  4.94781948e+00 1.34437822e-02]
 [1.90671530e+02 2.31525948e+02 8.29402338e-02 1.67911124e-02
  4.77261163e+00 1.30265828e-02]
 [2.23068270e+02 2.68152048e+02 6.66078644e-02 1.54797466e-02
  5.23670236e+00 1.34771972e-02]
 [1.87403536e+02 4.50083016e+02 6.68657301e-02 1.73025086e-02
  5.09144288e+00 1.14125677e-02]]"
21,22,"[[ 438.48885928  408.01158042  423.89892111  400.56274002  424.94172511
   414.07350717]
 [ 419.82811641 -302.37156571  422.75121592  400.69405301  419.14468787
   414.08314585]
 [ 419.82811641 -302.37156571  422.75121592  400.69405301  419.14468787
   414.08314585]
 [ 419.82811641 -302.00493058  423.44603476  400.69405301  419.14468787
   414.11002761]
 [ 419.82811641 -302.37156571  423.44603476  400.69405301  419.14468787
   414.08314585]
 [ 419.82811641 -302.37156571  423.44603476  400.69405301  419.14468787
   414.08314585]
 [ 419.82811641 -302.00493058  423.44603476  400.69405301  419.14468787
   414.08314585]
 [ 419.82811641 -302.00493058  423.44603476  400.69405301  419.14468787
   414.08314585]
 [ 419.82811641 -303.91371261  423.44603476  400.69405301  419.14468787
   414.08314585]
 [ 419.82811641 -303.91371261  423.44603476  400.69405301  419.14468787
   414.08314585]
 [ 419.82811641 -303.91371261  423.44603476  400.69405301  419.14468787
   414.08314585]
 [ 419.82811641 -303.91371261  423.44603476  400.69405301  419.14468787
   414.08314585]
 [ 419.82811641 -302.00493058  423.90261757  400.69405301  419.14468787
   414.11002761]
 [ 419.82811641 -302.00493058  423.90261757  400.69405301  419.14468787
   414.11002761]
 [ 419.82811641 -302.00493058  422.5590461   400.54492302  419.14468787
   414.08314585]
 [ 419.82811641 -302.37156571  422.75121592  400.54492302  419.14468787
   414.11002761]
 [ 419.82811641 -302.37156571  422.75121592  400.54492302  419.14468787
   414.11002761]
 [ 419.82811641 -302.37156571  423.90261757  400.69405301  419.14468787
   414.08314585]
 [ 419.82811641 -302.37156571  422.75121592  400.54492302  419.14468787
   414.08314585]
 [ 419.82811641 -302.37156571  422.75121592  400.54492302  419.14468787
   414.08314585]]","[-2394.51840649 -2338.12860955 -2338.12860955 -2337.7698057
 -2337.75484808 -2337.75484808 -2337.72359152 -2337.72359152
 -2337.51342063 -2337.51342063 -2337.51342063 -2337.51342063
 -2337.45779407 -2337.45779407 -2337.4542435  -2337.44987284
 -2337.44987284 -2337.44283645 -2337.40365866 -2337.40365866]","[[3.53156255e+02 4.97322949e+02 6.06799470e-02 1.40182162e-02
  5.59668751e+00 8.73479807e-03]
 [3.37953921e+02 5.73661095e+02 6.24073776e-02 1.25416820e-02
  5.45200987e+00 1.09348941e-02]
 [3.27650448e+02 5.37416364e+02 6.07214818e-02 1.17523827e-02
  5.29797460e+00 1.11029553e-02]
 [3.93277956e+02 4.97738893e+02 5.40277496e-02 1.34902703e-02
  5.28080117e+00 9.31338964e-03]
 [3.28979446e+02 3.28226728e+02 5.42761349e-02 1.48136925e-02
  5.82202636e+00 9.74189573e-03]
 [3.10405349e+02 4.19420445e+02 5.51947634e-02 1.39761370e-02
  5.40293584e+00 8.51286635e-03]
 [2.99332800e+02 5.08618485e+02 6.27175106e-02 1.08967098e-02
  5.84954640e+00 1.00529155e-02]
 [3.15005794e+02 6.13088496e+02 6.11910978e-02 1.19740772e-02
  5.53522984e+00 8.50838748e-03]
 [2.90760248e+02 3.07465539e+02 5.61315699e-02 1.26507636e-02
  5.01392356e+00 9.36934426e-03]
 [2.43492331e+02 4.50083016e+02 6.32622393e-02 1.36585722e-02
  5.34193674e+00 1.62926181e-02]
 [3.37953921e+02 4.29728782e+02 6.63147754e-02 1.39248680e-02
  5.74420643e+00 1.00553767e-02]
 [3.05437185e+02 5.61259764e+02 4.98044118e-02 1.23820793e-02
  5.73093158e+00 7.98123053e-03]
 [3.05437185e+02 6.31006783e+02 5.65348812e-02 1.39248680e-02
  5.67254296e+00 1.14374785e-02]
 [2.09597174e+02 2.69469138e+02 5.97235725e-02 1.62132442e-02
  5.03626609e+00 1.12501069e-02]
 [4.01335906e+02 5.37416364e+02 5.27085885e-02 1.23873287e-02
  5.52331345e+00 9.43624763e-03]
 [3.24748053e+02 6.13088496e+02 5.12392080e-02 1.37910819e-02
  5.49017998e+00 1.02668636e-02]
 [2.23500958e+02 4.13969599e+02 6.22240007e-02 1.93818790e-02
  5.24632016e+00 1.07825101e-02]
 [3.77678855e+02 5.19976821e+02 4.98044118e-02 1.18294081e-02
  5.59668751e+00 8.79011534e-03]
 [3.27800510e+02 4.99667063e+02 6.04724951e-02 1.00231304e-02
  5.59931914e+00 1.11029553e-02]
 [2.89499987e+02 4.58526661e+02 5.56551074e-02 1.09008857e-02
  5.93813083e+00 9.84891727e-03]]"
22,23,"[[ 419.82811641  408.01158042  423.89892111  400.69405301  419.14468787
   414.07350717]
 [ 419.82811641  408.01158042  423.44603476  400.69405301  424.94172511
   414.07350717]
 [ 419.82811641  408.01158042  422.75121592  400.56274002  424.94172511
   414.08314585]
 [ 438.48885928  408.01158042  423.44603476  400.69405301  424.94172511
   414.07350717]
 [ 438.48885928  408.01158042  423.89892111  400.56274002  424.94172511
   414.07350717]
 [ 419.82811641 -302.00493058  422.5590461   400.69405301  419.14468787
   414.08314585]
 [ 419.82811641 -302.00493058  422.5590461   400.69405301  419.14468787
   414.08314585]
 [ 419.82811641 -302.00493058  422.75121592  400.69405301  419.14468787
   414.11002761]
 [ 419.82811641 -302.37156571  422.75121592  400.69405301  419.14468787
   414.08314585]
 [ 419.82811641 -302.37156571  422.75121592  400.69405301  419.14468787
   414.08314585]
 [ 419.82811641 -302.37156571  422.75121592  400.69405301  419.14468787
   414.08314585]
 [ 419.82811641 -302.37156571  422.75121592  400.69405301  419.14468787
   414.08314585]
 [ 419.82811641 -302.37156571  422.75121592  400.69405301  419.14468787
   414.08314585]
 [ 419.82811641 -302.37156571  422.75121592  400.69405301  419.14468787
   414.08314585]
 [ 419.82811641 -302.37156571  422.75121592  400.69405301  419.14468787
   414.08314585]
 [ 419.82811641 -302.37156571  422.75121592  400.69405301  419.14468787
   414.08314585]
 [ 419.82811641 -302.37156571  422.75121592  400.69405301  419.14468787
   414.08314585]
 [ 419.82811641 -302.37156571  422.75121592  400.69405301  419.14468787
   414.08314585]
 [ 419.82811641 -302.00493058  422.75121592  400.69405301  419.14468787
   414.08314585]
 [ 419.82811641 -302.00493058  422.75121592  400.69405301  419.14468787
   414.08314585]]","[-2434.97062369 -2433.70615058 -2433.45843854 -2395.46576809
 -2394.51840649 -2338.1791944  -2338.1791944  -2338.14356717
 -2338.12860955 -2338.12860955 -2338.12860955 -2338.12860955
 -2338.12860955 -2338.12860955 -2338.12860955 -2338.12860955
 -2338.12860955 -2338.12860955 -2338.09735299 -2338.09735299]","[[3.75527550e+02 7.56097138e+02 4.91070303e-02 8.59727104e-03
  6.21214787e+00 6.64993492e-03]
 [4.22724609e+02 6.79387690e+02 4.51181063e-02 1.09087459e-02
  6.05826026e+00 7.90741112e-03]
 [4.83075030e+02 7.02267060e+02 4.91834229e-02 1.04897397e-02
  6.21203154e+00 7.31592015e-03]
 [4.60346348e+02 4.22615610e+02 4.83773740e-02 1.25416820e-02
  6.33705934e+00 8.16240686e-03]
 [3.53156255e+02 4.97322949e+02 6.06799470e-02 1.40182162e-02
  5.59668751e+00 8.73479807e-03]
 [4.83075030e+02 7.84978458e+02 4.66414878e-02 1.05400385e-02
  5.71196113e+00 7.55180331e-03]
 [4.43447143e+02 7.08452191e+02 4.51181063e-02 8.59885617e-03
  6.18512960e+00 9.25145765e-03]
 [5.07521149e+02 7.29206388e+02 5.25060723e-02 9.74671653e-03
  5.98573747e+00 7.89121507e-03]
 [5.55422462e+02 7.23362054e+02 4.47293853e-02 1.12750286e-02
  5.84651749e+00 7.57267215e-03]
 [3.37953921e+02 5.73661095e+02 6.24073776e-02 1.25416820e-02
  5.45200987e+00 1.09348941e-02]
 [3.27650448e+02 5.37416364e+02 6.07214818e-02 1.17523827e-02
  5.29797460e+00 1.11029553e-02]
 [4.83764213e+02 7.00901138e+02 5.03842402e-02 1.01071900e-02
  6.11737700e+00 8.46156566e-03]
 [4.16732531e+02 8.69316618e+02 4.66414878e-02 1.05205775e-02
  6.17755399e+00 7.54408679e-03]
 [4.22724609e+02 7.08452191e+02 4.84290924e-02 9.74671653e-03
  5.58867903e+00 7.45357352e-03]
 [4.49720159e+02 5.04624705e+02 4.79987974e-02 9.74671653e-03
  5.88722861e+00 9.90562876e-03]
 [3.65452488e+02 7.63883465e+02 4.93055189e-02 9.00622430e-03
  6.09802227e+00 9.25145765e-03]
 [5.00711465e+02 7.00177996e+02 4.73438119e-02 1.26427640e-02
  6.13175809e+00 7.31592015e-03]
 [3.60000832e+02 8.21671671e+02 4.86795874e-02 1.04251141e-02
  5.71196113e+00 7.89121507e-03]
 [4.65351767e+02 8.42766664e+02 4.97380367e-02 9.46070271e-03
  6.06897015e+00 7.31424971e-03]
 [4.03074228e+02 6.04730820e+02 4.68752906e-02 1.18473575e-02
  5.69282956e+00 7.19640684e-03]]"
23,24,"[[419.82811641 408.01158042 422.75121592 400.69405301 419.14468787
  414.08314585]
 [419.82811641 408.01158042 422.75121592 400.69405301 419.14468787
  414.08314585]
 [419.82811641 408.01158042 422.75121592 400.69405301 419.14468787
  414.07350717]
 [419.82811641 408.01158042 422.75121592 400.69405301 419.14468787
  414.07350717]
 [419.82811641 408.01158042 422.75121592 400.69405301 419.14468787
  414.07350717]
 [419.82811641 408.01158042 422.75121592 400.69405301 419.14468787
  414.07350717]
 [419.82811641 408.01158042 423.44603476 400.69405301 419.14468787
  414.08314585]
 [419.82811641 408.01158042 423.44603476 400.69405301 419.14468787
  414.07350717]
 [419.82811641 408.01158042 423.44603476 400.69405301 419.14468787
  414.07350717]
 [419.82811641 408.01158042 423.44603476 400.69405301 419.14468787
  414.07350717]
 [419.82811641 408.01158042 422.75121592 400.56274002 419.14468787
  414.11002761]
 [419.82811641 408.01158042 422.75121592 400.56274002 419.14468787
  414.08314585]
 [419.82811641 408.01158042 422.75121592 400.56274002 419.14468787
  414.08314585]
 [419.82811641 408.01158042 423.89892111 400.69405301 419.14468787
  414.08314585]
 [419.82811641 408.01158042 423.89892111 400.69405301 419.14468787
  414.08314585]
 [419.82811641 408.01158042 423.89892111 400.69405301 419.14468787
  414.08314585]
 [419.82811641 408.01158042 423.89892111 400.69405301 419.14468787
  414.08314585]
 [419.82811641 408.01158042 423.89892111 400.69405301 419.14468787
  414.07350717]
 [419.82811641 408.01158042 423.89892111 400.69405301 419.14468787
  414.07350717]
 [419.82811641 408.01158042 423.89892111 400.69405301 419.14468787
  414.07350717]]","[-2435.67027325 -2435.67027325 -2435.65365935 -2435.65365935
 -2435.65365935 -2435.65365935 -2435.29651178 -2435.27989787
 -2435.27989787 -2435.27989787 -2435.07840002 -2435.03218584
 -2435.03218584 -2434.98723759 -2434.98723759 -2434.98723759
 -2434.98723759 -2434.97062369 -2434.97062369 -2434.97062369]","[[6.03517262e+02 1.11500698e+03 4.48062290e-02 7.54324027e-03
  6.53657317e+00 6.90085040e-03]
 [5.86213777e+02 7.84516156e+02 4.39122704e-02 6.83726745e-03
  6.49039206e+00 7.39869184e-03]
 [6.50227002e+02 1.13629728e+03 4.07685628e-02 7.69847306e-03
  6.94365189e+00 5.67165571e-03]
 [6.59436552e+02 1.15574562e+03 3.89491018e-02 8.23706331e-03
  6.74483437e+00 6.39353410e-03]
 [6.05434839e+02 1.13629728e+03 4.02750619e-02 8.49872608e-03
  6.81409854e+00 6.89192382e-03]
 [6.39866336e+02 7.39294364e+02 4.57359451e-02 8.09802762e-03
  6.81522700e+00 5.62708200e-03]
 [6.20751275e+02 9.96832329e+02 4.07159992e-02 8.41826009e-03
  6.69067212e+00 5.89225828e-03]
 [6.98193981e+02 1.04883113e+03 4.08737097e-02 7.26424855e-03
  6.34171292e+00 5.72903541e-03]
 [6.59951863e+02 9.39172336e+02 4.02629583e-02 7.29086119e-03
  6.60533483e+00 6.60625215e-03]
 [6.52490742e+02 1.17119811e+03 3.97096229e-02 8.42064300e-03
  6.60533483e+00 6.39353410e-03]
 [5.68625392e+02 1.19064645e+03 4.57359451e-02 8.46035677e-03
  6.89353976e+00 6.60625215e-03]
 [5.65982105e+02 8.88601869e+02 4.40742070e-02 7.96350984e-03
  6.75077669e+00 5.63016571e-03]
 [6.39620735e+02 1.10771103e+03 4.50014094e-02 8.13426418e-03
  6.89341067e+00 8.21924003e-03]
 [5.56813116e+02 8.88601869e+02 3.94260139e-02 7.29086119e-03
  6.51039278e+00 5.72822574e-03]
 [6.50227002e+02 9.81641097e+02 3.83233518e-02 1.06422281e-02
  6.40253173e+00 5.67103270e-03]
 [5.86213777e+02 9.33111331e+02 3.82259524e-02 8.49872608e-03
  6.67568121e+00 5.97234878e-03]
 [4.83075030e+02 1.05700858e+03 3.95234134e-02 6.96371659e-03
  6.32299482e+00 5.29668268e-03]
 [3.75527550e+02 7.56097138e+02 4.91070303e-02 8.59727104e-03
  6.21214787e+00 6.64993492e-03]
 [6.00149559e+02 1.12084479e+03 4.57359451e-02 7.24515585e-03
  6.49502913e+00 6.49467783e-03]
 [6.17252566e+02 7.52550775e+02 3.93357559e-02 8.39015933e-03
  6.51039278e+00 6.92084612e-03]]"
24,25,"[[419.82811641 408.01158042 422.75121592 400.69405301 419.14468787
  414.11002761]
 [419.82811641 408.01158042 422.75121592 400.69405301 419.14468787
  414.11002761]
 [419.82811641 408.01158042 422.75121592 400.69405301 419.14468787
  414.11002761]
 [419.82811641 408.01158042 422.75121592 400.69405301 419.14468787
  414.11002761]
 [419.82811641 408.01158042 422.75121592 400.69405301 419.14468787
  414.11002761]
 [419.82811641 408.01158042 422.75121592 400.69405301 419.14468787
  414.08314585]
 [419.82811641 408.01158042 422.75121592 400.69405301 419.14468787
  414.08314585]
 [419.82811641 408.01158042 422.75121592 400.69405301 419.14468787
  414.08314585]
 [419.82811641 408.01158042 422.75121592 400.69405301 419.14468787
  414.08314585]
 [419.82811641 408.01158042 422.75121592 400.69405301 419.14468787
  414.08314585]
 [419.82811641 408.01158042 422.75121592 400.69405301 419.14468787
  414.08314585]
 [419.82811641 408.01158042 422.75121592 400.69405301 419.14468787
  414.08314585]
 [419.82811641 408.01158042 422.75121592 400.69405301 419.14468787
  414.08314585]
 [419.82811641 408.01158042 422.75121592 400.69405301 419.14468787
  414.08314585]
 [419.82811641 408.01158042 422.75121592 400.69405301 419.14468787
  414.08314585]
 [419.82811641 408.01158042 422.75121592 400.69405301 419.14468787
  414.08314585]
 [419.82811641 408.01158042 422.75121592 400.69405301 419.14468787
  414.08314585]
 [419.82811641 408.01158042 422.75121592 400.69405301 419.14468787
  414.08314585]
 [419.82811641 408.01158042 422.75121592 400.69405301 419.14468787
  414.08314585]
 [419.82811641 408.01158042 422.75121592 400.69405301 419.14468787
  414.08314585]]","[-2435.71648743 -2435.71648743 -2435.71648743 -2435.71648743
 -2435.71648743 -2435.67027325 -2435.67027325 -2435.67027325
 -2435.67027325 -2435.67027325 -2435.67027325 -2435.67027325
 -2435.67027325 -2435.67027325 -2435.67027325 -2435.67027325
 -2435.67027325 -2435.67027325 -2435.67027325 -2435.67027325]","[[8.79269991e+02 1.55569292e+03 3.60148488e-02 5.45863472e-03
  7.27717624e+00 5.04090080e-03]
 [8.45284180e+02 1.35831096e+03 3.33862067e-02 6.11048441e-03
  7.36888545e+00 4.76906710e-03]
 [8.51693158e+02 1.40259253e+03 3.60367461e-02 5.84140174e-03
  7.42591598e+00 4.39515527e-03]
 [7.09744190e+02 1.57699561e+03 3.46801348e-02 5.56555715e-03
  7.36910268e+00 5.03428198e-03]
 [8.07214228e+02 1.53012740e+03 3.77187897e-02 7.26563201e-03
  7.63339843e+00 5.52931805e-03]
 [6.81982795e+02 1.49752337e+03 3.29268508e-02 6.21918970e-03
  7.49366037e+00 4.27280007e-03]
 [8.83144841e+02 1.23737729e+03 3.32532311e-02 5.95229075e-03
  7.49366037e+00 4.85924490e-03]
 [8.43649391e+02 1.36998850e+03 3.37399100e-02 6.08930062e-03
  7.60614854e+00 4.43932057e-03]
 [6.72241905e+02 1.50472537e+03 3.95104522e-02 6.39621452e-03
  7.33073349e+00 3.95090332e-03]
 [8.42697227e+02 1.47195785e+03 3.95104522e-02 6.52680185e-03
  7.29941001e+00 5.03761123e-03]
 [8.70689785e+02 1.66764573e+03 3.32094282e-02 5.67238746e-03
  7.39363355e+00 5.63919147e-03]
 [9.15794207e+02 1.67896496e+03 3.50663962e-02 5.84446018e-03
  7.33303671e+00 5.20184918e-03]
 [8.51693158e+02 1.50884261e+03 3.68442098e-02 5.41083352e-03
  7.45161090e+00 4.36384824e-03]
 [8.56838844e+02 1.55569292e+03 3.69999583e-02 6.05875688e-03
  7.45460348e+00 5.20215115e-03]
 [8.77230018e+02 1.33887932e+03 3.23112825e-02 6.42235012e-03
  7.40725464e+00 4.53732544e-03]
 [9.01754742e+02 1.37148335e+03 3.77187897e-02 6.39007216e-03
  7.37720306e+00 4.33427965e-03]
 [6.85677121e+02 1.38361708e+03 3.60805491e-02 5.72200001e-03
  7.21340099e+00 4.33427965e-03]
 [8.81151677e+02 1.50900168e+03 3.32025175e-02 5.79034071e-03
  7.60614854e+00 4.61198176e-03]
 [8.94341130e+02 1.41920648e+03 3.91231436e-02 5.90672798e-03
  7.23093416e+00 4.53755780e-03]
 [7.98957635e+02 1.38361708e+03 3.60148488e-02 6.35105108e-03
  7.26467908e+00 4.56369646e-03]]"
25,26,"[[419.82811641 408.01158042 422.75121592 400.69405301 419.14468787
  414.11002761]
 [419.82811641 408.01158042 422.75121592 400.69405301 419.14468787
  414.11002761]
 [419.82811641 408.01158042 422.75121592 400.69405301 419.14468787
  414.11002761]
 [419.82811641 408.01158042 422.75121592 400.69405301 419.14468787
  414.11002761]
 [419.82811641 408.01158042 422.75121592 400.69405301 419.14468787
  414.11002761]
 [419.82811641 408.01158042 422.75121592 400.69405301 419.14468787
  414.11002761]
 [419.82811641 408.01158042 422.75121592 400.69405301 419.14468787
  414.11002761]
 [419.82811641 408.01158042 422.75121592 400.69405301 419.14468787
  414.11002761]
 [419.82811641 408.01158042 422.75121592 400.69405301 419.14468787
  414.11002761]
 [419.82811641 408.01158042 422.75121592 400.69405301 419.14468787
  414.11002761]
 [419.82811641 408.01158042 422.75121592 400.69405301 419.14468787
  414.11002761]
 [419.82811641 408.01158042 422.75121592 400.69405301 419.14468787
  414.11002761]
 [419.82811641 408.01158042 422.75121592 400.69405301 419.14468787
  414.11002761]
 [419.82811641 408.01158042 422.75121592 400.69405301 419.14468787
  414.11002761]
 [419.82811641 408.01158042 422.75121592 400.69405301 419.14468787
  414.11002761]
 [419.82811641 408.01158042 422.75121592 400.69405301 419.14468787
  414.11002761]
 [419.82811641 408.01158042 422.75121592 400.69405301 419.14468787
  414.11002761]
 [419.82811641 408.01158042 422.75121592 400.69405301 419.14468787
  414.11002761]
 [419.82811641 408.01158042 422.75121592 400.69405301 419.14468787
  414.11002761]
 [419.82811641 408.01158042 422.75121592 400.69405301 419.14468787
  414.11002761]]","[-2435.71648743 -2435.71648743 -2435.71648743 -2435.71648743
 -2435.71648743 -2435.71648743 -2435.71648743 -2435.71648743
 -2435.71648743 -2435.71648743 -2435.71648743 -2435.71648743
 -2435.71648743 -2435.71648743 -2435.71648743 -2435.71648743
 -2435.71648743 -2435.71648743 -2435.71648743 -2435.71648743]","[[1.22633968e+03 2.01177476e+03 2.99200780e-02 4.16648065e-03
  8.17025145e+00 3.39518573e-03]
 [1.25329544e+03 2.12438998e+03 2.99200780e-02 4.46456830e-03
  8.28890987e+00 3.17560657e-03]
 [1.22404697e+03 1.93382804e+03 3.01765164e-02 4.52337377e-03
  8.35556275e+00 3.39440532e-03]
 [1.11940301e+03 2.38505297e+03 3.08274825e-02 4.56156167e-03
  8.22253077e+00 3.30884199e-03]
 [1.07848473e+03 1.99962618e+03 2.92455140e-02 4.59008625e-03
  8.21973421e+00 3.73073537e-03]
 [9.72795047e+02 2.00864228e+03 2.75515849e-02 4.83867941e-03
  8.22253077e+00 3.27220341e-03]
 [1.18501750e+03 2.02705158e+03 2.97688419e-02 4.68731570e-03
  8.30402929e+00 4.00229793e-03]
 [1.20401005e+03 2.15872184e+03 3.14629395e-02 4.73764942e-03
  8.14322340e+00 3.29490760e-03]
 [1.22776559e+03 2.08612693e+03 3.00340828e-02 4.79854742e-03
  8.12252990e+00 3.57966365e-03]
 [1.17882567e+03 2.26042200e+03 2.75161389e-02 4.56156167e-03
  8.19550272e+00 3.22112580e-03]
 [1.15377867e+03 2.24494701e+03 2.94506869e-02 4.47945474e-03
  8.22253077e+00 3.53574496e-03]
 [1.09260616e+03 1.99853118e+03 3.20114328e-02 4.57802774e-03
  8.19100827e+00 3.53574496e-03]
 [1.27043783e+03 2.26043511e+03 3.03795846e-02 4.83867941e-03
  8.13225807e+00 3.30875533e-03]
 [1.22045022e+03 2.22610326e+03 3.14629395e-02 4.24400877e-03
  8.17025145e+00 3.50636990e-03]
 [1.12123015e+03 2.18360948e+03 2.73687903e-02 4.37183686e-03
  8.27803000e+00 3.50463311e-03]
 [1.22115244e+03 2.19908447e+03 2.85029745e-02 4.67002073e-03
  8.14651472e+00 3.66028066e-03]
 [1.07201512e+03 2.26042200e+03 2.76875511e-02 4.54950003e-03
  8.16689829e+00 3.30884199e-03]
 [1.06572711e+03 2.33211364e+03 2.77611949e-02 4.79854742e-03
  8.15726598e+00 3.71790514e-03]
 [1.15737543e+03 2.00336669e+03 2.84638513e-02 4.69479290e-03
  8.20783898e+00 3.35235790e-03]
 [1.06753535e+03 1.99853118e+03 3.01605283e-02 4.31412887e-03
  8.25098208e+00 3.69113313e-03]]"
