,population,best_x,best_energy,running_time
0,23,"[ 419.84469873  424.81698252  421.08278531 -279.72871803  411.65810994
  438.59777622]",-2281.0919395576316,0.492999
1,20,"[421.26571039 204.00435802 406.30016362 413.46513568 196.55746234
 419.17036383]",-2038.7921185783566,0.426668
2,15,"[ 422.50866053  415.14785657  420.08287411  448.09193674 -303.31098397
  425.2927869 ]",-2297.9058243580457,0.411262
3,31,"[ 448.18833512   65.69201994  420.86482488  428.01104101 -305.36387814
  398.84953194]",-1882.0548688351,0.660049
4,16,"[ 403.36433316  436.77241909 -305.61823802  440.95327264 -301.28828855
  421.11175913]",-2156.277172366161,0.299997
5,57,"[-295.12454543  457.63766699  433.2534188   422.71250742  421.08677283
  421.0615406 ]",-2208.121327891463,1.148057
6,13,"[ 421.18630358  462.31275919 -304.57348168  406.61244744  437.97943616
  413.4331472 ]",-2124.4429686907074,0.252828
7,11,"[411.95211062 419.39947988 193.51474193 395.80074278 415.82954451
 420.71605079]",-2193.069631160726,0.193784
8,19,"[ 433.70262744  421.77102153  418.24089728  383.67099317 -300.53058984
  410.60663104]",-2199.264738681467,0.385719
9,14,"[421.50567933 435.22894171 420.33527329 424.22357261 386.8308786
 425.12134991]",-2348.194324585217,0.257834
10,17,"[ 421.34406183  421.35829696 -317.56819889  421.33170873 -302.53667061
 -299.91708733]",-2129.2302179155204,0.307701
11,10,"[-284.04055852 -303.32840173  449.10977622  425.38448107  416.71120635
  393.31735697]",-2041.4997974092944,0.212549
12,20,"[ 420.82118901  422.87675921  424.74099843 -321.96688034  421.08317638
 -301.68571141]",-2227.551525836425,0.400767
13,74,"[-302.65720827  430.77270883  425.50186488  421.137916    430.43808121
  424.22003028]",-2368.1023391689705,1.493068
14,15,"[414.8046868  418.99267942 438.25612702 426.24595718 391.8506837
 406.00587209]",-2338.7061015624076,0.29102
15,48,"[-286.23775247  448.06075934  393.06821309  406.55792005 -301.78263619
  420.41190486]",-2034.8630705815237,0.926104
16,13,"[-304.03374882  423.34160838  423.04393158 -295.36487362  407.58681714
  451.38229864]",-2133.927754783109,0.246998
17,44,"[ 412.8074631   201.63469669  420.953883   -311.6189974   201.48912542
 -302.41414617]",-1822.6346129981432,0.856998
18,16,"[ 409.10203577  219.81304231  404.45923084  390.71324788  384.50742068
 -300.83505557]",-1831.3869365082417,0.302023
19,20,"[ 449.09803161  414.50628941 -305.94061367  421.45546025  420.37440262
  390.63899279]",-2182.2255357291547,0.372267
20,12,"[-327.97161323 -302.91881314  423.7392392   431.64977893  415.31548887
  421.68074073]",-2178.076006369294,0.225712
21,18,"[ 423.28273699 -334.32756763 -305.18560513 -306.66307366  421.47142831
  200.67286228]",-1814.8530557018696,0.335997
22,24,"[440.93402983 430.07180725 420.91257168 377.6938395  420.91503004
 418.06359381]",-2242.2031803530936,0.446004
23,12,"[452.53415662 419.12933882 419.27057727 444.97561262 424.53186251
 421.83284891]",-2318.906365304226,0.220013
24,28,"[-302.49605564  420.66510603  417.38317195  453.57113806  420.674327
  449.28246002]",-2166.625873356488,0.564009
25,15,"[ 420.38711456  396.00007236 -318.99035074  381.03488584 -313.531291
  421.15199544]",-1970.0376947453892,0.283974
26,15,"[ 402.96403043  217.85659802  409.89055643  421.83793535  372.50790398
 -320.10858403]",-1802.721002510616,0.270004
27,16,"[429.43691383 424.47098135 398.79250555 416.47879204 414.01879557
 422.94939545]",-2434.217998621354,0.295001
28,17,"[ 421.95015067  422.36360638 -298.17257259  436.64162988  421.75247403
  409.48098374]",-2345.351759142329,0.319994
29,32,"[ 420.59948571  421.65932586  421.23419486 -320.64427874  426.2300512
  420.92451304]",-2350.8402581487917,0.607546
30,24,"[ 421.98671121  421.79733413  191.97999147  423.1064547  -307.59809274
  410.21994136]",-2142.410343982927,0.46662
31,18,"[ 387.81497236  415.13255407 -303.52520399 -328.23811507  420.71039408
  419.68963147]",-2061.981822972093,0.359999
32,16,"[-292.16819496  419.85993604  429.48659241 -302.54472805  413.71832885
  419.07201941]",-2247.256312975557,0.330038
33,17,"[421.05903436 414.50281311 420.22346985 455.92882943 421.63874644
 438.95529992]",-2320.8724617484154,0.320963
34,108,"[-302.40141296  423.35914037  420.78782455  193.47300145  421.0730967
 -279.27536178]",-1980.782380079511,2.228209
35,31,"[ 419.73539978  440.30308433 -304.85177334  420.61138219  398.52160277
  479.55948751]",-1911.7164681194415,0.703181
36,12,"[ 419.02494126 -306.95620388  417.21794126  421.26297121  435.82861023
  421.0361346 ]",-2362.993786432207,0.244994
37,15,"[ 436.78825831 -287.63805215  422.02313856  402.03631769 -306.11748931
  402.83673463]",-2131.870040572683,0.285017
38,14,"[420.36936665 399.98934762 192.92092937 394.79087217 208.17960683
 420.43848215]",-1925.821177010908,0.271984
39,32,"[ 447.8862741  -321.94008938  425.7844394   420.90683872  426.00676322
  420.77732721]",-2253.1968821846194,0.640073
40,108,"[-302.45436001  203.99852603  399.65037884  406.38152988  206.72052396
 -302.24969318]",-1759.6739814070536,2.197806
41,61,"[434.73839716 421.0639969  398.88118571 420.5997245  203.83407637
 441.54951881]",-2160.6362846095058,1.196987
42,11,"[415.67118688 429.80924781 422.12964038 420.89473574 421.0666539
 416.88261525]",-2498.2377464716665,0.204906
43,23,"[ 411.64057759 -295.34709654 -294.09461879  423.38461236  421.24011718
  421.20233151]",-2249.9837158604423,0.443515
44,21,"[ 420.77337937 -297.52070952  421.24241527  400.74680118  420.68389476
  380.19321673]",-2152.940452140797,0.40236
45,18,"[-303.01548959  414.32119785  421.50885013  450.75018459  421.02641329
  448.02880009]",-2191.429637568125,0.360025
46,11,"[ 421.78338931 -300.55640101  420.30313853  424.46188434  435.91254033
  428.27280872]",-2358.5274727407614,0.216994
47,17,"[422.73465233 421.04167883 416.09909099 411.42447434 422.59008072
 418.26605182]",-2497.868175160725,0.332555
48,13,"[ 424.13063097  412.70216629  435.21797382  390.36704106 -122.52065208
  406.36728382]",-2044.0835635413887,0.23907
49,29,"[ 421.13292879  217.11259937  410.16722978  393.57620767  420.44293439
 -319.1366295 ]",-2016.6464948227501,0.574089
