,population,best_x,best_energy,running_time
0,15,"[420.84185441 421.46517904 420.64192686 405.97154756 422.39127348
 421.19267896]",-2485.6940361567154,0.786036
1,24,"[419.36714941 407.54800584 420.88006592 420.90338298 421.05147071
 421.04080823]",-2491.1670383556,1.331007
2,21,"[421.19398258 422.9483201  424.84130777 421.31897616 420.92396223
 417.43955997]",-2509.91818096749,0.936999
3,21,"[411.68344378 423.11716495 424.77303143 431.18401856 421.18685647
 415.61794172]",-2483.937296531395,0.941014
4,28,"[442.97189792 429.8535537  421.81322409 414.91771608 420.75253207
 420.9396709 ]",-2439.094773552394,1.22401
5,19,"[418.72416593 423.01627986 420.42301842 420.81747151 416.01908963
 424.2314184 ]",-2508.2666538381823,0.841975
6,17,"[421.5017133  418.91145903 421.46480429 421.08061951 421.02494732
 423.01854297]",-2512.764426166109,0.738
7,20,"[421.69912967 421.92758328 420.58947568 435.63185624 420.93868534
 424.67112944]",-2484.971363529324,1.101001
8,16,"[426.78423472 420.20913563 418.5275092  418.36619551 421.77565639
 423.14829456]",-2507.268135413483,0.871192
9,25,"[421.00319353 415.23782917 424.38288272 421.01456236 420.83670113
 420.78309251]",-2508.2901542905233,1.299243
10,20,"[420.24539694 426.60630508 421.0268018  419.3677549  416.38031949
 421.51757657]",-2506.8078886780477,0.972326
11,16,"[421.3904673  403.74707389 421.98282324 427.1392179  420.05633736
 421.84998531]",-2472.1188932535206,0.779963
12,28,"[421.00214822 423.48321428 422.21229836 415.85880351 419.00268217
 426.85649689]",-2504.7557961244866,1.572049
13,20,"[415.42558584 420.97746305 420.81801236 410.11825369 420.50376833
 431.66219438]",-2480.8924503049548,1.067828
14,15,"[431.43515165 421.38819141 421.53095351 422.75772303 422.6423366
 420.26297672]",-2499.21180646392,0.840016
15,13,"[417.49408368 420.21264619 417.81662536 415.34837024 422.86771407
 424.12698302]",-2505.3673414458385,0.663008
16,18,"[421.02415379 419.88934207 421.85560052 420.19445798 419.11865907
 422.15679384]",-2512.965394746272,0.897975
17,23,"[419.97458427 421.17442942 421.61679344 414.34653114 435.81942495
 420.81923135]",-2480.5214289194246,1.093
18,14,"[420.28530468 420.2521529  426.82421744 419.48980311 426.68683572
 427.31280918]",-2499.960337993744,0.595
19,28,"[414.29828186 416.88167797 421.94720047 425.63379674 403.03892356
 425.86797483]",-2460.6795754550353,1.307026
20,17,"[417.30206201 420.17806532 423.85530537 421.17551663 405.70179791
 420.43437572]",-2482.1397515720428,0.756998
21,24,"[405.03318767 421.07591836 421.20552758 420.84516492 417.09397574
 422.5623768 ]",-2480.2396457579707,1.122032
22,14,"[422.50312193 417.35250087 422.80355743 424.00869898 417.37274294
 432.17653825]",-2492.9135040606093,0.595078
23,28,"[438.61011658 416.68932629 420.91675324 413.66797299 420.47198776
 420.53524869]",-2465.9169258700886,1.329998
24,18,"[ 412.47748039  420.88647697  425.65891354 -302.52826939  420.84613326
  420.94195661]",-2383.643234063643,0.827953
25,20,"[ 421.01770578  421.33991936  419.20073815 -300.49255908  420.97295579
  420.82607137]",-2394.52223121888,0.921988
26,22,"[445.31978916 433.95390494 435.278745   420.53425785 416.90869782
 420.87860787]",-2391.529938483083,0.999286
27,19,"[422.30222141 421.07369092 423.45375874 421.40093286 420.47512391
 420.60891463]",-2512.8210932721595,0.867228
28,19,"[405.16758913 407.04498509 437.90971003 421.65366575 407.74026219
 421.17730543]",-2401.114222896228,0.839339
29,23,"[422.41891309 420.93102775 419.42383448 420.70951454 434.26035811
 420.65248378]",-2491.0992289286733,1.053208
30,22,"[429.60128367 421.47895724 420.69779865 405.47939147 416.9502301
 420.91704586]",-2472.695396371638,0.968656
31,17,"[421.33491074 411.76288062 419.28691172 421.01628501 410.71996686
 421.14417186]",-2489.777897971705,0.748014
32,24,"[420.98477354 438.61791919 420.9996132  422.49660881 414.11925345
 416.20146944]",-2465.8873319691124,1.074044
33,14,"[422.32178879 422.83860686 420.36836658 422.1361089  420.67767776
 420.59232714]",-2512.978734111667,0.588007
34,17,"[421.34168783 418.04599384 422.82835748 418.80296831 419.85487458
 420.62962267]",-2511.6046950796954,0.731892
35,21,"[421.1030903  421.45979368 423.20322537 427.03910073 420.90065507
 421.00803161]",-2508.5813916151847,0.921001
36,16,"[418.42184175 418.23177202 420.47191917 421.35849354 420.85240993
 420.91282106]",-2512.0835699499744,0.69
37,15,"[421.85775183 405.55828804 399.75909926 420.52245712 416.84797848
 415.22123523]",-2423.0391903070085,0.667018
38,21,"[399.98385206 420.69451558 420.9053087  420.80348956 420.11720384
 406.30541597]",-2433.2232107760524,0.944999
39,22,"[421.00332042 420.87787096 427.68184166 420.21421093 420.9673723
 420.81483181]",-2508.1329279699903,0.975044
40,17,"[420.95343113 420.16784171 392.51426335 422.83340562 421.42997161
 421.2967475 ]",-2416.4415913040875,0.727987
41,26,"[420.66904878 421.10779159 421.08084496 421.44819739 421.42236737
 421.32449713]",-2513.8110137116087,1.161007
42,19,"[423.92991085 420.44862109 422.25592414 422.09437016 420.04450264
 420.53487189]",-2512.25539779186,0.818996
43,28,"[416.75630892 418.01479598 421.17194043 421.08203129 425.16195265
 421.27393047]",-2508.3256667015194,1.263998
44,18,"[415.2855756  419.26183095 420.54055756 421.22767844 419.73998162
 420.31455714]",-2509.193998824751,0.774999
45,27,"[432.12289169 420.67481573 420.9174647  420.51914208 416.84506949
 421.25285977]",-2496.040885023533,1.22
46,20,"[420.51059427 439.85678732 403.24234022 420.91573508 420.82999757
 420.50424668]",-2430.539941188025,0.886021
47,28,"[420.03115387 406.26795717 401.9110979  424.29153801 421.0217674
 414.80765198]",-2436.1502851834593,1.279978
48,16,"[442.35086244 423.43674011 421.092948   418.58567366 420.92186368
 397.3417931 ]",-2387.725560578552,0.709138
49,19,"[421.07662711 426.39583072 428.81907211 418.01834951 423.08825237
 421.51242022]",-2500.699993610608,0.833978
