,population,parents,parents_energy,parents_sigma
0,1,"[[-334.62387621  158.5441706   247.65048093  193.02424852 -318.79021672
  -268.7552915 ]
 [-253.47993709  -34.77806162  396.40183118 -292.29292559  373.99666884
  -171.687979  ]
 [ 243.71676386 -272.23569163 -276.5164126   127.88800195  185.20688328
   187.45893354]
 [-330.25531371 -105.26243437 -112.4130595    89.22524185  410.55400818
   323.6328845 ]
 [-312.85811816   86.65092746 -179.10152065 -341.18647734 -177.13321361
   201.05539029]
 [-406.00231946 -292.49417716  222.6083616  -114.48494584 -497.75873525
  -151.77163868]
 [ -15.49630087 -212.79909202  389.63717426  227.35678172 -200.82618358
  -497.65714497]
 [-211.04550034   29.87861287 -298.17235747  352.81894848  -27.51491631
    74.90954173]
 [ 446.66071592 -206.39257118  446.75876592  -12.52361654 -451.69562235
  -231.95589537]
 [ 216.62121064 -401.76396843  397.26008939 -447.97651483 -238.13313434
  -306.2926446 ]
 [-485.25076656 -443.5543226   -80.44120213  168.40367522  402.36185926
  -226.92796485]
 [ 123.16899226  -59.57520816   -7.18222888 -231.00044534   19.44793691
  -278.5803738 ]
 [-473.32545492  262.25343908  207.40507722  351.74896565   -1.9770445
   -52.99262123]
 [  79.02196214  237.96947377   76.57337543 -225.76429536  464.67399035
  -394.15536578]
 [-249.18290582   52.58941522 -444.92588983    0.92483918 -144.13537184
  -349.63701898]
 [-348.40285954    4.10547622  -22.530759    302.45213189  479.33791327
  -156.81492686]
 [-187.7795951  -419.31975126  437.98596444  191.79963633 -190.91403287
   -22.65114345]
 [  32.46507218 -405.37706532  405.21331299 -441.29190862  217.82691587
   350.38507266]
 [ 355.32946336 -363.63986785  124.16618726  312.86546606 -382.68866684
   -84.52807865]
 [ -37.89433022  334.22029846  152.06589217 -209.43480033 -209.43588679
  -426.48512426]]","[-798.52856621 -788.06696245 -644.77724398 -546.99283971 -373.66344693
 -357.42739205 -210.51869372 -133.72308109  -67.78966866  -62.63469769
   65.62586219   84.14780494  112.28141626  124.8524618   155.29082897
  157.13249127  180.98690079  254.78899623  758.53135887 1021.09575804]","[[1. 1. 1. 1. 1. 1.]
 [1. 1. 1. 1. 1. 1.]
 [1. 1. 1. 1. 1. 1.]
 [1. 1. 1. 1. 1. 1.]
 [1. 1. 1. 1. 1. 1.]
 [1. 1. 1. 1. 1. 1.]
 [1. 1. 1. 1. 1. 1.]
 [1. 1. 1. 1. 1. 1.]
 [1. 1. 1. 1. 1. 1.]
 [1. 1. 1. 1. 1. 1.]
 [1. 1. 1. 1. 1. 1.]
 [1. 1. 1. 1. 1. 1.]
 [1. 1. 1. 1. 1. 1.]
 [1. 1. 1. 1. 1. 1.]
 [1. 1. 1. 1. 1. 1.]
 [1. 1. 1. 1. 1. 1.]
 [1. 1. 1. 1. 1. 1.]
 [1. 1. 1. 1. 1. 1.]
 [1. 1. 1. 1. 1. 1.]
 [1. 1. 1. 1. 1. 1.]]"
1,2,"[[-331.239078    -35.01430577  395.96022016 -293.76091147  410.7521678
  -171.52602259]
 [ 442.90211793  159.57071074  445.1216633    -7.97343355 -318.80850765
  -270.14640136]
 [ 217.31294632 -105.39773349 -112.14758429   87.09081888  409.88043491
  -306.59802608]
 [-332.04950508   29.83462016 -299.11705387  359.33109845  411.05772947
    75.38564642]
 [-311.23270121  -34.5470972   397.36787939 -337.75063864 -177.64466773
   200.53038035]
 [-253.62974976  158.59885407  396.52553588 -292.72104684 -318.03701986
  -171.67255264]
 [-310.69968438 -271.93615007 -178.71677621 -341.17851974  185.15266992
   202.59003551]
 [-253.30343669  238.22384526  392.0825653  -293.53283656  465.55752331
  -172.0209885 ]
 [-255.75471323  -34.92885037  395.02654867 -290.71671845  374.5952993
  -171.60945345]
 [-334.62387621  158.5441706   247.65048093  193.02424852 -318.79021672
  -268.7552915 ]
 [ 217.74025925 -401.06431256  399.18048744  190.35624065 -318.6944754
  -269.25602948]
 [-253.47993709  -34.77806162  396.40183118 -292.29292559  373.99666884
  -171.687979  ]
 [-333.47417728  158.87139197  437.79713568  193.58314865 -191.77392008
  -268.79320947]
 [ 242.40760367 -272.01171901 -275.91471494 -229.457942    184.02312762
  -278.47504298]
 [-252.62459417  -34.7381817   388.51698371 -290.8588327   371.66869537
  -171.5588664 ]
 [-333.82087968  158.46219676  246.01927407  169.91997808 -320.42617904
  -269.19992759]
 [ 242.4505577  -272.06888853 -277.18610931  125.12178561  185.29190076
   186.6065768 ]
 [ 243.71676386 -272.23569163 -276.5164126   127.88800195  185.20688328
   187.45893354]
 [ 241.6682083   158.41399228 -277.93400944  125.65128485 -317.93267336
   186.661655  ]
 [ 244.3551283  -213.01209003  389.37730444  227.70047954  185.93993422
  -497.93567161]]","[-1166.25817171 -1161.07131876 -1070.57972922  -967.99351859
  -887.15392304  -876.85885502  -842.83228221  -823.84210691
  -799.35172969  -798.52856621  -788.8729815   -788.06696245
  -750.01391058  -706.37002247  -705.96716037  -702.26721214
  -653.01835446  -644.77724398  -584.3748127   -581.61703918]","[[1.45857475 0.41422309 1.62008461 2.50276988 1.05799507 0.70566432]
 [1.45857475 0.41422309 1.62008461 2.50276988 1.05799507 0.70566432]
 [1.45857475 0.41422309 1.62008461 2.50276988 1.05799507 0.70566432]
 [1.45857475 0.41422309 1.62008461 2.50276988 1.05799507 0.70566432]
 [1.45857475 0.41422309 1.62008461 2.50276988 1.05799507 0.70566432]
 [1.45857475 0.41422309 1.62008461 2.50276988 1.05799507 0.70566432]
 [1.45857475 0.41422309 1.62008461 2.50276988 1.05799507 0.70566432]
 [1.45857475 0.41422309 1.62008461 2.50276988 1.05799507 0.70566432]
 [1.45857475 0.41422309 1.62008461 2.50276988 1.05799507 0.70566432]
 [1.         1.         1.         1.         1.         1.        ]
 [1.45857475 0.41422309 1.62008461 2.50276988 1.05799507 0.70566432]
 [1.         1.         1.         1.         1.         1.        ]
 [1.45857475 0.41422309 1.62008461 2.50276988 1.05799507 0.70566432]
 [1.45857475 0.41422309 1.62008461 2.50276988 1.05799507 0.70566432]
 [1.45857475 0.41422309 1.62008461 2.50276988 1.05799507 0.70566432]
 [1.45857475 0.41422309 1.62008461 2.50276988 1.05799507 0.70566432]
 [1.45857475 0.41422309 1.62008461 2.50276988 1.05799507 0.70566432]
 [1.         1.         1.         1.         1.         1.        ]
 [1.45857475 0.41422309 1.62008461 2.50276988 1.05799507 0.70566432]
 [1.45857475 0.41422309 1.62008461 2.50276988 1.05799507 0.70566432]]"
2,3,"[[-309.65662583 -105.64787045  398.22490514 -337.66330549  408.23466533
  -307.19067109]
 [ 216.01988122 -105.27745535 -113.63731709 -302.423221    408.69722726
  -306.3119876 ]
 [-250.32118777  -34.59333507  391.07716269 -291.719103    409.67347638
  -306.30026648]
 [-309.39400609 -271.93402075  388.98373931  218.61676429  182.11268965
   201.88347441]
 [ 215.75495656 -105.3143228   396.59407775   96.58350839  410.4670002
  -306.13830888]
 [ 215.13472228  159.78727236  402.27882444  199.68335865 -318.85534019
  -269.64953168]
 [ 441.86509246  159.61863949  445.97735061   76.45427557 -319.42857814
  -270.89565624]
 [-336.12265817  158.52164415  437.19409996  207.62785053 -319.80292097
  -269.52692881]
 [-330.79200952  159.08948016  397.68801104 -303.45161715  412.85443886
  -171.00325878]
 [ 441.2492879   -35.23228804  395.27310955 -294.97084944 -318.71550144
  -172.45952448]
 [-331.06764619  -34.89424863  396.36231789 -299.74147144  410.61163728
  -171.15805117]
 [-253.63077038  158.82125456  438.4929412  -292.36028943 -316.38369408
  -269.20514427]
 [-334.14999431  158.61282024  438.68405183  190.16544396 -320.60542547
  -268.23937863]
 [-330.78921846  -34.62368409  397.45124539 -288.62888302  411.72620401
  -171.52754106]
 [-331.239078    -35.01430577  395.96022016 -293.76091147  410.7521678
  -171.52602259]
 [ 442.90211793  159.57071074  445.1216633    -7.97343355 -318.80850765
  -270.14640136]
 [ 242.67003726 -271.67147716  434.0284364   195.32485749  184.71261262
  -269.43835414]
 [ 442.46128018  159.9551776   390.81605706  -19.49294775 -319.18021053
  -499.3891366 ]
 [-254.83807638  158.32179689  395.29566515 -289.94402443 -318.15311344
  -267.8790913 ]
 [-252.58867982  158.65088633  398.10257838 -286.52189188 -316.41247688
   186.94315143]]","[-1580.39623884 -1367.85041069 -1342.23486355 -1305.80593698
 -1275.19737355 -1216.62018783 -1214.86550458 -1194.34219178
 -1191.41567856 -1187.54294625 -1180.56849488 -1178.41547598
 -1169.48039423 -1166.64721229 -1166.25817171 -1161.07131876
 -1144.56924495 -1143.70005894 -1121.18844575 -1118.83232353]","[[2.12744031 0.17158077 2.62467415 6.26385708 1.11935356 0.49796214]
 [2.12744031 0.17158077 2.62467415 6.26385708 1.11935356 0.49796214]
 [2.12744031 0.17158077 2.62467415 6.26385708 1.11935356 0.49796214]
 [2.12744031 0.17158077 2.62467415 6.26385708 1.11935356 0.49796214]
 [2.12744031 0.17158077 2.62467415 6.26385708 1.11935356 0.49796214]
 [2.12744031 0.17158077 2.62467415 6.26385708 1.11935356 0.49796214]
 [1.79300753 0.29290193 2.12237938 4.38331348 1.08867431 0.60181323]
 [2.12744031 0.17158077 2.62467415 6.26385708 1.11935356 0.49796214]
 [2.12744031 0.17158077 2.62467415 6.26385708 1.11935356 0.49796214]
 [2.12744031 0.17158077 2.62467415 6.26385708 1.11935356 0.49796214]
 [2.12744031 0.17158077 2.62467415 6.26385708 1.11935356 0.49796214]
 [2.12744031 0.17158077 2.62467415 6.26385708 1.11935356 0.49796214]
 [1.79300753 0.29290193 2.12237938 4.38331348 1.08867431 0.60181323]
 [2.12744031 0.17158077 2.62467415 6.26385708 1.11935356 0.49796214]
 [1.45857475 0.41422309 1.62008461 2.50276988 1.05799507 0.70566432]
 [1.45857475 0.41422309 1.62008461 2.50276988 1.05799507 0.70566432]
 [1.79300753 0.29290193 2.12237938 4.38331348 1.08867431 0.60181323]
 [2.12744031 0.17158077 2.62467415 6.26385708 1.11935356 0.49796214]
 [2.12744031 0.17158077 2.62467415 6.26385708 1.11935356 0.49796214]
 [2.12744031 0.17158077 2.62467415 6.26385708 1.11935356 0.49796214]]"
3,4,"[[-311.26429024 -271.78843684  431.85064507 -309.02188817  409.20711834
  -269.14393223]
 [ 218.57906935 -271.71711282  429.32720369  197.83142598  410.95942589
  -305.70285533]
 [ 441.07010101 -105.25280139  394.93807361 -335.18386416  406.8742355
  -305.5281659 ]
 [ 438.34572476  159.72839791  441.67520894 -294.1720178   410.78835841
  -270.8130801 ]
 [-309.65662583 -105.64787045  398.22490514 -337.66330549  408.23466533
  -307.19067109]
 [ 219.65281009 -105.27485163  396.30552244 -287.28631228  413.65356056
  -306.35278038]
 [-312.97722233  159.04236789  400.3006595  -308.139581    413.68367465
   202.06589222]
 [ 217.68673163 -105.30231453  393.91132599 -287.13913213  408.40359412
  -305.45458041]
 [ 216.92549895  159.75151154  401.75400846 -293.12673315  407.80010292
  -306.60579632]
 [-332.30393196  -34.55137258  398.30465905 -292.24277644  407.96435209
  -305.82386836]
 [-312.15438945 -271.73100086  434.96105965  197.93289609  186.17134024
  -307.10142837]
 [-329.46175505  -35.15510696  395.19460974 -320.53663116  409.97034351
  -306.28968668]
 [-330.16841998  -34.67591688  397.91882886 -324.07349013  410.63973968
  -307.37875993]
 [ 445.85851365 -105.5777499   449.5198911    66.99262177  407.81784279
  -307.04746435]
 [-312.90129725 -105.73350204 -123.2590263  -295.27892828  409.26425482
  -306.13182552]
 [-309.48563764 -105.44273919  442.59977833 -317.20693752 -317.01472154
  -271.44949   ]
 [-307.80247963 -271.87313091  399.23367412 -317.99564705  182.26691314
   201.88657718]
 [-306.33869024 -105.31888033 -107.73400328 -294.39446945  405.34603787
  -306.68703616]
 [-328.65237092  -34.9595037   396.53340175 -306.7699014   410.93149226
  -267.58692909]
 [-328.69579625 -271.53434977  435.78967729 -294.58317273  411.0188199
  -171.32671899]]","[-1755.5361157  -1677.87341549 -1650.33176407 -1640.383802
 -1580.39623884 -1576.50532954 -1570.86082718 -1556.78474858
 -1550.66954621 -1547.62785992 -1532.97856111 -1525.44624541
 -1521.15678495 -1499.63715753 -1484.21392319 -1470.10660016
 -1468.05287911 -1444.23880834 -1442.78307634 -1410.81506053]","[[ 2.85913312  0.09619973  3.84531418 13.3237089   1.1680413   0.38803612]
 [ 3.10303073  0.07107272  4.25219419 15.67699284  1.18427054  0.35139411]
 [ 2.85913312  0.09619973  3.84531418 13.3237089   1.1680413   0.38803612]
 [ 3.10303073  0.07107272  4.25219419 15.67699284  1.18427054  0.35139411]
 [ 2.12744031  0.17158077  2.62467415  6.26385708  1.11935356  0.49796214]
 [ 3.10303073  0.07107272  4.25219419 15.67699284  1.18427054  0.35139411]
 [ 3.10303073  0.07107272  4.25219419 15.67699284  1.18427054  0.35139411]
 [ 2.61523552  0.12132674  3.43843417 10.97042496  1.15181205  0.42467813]
 [ 3.10303073  0.07107272  4.25219419 15.67699284  1.18427054  0.35139411]
 [ 2.61523552  0.12132674  3.43843417 10.97042496  1.15181205  0.42467813]
 [ 2.61523552  0.12132674  3.43843417 10.97042496  1.15181205  0.42467813]
 [ 2.85913312  0.09619973  3.84531418 13.3237089   1.1680413   0.38803612]
 [ 3.10303073  0.07107272  4.25219419 15.67699284  1.18427054  0.35139411]
 [ 3.10303073  0.07107272  4.25219419 15.67699284  1.18427054  0.35139411]
 [ 3.10303073  0.07107272  4.25219419 15.67699284  1.18427054  0.35139411]
 [ 3.10303073  0.07107272  4.25219419 15.67699284  1.18427054  0.35139411]
 [ 3.10303073  0.07107272  4.25219419 15.67699284  1.18427054  0.35139411]
 [ 2.85913312  0.09619973  3.84531418 13.3237089   1.1680413   0.38803612]
 [ 3.10303073  0.07107272  4.25219419 15.67699284  1.18427054  0.35139411]
 [ 2.85913312  0.09619973  3.84531418 13.3237089   1.1680413   0.38803612]]"
4,5,"[[-319.10620902 -271.79740356  431.85637741 -308.03349218  412.32958864
  -306.3287243 ]
 [-324.23678291 -271.6995601   430.93597359 -312.92455235  409.69200564
  -305.68454299]
 [ 440.84872606 -271.84262568  386.92685749 -317.36008817  405.77580058
  -305.57838105]
 [-311.13874252 -271.72244117  393.72339543 -290.50218129  409.84982084
  -306.14048152]
 [-331.1937633  -271.44889497  435.30012576 -316.88237893  411.73732489
  -306.76838705]
 [-317.09248719 -271.55557511  407.75256538 -310.92469341  412.16250774
   201.95643863]
 [-311.26429024 -271.78843684  431.85064507 -309.02188817  409.20711834
  -269.14393223]
 [ 440.25321441 -105.29289474  393.23223909 -288.43199234  405.985066
  -305.67612359]
 [-318.08673971 -271.87713413  400.09290962 -308.99998593  414.41958848
   202.09037096]
 [-312.90671891 -271.79489804  406.46980255 -290.21097252  410.81137438
  -269.5405804 ]
 [ 439.83987167 -105.73689629  436.53228666 -311.06806382  409.70469993
  -270.81431049]
 [-312.50590994 -271.76337448  442.01957208 -270.68754637  406.0415805
  -306.02519399]
 [ 440.29763128 -105.55526862  442.86604167 -331.84322897  409.30304388
  -307.76490217]
 [-307.62814706 -105.69499893  442.9417299  -319.69229978  410.89994384
  -305.26087064]
 [-314.13179415 -105.62070728  400.46208448 -316.69509521  409.03902736
  -307.35278023]
 [-303.4884814  -105.29198114  405.56638734 -327.10399237  413.36431277
  -306.81197337]
 [ 217.96601556 -271.65697559  429.47531331 -327.50870463  408.81298626
  -305.72509915]
 [-303.97137755  159.76011152  406.35841466 -308.86556659  406.51300781
  -306.60245834]
 [ 436.57787282  159.05153652  404.3233497  -306.92609629  413.08766842
   201.8886955 ]
 [ 439.59191048  159.78703817  399.53593293 -323.55882283  407.64149685
  -307.06555282]]","[-1865.9962175  -1827.98973331 -1806.57132465 -1796.25077388
 -1763.55357528 -1762.62249139 -1755.5361157  -1743.77710272
 -1737.41812832 -1734.0105339  -1721.8596347  -1716.1641266
 -1706.38240566 -1705.6046834  -1704.62436567 -1704.29284968
 -1699.94139841 -1691.38730125 -1691.00009836 -1690.76626066]","[[4.17025939e+00 3.98481499e-02 6.22973433e+00 3.33461773e+01
  1.23578193e+00 2.73823246e-01]
 [4.34813083e+00 3.46440554e-02 6.55932435e+00 3.62910414e+01
  1.24436716e+00 2.60894768e-01]
 [4.34813083e+00 3.46440554e-02 6.55932435e+00 3.62910414e+01
  1.24436716e+00 2.60894768e-01]
 [4.17025939e+00 3.98481499e-02 6.22973433e+00 3.33461773e+01
  1.23578193e+00 2.73823246e-01]
 [4.17025939e+00 3.98481499e-02 6.22973433e+00 3.33461773e+01
  1.23578193e+00 2.73823246e-01]
 [4.34813083e+00 3.46440554e-02 6.55932435e+00 3.62910414e+01
  1.24436716e+00 2.60894768e-01]
 [2.85913312e+00 9.61997307e-02 3.84531418e+00 1.33237089e+01
  1.16804130e+00 3.88036120e-01]
 [4.34813083e+00 3.46440554e-02 6.55932435e+00 3.62910414e+01
  1.24436716e+00 2.60894768e-01]
 [4.52600227e+00 2.94399608e-02 6.88891437e+00 3.92359055e+01
  1.25295239e+00 2.47966290e-01]
 [4.34813083e+00 3.46440554e-02 6.55932435e+00 3.62910414e+01
  1.24436716e+00 2.60894768e-01]
 [4.34813083e+00 3.46440554e-02 6.55932435e+00 3.62910414e+01
  1.24436716e+00 2.60894768e-01]
 [4.52600227e+00 2.94399608e-02 6.88891437e+00 3.92359055e+01
  1.25295239e+00 2.47966290e-01]
 [4.17025939e+00 3.98481499e-02 6.22973433e+00 3.33461773e+01
  1.23578193e+00 2.73823246e-01]
 [4.34813083e+00 3.46440554e-02 6.55932435e+00 3.62910414e+01
  1.24436716e+00 2.60894768e-01]
 [4.34813083e+00 3.46440554e-02 6.55932435e+00 3.62910414e+01
  1.24436716e+00 2.60894768e-01]
 [4.52600227e+00 2.94399608e-02 6.88891437e+00 3.92359055e+01
  1.25295239e+00 2.47966290e-01]
 [4.52600227e+00 2.94399608e-02 6.88891437e+00 3.92359055e+01
  1.25295239e+00 2.47966290e-01]
 [4.34813083e+00 3.46440554e-02 6.55932435e+00 3.62910414e+01
  1.24436716e+00 2.60894768e-01]
 [4.52600227e+00 2.94399608e-02 6.88891437e+00 3.92359055e+01
  1.25295239e+00 2.47966290e-01]
 [4.17025939e+00 3.98481499e-02 6.22973433e+00 3.33461773e+01
  1.23578193e+00 2.73823246e-01]]"
5,6,"[[ 434.99086033 -271.85270637  407.37364517 -290.73970492  405.76101545
  -305.55090952]
 [ 447.89374446 -271.75123582  410.96674735 -304.3762018   415.41945946
  -306.21835176]
 [-319.10620902 -271.79740356  431.85637741 -308.03349218  412.32958864
  -306.3287243 ]
 [ 439.05883048 -271.84071824  440.55285595 -326.75150089  407.3931679
  -306.12625888]
 [-324.23678291 -271.6995601   430.93597359 -312.92455235  409.69200564
  -305.68454299]
 [ 448.89015417 -271.80754768  409.11978095 -276.28136531  407.23691937
  -307.2024827 ]
 [ 423.46931098 -105.30575313  392.83089236 -293.37313481  407.64281109
  -305.64968679]
 [ 440.84872606 -271.84262568  386.92685749 -317.36008817  405.77580058
  -305.57838105]
 [-311.13874252 -271.72244117  393.72339543 -290.50218129  409.84982084
  -306.14048152]
 [-315.02481315 -271.83545055  391.50837481 -296.40142732  412.94943947
  -306.06636201]
 [-317.81777235 -271.76567845  393.45499073 -296.4534219   411.38841822
  -305.9440207 ]
 [-296.35193323 -105.69653385  414.16130049 -303.21439678  409.37637552
  -305.34060799]
 [-312.45095541 -271.87944794  439.15950109 -275.88905928  414.378509
  -305.53785848]
 [-327.75193253 -271.44811425  434.9676907  -313.06754086  406.2427934
  -306.39050186]
 [-314.1459134  -271.790414    423.54676123 -334.02297682  411.49265698
  -306.78244763]
 [ 441.17312599 -105.55428229  446.2037553  -290.80140114  408.38821172
  -307.37984515]
 [-331.1937633  -271.44889497  435.30012576 -316.88237893  411.73732489
  -306.76838705]
 [-320.46996463 -271.55492784  408.24502336 -298.90704257  414.93799888
   201.89358337]
 [-317.09248719 -271.55557511  407.75256538 -310.92469341  412.16250774
   201.95643863]
 [-312.34457591 -105.28351286  427.65045984 -317.875763    413.17110309
  -306.10349797]]","[-1954.40101594 -1940.83201381 -1865.9962175  -1863.51801067
 -1827.98973331 -1827.7358224  -1806.78301039 -1806.57132465
 -1796.25077388 -1793.08723245 -1792.3481948  -1790.98428657
 -1786.43655849 -1782.46491786 -1779.57547597 -1767.95390146
 -1763.55357528 -1763.00552825 -1762.62249139 -1761.03903264]","[[6.47179325e+00 1.32725397e-02 1.08936423e+01 9.45132840e+01
  1.32107588e+00 1.79542547e-01]
 [6.34207385e+00 1.43503678e-02 1.06266604e+01 9.08281255e+01
  1.31653431e+00 1.84104130e-01]
 [4.17025939e+00 3.98481499e-02 6.22973433e+00 3.33461773e+01
  1.23578193e+00 2.73823246e-01]
 [6.34207385e+00 1.43503678e-02 1.06266604e+01 9.08281255e+01
  1.31653431e+00 1.84104130e-01]
 [4.34813083e+00 3.46440554e-02 6.55932435e+00 3.62910414e+01
  1.24436716e+00 2.60894768e-01]
 [6.21235445e+00 1.54281958e-02 1.03596786e+01 8.71429669e+01
  1.31199275e+00 1.88665712e-01]
 [6.34207385e+00 1.43503678e-02 1.06266604e+01 9.08281255e+01
  1.31653431e+00 1.84104130e-01]
 [4.34813083e+00 3.46440554e-02 6.55932435e+00 3.62910414e+01
  1.24436716e+00 2.60894768e-01]
 [4.17025939e+00 3.98481499e-02 6.22973433e+00 3.33461773e+01
  1.23578193e+00 2.73823246e-01]
 [5.12644722e+00 2.81770869e-02 8.16121552e+00 5.84019928e+01
  1.27161655e+00 2.33525271e-01]
 [6.47179325e+00 1.32725397e-02 1.08936423e+01 9.45132840e+01
  1.32107588e+00 1.79542547e-01]
 [6.47179325e+00 1.32725397e-02 1.08936423e+01 9.45132840e+01
  1.32107588e+00 1.79542547e-01]
 [6.08263506e+00 1.65060239e-02 1.00926967e+01 8.34578083e+01
  1.30745118e+00 1.93227295e-01]
 [6.47179325e+00 1.32725397e-02 1.08936423e+01 9.45132840e+01
  1.32107588e+00 1.79542547e-01]
 [6.34207385e+00 1.43503678e-02 1.06266604e+01 9.08281255e+01
  1.31653431e+00 1.84104130e-01]
 [6.60151265e+00 1.21947116e-02 1.11606242e+01 9.81984426e+01
  1.32561745e+00 1.74980964e-01]
 [4.17025939e+00 3.98481499e-02 6.22973433e+00 3.33461773e+01
  1.23578193e+00 2.73823246e-01]
 [6.60151265e+00 1.21947116e-02 1.11606242e+01 9.81984426e+01
  1.32561745e+00 1.74980964e-01]
 [4.34813083e+00 3.46440554e-02 6.55932435e+00 3.62910414e+01
  1.24436716e+00 2.60894768e-01]
 [6.47179325e+00 1.32725397e-02 1.08936423e+01 9.45132840e+01
  1.32107588e+00 1.79542547e-01]]"
6,7,"[[ 434.99086033 -271.85270637  431.85637741 -290.73970492  405.76101545
  -306.3287243 ]
 [ 434.99086033 -271.85270637  407.37364517 -290.73970492  405.76101545
  -305.55090952]
 [ 439.05883048 -271.84071824  435.30012576 -316.88237893  411.73732489
  -306.12625888]
 [ 447.89374446 -271.75123582  410.96674735 -304.3762018   415.41945946
  -305.55090952]
 [ 440.84872606 -271.790414    423.54676123 -317.36008817  405.77580058
  -305.57838105]
 [ 447.89374446 -271.75123582  410.96674735 -304.3762018   415.41945946
  -306.21835176]
 [ 438.84675248 -271.45040826  440.3827296  -321.55112888  407.80710536
  -306.78555192]
 [-315.58341649 -271.55663049  420.75805231 -295.44760655  411.45789898
  -306.71127915]
 [-312.34457591 -271.75123582  410.96674735 -317.875763    415.41945946
  -306.21835176]
 [ 422.60551032 -105.30402312  419.575372   -284.32415832  407.54839044
  -307.07993826]
 [-319.10620902 -271.84262568  431.85637741 -308.03349218  412.32958864
  -305.57838105]
 [-319.10620902 -271.79740356  431.85637741 -308.03349218  412.32958864
  -306.3287243 ]
 [ 439.05883048 -271.84071824  440.55285595 -326.75150089  407.3931679
  -306.12625888]
 [ 428.83532415 -271.88644285  421.38425329 -264.32390715  406.64921763
  -305.46691689]
 [-312.45095541 -271.87944794  439.15950109 -312.92455235  409.69200564
  -305.68454299]
 [-324.23678291 -271.75123582  410.96674735 -312.92455235  415.41945946
  -305.68454299]
 [-324.23678291 -271.6995601   430.93597359 -312.92455235  409.69200564
  -305.68454299]
 [ 448.89015417 -271.80754768  409.11978095 -276.28136531  407.23691937
  -307.2024827 ]
 [-324.38058915 -271.52355221  406.61804844 -298.32573081  410.2060654
  -305.81509189]
 [-327.75193253 -271.44811425  434.9676907  -296.40142732  412.94943947
  -306.39050186]]","[-1961.77810219 -1954.40101594 -1944.19500148 -1941.40060225
 -1941.23447258 -1940.83201381 -1890.55175434 -1887.50251867
 -1870.21534935 -1870.05769468 -1866.9455864  -1865.9962175
 -1863.51801067 -1852.68736531 -1846.33362084 -1840.34252246
 -1827.98973331 -1827.7358224  -1825.76066031 -1810.6352733 ]","[[9.34499152e+00 5.72102307e-03 1.74323556e+01 2.31933449e+02
  1.39528928e+00 1.28306243e-01]
 [6.47179325e+00 1.32725397e-02 1.08936423e+01 9.45132840e+01
  1.32107588e+00 1.79542547e-01]
 [9.34499152e+00 5.72102307e-03 1.74323556e+01 2.31933449e+02
  1.39528928e+00 1.28306243e-01]
 [9.34499152e+00 5.72102307e-03 1.74323556e+01 2.31933449e+02
  1.39528928e+00 1.28306243e-01]
 [6.77997077e+00 1.40888120e-02 1.16572782e+01 1.14812279e+02
  1.32640761e+00 1.79008874e-01]
 [6.34207385e+00 1.43503678e-02 1.06266604e+01 9.08281255e+01
  1.31653431e+00 1.84104130e-01]
 [7.85571737e+00 1.07786775e-02 1.40869261e+01 1.64612956e+02
  1.35497395e+00 1.58352559e-01]
 [9.53419696e+00 5.27456180e-03 1.78648888e+01 2.41156553e+02
  1.40009424e+00 1.25087297e-01]
 [9.34499152e+00 5.72102307e-03 1.74323556e+01 2.31933449e+02
  1.39528928e+00 1.28306243e-01]
 [6.34207385e+00 1.43503678e-02 1.06266604e+01 9.08281255e+01
  1.31653431e+00 1.84104130e-01]
 [8.55305309e+00 8.36146562e-03 1.56515076e+01 1.95967427e+02
  1.37393038e+00 1.44134138e-01]
 [4.17025939e+00 3.98481499e-02 6.22973433e+00 3.33461773e+01
  1.23578193e+00 2.73823246e-01]
 [6.34207385e+00 1.43503678e-02 1.06266604e+01 9.08281255e+01
  1.31653431e+00 1.84104130e-01]
 [9.43959424e+00 5.49779244e-03 1.76486222e+01 2.36545001e+02
  1.39769176e+00 1.26696770e-01]
 [9.34499152e+00 5.72102307e-03 1.74323556e+01 2.31933449e+02
  1.39528928e+00 1.28306243e-01]
 [7.98543677e+00 9.70084946e-03 1.43539079e+01 1.68298115e+02
  1.35951551e+00 1.53790977e-01]
 [4.34813083e+00 3.46440554e-02 6.55932435e+00 3.62910414e+01
  1.24436716e+00 2.60894768e-01]
 [6.21235445e+00 1.54281958e-02 1.03596786e+01 8.71429669e+01
  1.31199275e+00 1.88665712e-01]
 [6.21235445e+00 1.54281958e-02 1.03596786e+01 8.71429669e+01
  1.31199275e+00 1.88665712e-01]
 [9.53419696e+00 5.27456180e-03 1.78648888e+01 2.41156553e+02
  1.40009424e+00 1.25087297e-01]]"
7,8,"[[ 422.60551032 -271.55663049  420.75805231 -295.44760655  411.45789898
  -306.71127915]
 [ 420.58240057 -271.5465371   424.27213708 -301.77475503  409.11395649
  -307.02580543]
 [ 440.84872606 -271.790414    423.54676123 -304.3762018   415.41945946
  -305.57838105]
 [ 434.99086033 -271.75123582  431.85637741 -290.73970492  415.41945946
  -305.55090952]
 [ 422.60551032 -271.52355221  419.575372   -284.32415832  407.54839044
  -307.07993826]
 [ 439.05883048 -271.84071824  435.30012576 -298.32573081  410.2060654
  -306.12625888]
 [ 434.99086033 -271.85270637  431.85637741 -290.73970492  405.76101545
  -306.3287243 ]
 [ 434.99086033 -271.85270637  407.37364517 -290.73970492  405.76101545
  -305.55090952]
 [ 438.84675248 -271.45040826  440.3827296  -304.3762018   415.41945946
  -306.21835176]
 [ 427.5931584  -271.80032248  406.9367783  -284.55574592  405.90169473
  -305.53300362]
 [ 447.89374446 -271.55663049  420.75805231 -295.44760655  415.41945946
  -306.71127915]
 [ 439.05883048 -271.84071824  435.30012576 -316.88237893  411.73732489
  -306.12625888]
 [ 447.89374446 -271.75123582  410.96674735 -304.3762018   415.41945946
  -305.55090952]
 [ 447.89374446 -271.75123582  410.96674735 -304.3762018   415.41945946
  -305.55090952]
 [ 440.84872606 -271.790414    423.54676123 -317.36008817  405.77580058
  -305.57838105]
 [ 440.84872606 -271.790414    423.54676123 -317.36008817  405.77580058
  -305.57838105]
 [ 440.84872606 -271.75123582  423.54676123 -317.36008817  405.77580058
  -305.57838105]
 [ 447.89374446 -271.75123582  410.96674735 -304.3762018   415.41945946
  -306.21835176]
 [ 447.89374446 -271.75123582  410.96674735 -304.3762018   415.41945946
  -306.21835176]
 [ 447.89374446 -271.75123582  410.96674735 -304.3762018   412.32958864
  -306.3287243 ]]","[-2027.09216458 -2025.64569487 -1993.21185611 -1986.58520766
 -1980.87397123 -1964.09934674 -1961.77810219 -1954.40101594
 -1953.53961506 -1950.00867369 -1945.69935241 -1944.19500148
 -1941.40060225 -1941.40060225 -1941.23447258 -1941.23447258
 -1940.97684483 -1940.83201381 -1940.83201381 -1935.2475987 ]","[[1.36303687e+01 2.36977987e-03 2.82418911e+01 5.80476050e+02
  1.47620918e+00 9.05411380e-02]
 [7.79623133e+00 1.01473107e-02 1.39213747e+01 1.59075011e+02
  1.35471056e+00 1.57009923e-01]
 [1.37683538e+01 2.27731259e-03 2.85922613e+01 5.92017703e+02
  1.47875099e+00 8.94053902e-02]
 [7.57190921e+00 1.14483695e-02 1.34381263e+01 1.50778301e+02
  1.34776652e+00 1.63180979e-01]
 [1.36303687e+01 2.36977987e-03 2.82418911e+01 5.80476050e+02
  1.47620918e+00 9.05411380e-02]
 [1.25442599e+01 3.41727851e-03 2.55319516e+01 4.96232200e+02
  1.45488247e+00 1.01142445e-01]
 [9.34499152e+00 5.72102307e-03 1.74323556e+01 2.31933449e+02
  1.39528928e+00 1.28306243e-01]
 [6.47179325e+00 1.32725397e-02 1.08936423e+01 9.45132840e+01
  1.32107588e+00 1.79542547e-01]
 [1.17597315e+01 4.10284557e-03 2.35638340e+01 4.33912381e+02
  1.43977094e+00 1.08430657e-01]
 [1.14147686e+01 4.33401379e-03 2.26879086e+01 4.05058248e+02
  1.43341642e+00 1.11270026e-01]
 [1.36303687e+01 2.36977987e-03 2.82418911e+01 5.80476050e+02
  1.47620918e+00 9.05411380e-02]
 [9.34499152e+00 5.72102307e-03 1.74323556e+01 2.31933449e+02
  1.39528928e+00 1.28306243e-01]
 [1.16473565e+01 4.01831586e-03 2.32545454e+01 4.21211453e+02
  1.43836071e+00 1.08524805e-01]
 [9.34499152e+00 5.72102307e-03 1.74323556e+01 2.31933449e+02
  1.39528928e+00 1.28306243e-01]
 [6.77997077e+00 1.40888120e-02 1.16572782e+01 1.14812279e+02
  1.32640761e+00 1.79008874e-01]
 [1.02596672e+01 5.42774607e-03 1.98027840e+01 3.15043571e+02
  1.41081880e+00 1.22439207e-01]
 [7.57190921e+00 1.14483695e-02 1.34381263e+01 1.50778301e+02
  1.34776652e+00 1.63180979e-01]
 [1.31908031e+01 2.82417872e-03 2.71496990e+01 5.47010365e+02
  1.46745218e+00 9.49899806e-02]
 [6.34207385e+00 1.43503678e-02 1.06266604e+01 9.08281255e+01
  1.31653431e+00 1.84104130e-01]
 [1.37683538e+01 2.27731259e-03 2.85922613e+01 5.92017703e+02
  1.47875099e+00 8.94053902e-02]]"
8,9,"[[ 422.20861258 -271.85459692  436.5782196   428.09336484  405.23299509
  -305.64877504]
 [ 424.66981751 -271.80041801  425.29765698  394.17021263  411.08810664
  -305.49485544]
 [ 433.99593295 -271.84271497  397.5173536   410.81259663  408.9070617
  -306.14710935]
 [ 422.60551032 -271.84071824  420.75805231 -298.32573081  411.45789898
  -306.12625888]
 [ 420.58240057 -271.55663049  424.27213708 -301.77475503  411.45789898
  -306.71127915]
 [ 422.60551032 -271.84071824  419.575372   -298.32573081  410.2060654
  -307.07993826]
 [ 420.58240057 -271.85270637  424.27213708 -301.77475503  409.11395649
  -307.02580543]
 [ 422.60551032 -271.55663049  420.75805231 -295.44760655  411.45789898
  -306.71127915]
 [ 420.58240057 -271.5465371   424.27213708 -301.77475503  409.11395649
  -307.02580543]
 [ 420.58240057 -271.5465371   410.96674735 -304.3762018   412.32958864
  -306.3287243 ]
 [ 422.60551032 -271.75123582  410.96674735 -295.44760655  411.45789898
  -306.21835176]
 [ 422.60551032 -271.52355221  420.75805231 -295.44760655  407.54839044
  -307.07993826]
 [ 434.99086033 -271.75123582  410.96674735 -304.3762018   415.41945946
  -306.21835176]
 [ 439.05883048 -271.84071824  420.75805231 -295.44760655  415.41945946
  -306.71127915]
 [ 440.84872606 -271.790414    423.54676123 -304.3762018   415.41945946
  -305.57838105]
 [ 440.84872606 -271.790414    423.54676123 -304.3762018   415.41945946
  -305.57838105]
 [ 434.99086033 -271.5465371   424.27213708 -301.77475503  405.76101545
  -307.02580543]
 [ 439.05883048 -271.55663049  420.75805231 -298.32573081  410.2060654
  -306.71127915]
 [ 434.99086033 -271.75123582  431.85637741 -290.73970492  415.41945946
  -305.55090952]
 [ 434.99086033 -271.75123582  431.85637741 -290.73970492  415.41945946
  -305.55090952]]","[-2098.61485535 -2063.47811085 -2046.70922584 -2033.61253072
 -2032.26517038 -2029.23699221 -2027.66210551 -2027.09216458
 -2025.64569487 -2023.05896796 -2016.36195727 -2015.38281593
 -2005.31050122 -1995.83832613 -1993.21185611 -1993.21185611
 -1989.81804917 -1987.43999206 -1986.58520766 -1986.58520766]","[[1.47608838e+01 3.22055395e-03 3.19852524e+01 8.59114539e+02
  1.48110150e+00 9.48934819e-02]
 [1.95603421e+01 1.07572880e-03 4.48695313e+01 1.41091952e+03
  1.55718960e+00 6.54613456e-02]
 [1.69885401e+01 1.66447922e-03 3.76743311e+01 1.05419534e+03
  1.52177853e+00 7.65820833e-02]
 [1.64350706e+01 1.76980996e-03 3.61133503e+01 9.74758558e+02
  1.51438317e+00 7.87860892e-02]
 [1.68562710e+01 1.65654767e-03 3.72818868e+01 1.03108006e+03
  1.52036021e+00 7.68156661e-02]
 [1.48850029e+01 3.40876441e-03 3.23200151e+01 8.70073344e+02
  1.48257737e+00 9.51059132e-02]
 [1.85353567e+01 1.30389734e-03 4.19981068e+01 1.26793971e+03
  1.54314489e+00 6.98361387e-02]
 [1.36303687e+01 2.36977987e-03 2.82418911e+01 5.80476050e+02
  1.47620918e+00 9.05411380e-02]
 [7.79623133e+00 1.01473107e-02 1.39213747e+01 1.59075011e+02
  1.35471056e+00 1.57009923e-01]
 [1.74227016e+01 1.61495765e-03 3.89182194e+01 1.12063977e+03
  1.52723068e+00 7.51463155e-02]
 [1.99815425e+01 9.62466505e-04 4.60380678e+01 1.46724103e+03
  1.56316664e+00 6.34909225e-02]
 [1.54625536e+01 2.86189827e-03 3.37625774e+01 9.15080682e+02
  1.49387618e+00 8.95213229e-02]
 [1.74227016e+01 1.61495765e-03 3.89182194e+01 1.12063977e+03
  1.52723068e+00 7.51463155e-02]
 [1.59635547e+01 1.89264777e-03 3.48029065e+01 9.11215527e+02
  1.50773382e+00 8.09568764e-02]
 [1.37683538e+01 2.27731259e-03 2.85922613e+01 5.92017703e+02
  1.47875099e+00 8.94053902e-02]
 [1.67556402e+01 1.67569871e-03 3.69980721e+01 1.01663701e+03
  1.51901560e+00 7.72163944e-02]
 [1.77245941e+01 1.55750453e-03 3.97696634e+01 1.16396892e+03
  1.53126451e+00 7.39441304e-02]
 [1.77245941e+01 1.55750453e-03 3.97696634e+01 1.16396892e+03
  1.53126451e+00 7.39441304e-02]
 [7.57190921e+00 1.14483695e-02 1.34381263e+01 1.50778301e+02
  1.34776652e+00 1.63180979e-01]
 [1.23372822e+01 3.55597944e-03 2.50063963e+01 4.78919720e+02
  1.45106975e+00 1.02846066e-01]]"
9,10,"[[ 422.20861258 -271.85459692  423.54676123  428.09336484  415.41945946
  -305.64877504]
 [ 422.60551032 -271.84071824  419.575372    428.09336484  405.23299509
  -305.64877504]
 [ 420.58240057 -271.85459692  424.27213708  428.09336484  405.23299509
  -307.02580543]
 [ 422.20861258 -271.55663049  420.75805231  428.09336484  405.23299509
  -306.71127915]
 [ 424.66981751 -271.85459692  425.29765698  428.09336484  405.23299509
  -305.49485544]
 [ 422.20861258 -271.85459692  436.5782196   428.09336484  411.45789898
  -306.12625888]
 [ 434.99086033 -271.75123582  431.85637741  428.09336484  415.41945946
  -305.64877504]
 [ 434.99086033 -271.75123582  431.85637741  428.09336484  415.41945946
  -305.64877504]
 [ 433.99593295 -271.790414    423.54676123  410.81259663  408.9070617
  -306.14710935]
 [ 434.99086033 -271.75123582  431.85637741  410.81259663  415.41945946
  -305.55090952]
 [ 422.20861258 -271.85459692  436.5782196   428.09336484  405.23299509
  -305.64877504]
 [ 422.20861258 -271.85459692  436.5782196   428.09336484  405.23299509
  -305.64877504]
 [ 434.99086033 -271.84271497  431.85637741  410.81259663  408.9070617
  -306.14710935]
 [ 424.66981751 -271.80041801  425.29765698  394.17021263  411.08810664
  -305.49485544]
 [ 424.66981751 -271.80041801  425.29765698  394.17021263  411.08810664
  -305.49485544]
 [ 424.66981751 -271.85270637  425.29765698  394.17021263  411.08810664
  -307.02580543]
 [ 424.66981751 -271.84071824  419.575372    394.17021263  410.2060654
  -307.07993826]
 [ 424.66981751 -271.52355221  425.29765698  394.17021263  411.08810664
  -307.07993826]
 [ 433.99593295 -271.84271497  397.5173536   410.81259663  408.9070617
  -306.14710935]
 [ 433.99593295 -271.84271497  397.5173536   410.81259663  408.9070617
  -306.14710935]]","[-2155.12748984 -2128.69267695 -2126.63906688 -2126.22038474
 -2125.38969416 -2117.55285486 -2115.84816441 -2115.84816441
 -2112.37625625 -2109.43394404 -2098.61485535 -2098.61485535
 -2095.26631225 -2063.47811085 -2063.47811085 -2062.37164147
 -2062.09317235 -2060.14118761 -2046.70922584 -2046.70922584]","[[2.27472430e+01 8.06134108e-04 5.46863454e+01 2.14319377e+03
  1.59015689e+00 5.80591340e-02]
 [2.50956842e+01 6.79209243e-04 6.20432061e+01 2.72155590e+03
  1.61291835e+00 5.35346589e-02]
 [2.17035805e+01 1.07096078e-03 5.17816431e+01 2.00166465e+03
  1.57551358e+00 6.28014369e-02]
 [1.63775425e+01 3.07708397e-03 3.70660303e+01 1.27747837e+03
  1.49724493e+00 9.11319224e-02]
 [2.47942468e+01 8.62784372e-04 6.13693592e+01 2.73179884e+03
  1.60657665e+00 5.62264376e-02]
 [2.46920458e+01 7.01024454e-04 6.07787457e+01 2.62214991e+03
  1.60900622e+00 5.43123031e-02]
 [1.79787588e+01 2.44471537e-03 4.14768080e+01 1.48934214e+03
  1.52090535e+00 8.25011879e-02]
 [2.46133734e+01 6.70995657e-04 6.04537238e+01 2.57692536e+03
  1.60916692e+00 5.39467365e-02]
 [2.23341523e+01 8.14747880e-04 5.33608468e+01 2.03112010e+03
  1.58652243e+00 5.86481346e-02]
 [1.90396995e+01 2.64114169e-03 4.49056940e+01 1.77536235e+03
  1.52928500e+00 8.22159333e-02]
 [1.47608838e+01 3.22055395e-03 3.19852524e+01 8.59114539e+02
  1.48110150e+00 9.48934819e-02]
 [1.79116256e+01 2.71582237e-03 4.14032528e+01 1.50788587e+03
  1.51798225e+00 8.45961195e-02]
 [2.07053820e+01 1.15782268e-03 4.87865341e+01 1.80148198e+03
  1.56441006e+00 6.54272978e-02]
 [2.35586883e+01 7.41709926e-04 5.71811845e+01 2.32752270e+03
  1.59857546e+00 5.61855329e-02]
 [1.95603421e+01 1.07572880e-03 4.48695313e+01 1.41091952e+03
  1.55718960e+00 6.54613456e-02]
 [2.06394431e+01 1.12847361e-03 4.84480656e+01 1.73959431e+03
  1.56519979e+00 6.48515896e-02]
 [2.34710826e+01 1.00149029e-03 5.74348117e+01 2.47743473e+03
  1.59140030e+00 5.99955093e-02]
 [2.39828015e+01 9.27208554e-04 5.88745201e+01 2.54746992e+03
  1.59815807e+00 5.81000388e-02]
 [2.49122122e+01 6.89125248e-04 6.14684514e+01 2.67637136e+03
  1.61114011e+00 5.38881335e-02]
 [1.69885401e+01 1.66447922e-03 3.76743311e+01 1.05419534e+03
  1.52177853e+00 7.65820833e-02]]"
10,11,"[[ 422.20861258 -271.85459692  423.54676123  428.09336484  415.41945946
  -305.64877504]
 [ 422.20861258 -271.85459692  423.54676123  428.09336484  415.41945946
  -305.64877504]
 [ 422.20861258 -271.85459692  423.54676123  428.09336484  415.41945946
  -305.64877504]
 [ 422.20861258 -271.85459692  423.54676123  428.09336484  415.41945946
  -306.12625888]
 [ 424.66981751 -271.84071824  419.575372    428.09336484  415.41945946
  -305.64877504]
 [ 424.66981751 -271.75123582  425.29765698  428.09336484  415.41945946
  -305.49485544]
 [ 422.20861258 -271.75123582  423.54676123  410.81259663  415.41945946
  -305.64877504]
 [ 422.20861258 -271.80041801  425.29765698  428.09336484  411.08810664
  -305.49485544]
 [ 422.60551032 -271.80041801  425.29765698  428.09336484  411.08810664
  -305.49485544]
 [ 424.66981751 -271.85459692  425.29765698  428.09336484  411.45789898
  -305.49485544]
 [ 424.66981751 -271.85459692  425.29765698  428.09336484  411.08810664
  -305.49485544]
 [ 424.66981751 -271.85459692  425.29765698  428.09336484  411.08810664
  -307.02580543]
 [ 422.20861258 -271.55663049  425.29765698  428.09336484  411.08810664
  -307.07993826]
 [ 422.20861258 -271.85459692  431.85637741  428.09336484  415.41945946
  -305.64877504]
 [ 422.20861258 -271.85459692  431.85637741  428.09336484  415.41945946
  -305.64877504]
 [ 422.60551032 -271.84071824  431.85637741  428.09336484  415.41945946
  -305.64877504]
 [ 422.20861258 -271.75123582  431.85637741  428.09336484  415.41945946
  -305.64877504]
 [ 422.20861258 -271.790414    420.75805231  428.09336484  408.9070617
  -306.71127915]
 [ 422.20861258 -271.790414    423.54676123  428.09336484  408.9070617
  -306.14710935]
 [ 424.66981751 -271.790414    425.29765698  410.81259663  411.08810664
  -305.49485544]]","[-2155.12748984 -2155.12748984 -2155.12748984 -2154.72037475
 -2154.09506744 -2151.50439135 -2147.95775603 -2145.02346154
 -2144.87930442 -2144.73480878 -2143.84362081 -2142.39373102
 -2141.90513972 -2141.03464251 -2141.03464251 -2140.79937466
 -2140.35543569 -2140.28852117 -2140.01337968 -2136.93151474]","[[2.58293475e+01 1.18431056e-03 6.64005645e+01 3.82027891e+03
  1.60102687e+00 6.11626986e-02]
 [3.39963092e+01 3.64534138e-04 9.17373676e+01 5.85402382e+03
  1.68573194e+00 4.11718333e-02]
 [2.27472430e+01 8.06134108e-04 5.46863454e+01 2.14319377e+03
  1.59015689e+00 5.80591340e-02]
 [2.97009590e+01 6.73288462e-04 7.78962225e+01 4.54570073e+03
  1.64574424e+00 4.95942022e-02]
 [3.25424397e+01 4.25755511e-04 8.69358347e+01 5.36476762e+03
  1.67340851e+00 4.33812888e-02]
 [3.09283210e+01 4.61606789e-04 8.14644781e+01 4.75920043e+03
  1.66101186e+00 4.52432216e-02]
 [3.25905282e+01 4.31834043e-04 8.72100086e+01 5.44221291e+03
  1.67299074e+00 4.35844172e-02]
 [3.57923201e+01 3.32707674e-04 9.79484737e+01 6.59357956e+03
  1.69865150e+00 3.93883117e-02]
 [2.90668919e+01 8.07685985e-04 7.61670293e+01 4.48079707e+03
  1.63672887e+00 5.23702218e-02]
 [3.49807088e+01 3.84071195e-04 9.53817040e+01 6.37573098e+03
  1.69084335e+00 4.09991245e-02]
 [3.04716591e+01 5.23425471e-04 8.02295792e+01 4.73773610e+03
  1.65489217e+00 4.68591175e-02]
 [3.08543877e+01 3.89755536e-04 8.06444719e+01 4.44756385e+03
  1.66493852e+00 4.35819978e-02]
 [2.50066575e+01 1.19977779e-03 6.35634390e+01 3.48556287e+03
  1.59504774e+00 6.20025048e-02]
 [2.31544540e+01 1.01174677e-03 5.64272096e+01 2.39428717e+03
  1.58851613e+00 6.05020943e-02]
 [2.87151487e+01 8.05984856e-04 7.48794814e+01 4.29980859e+03
  1.63474437e+00 5.25156160e-02]
 [3.51886513e+01 2.98806948e-04 9.55525338e+01 6.19394576e+03
  1.69680280e+00 3.89871903e-02]
 [3.55724856e+01 3.70728203e-04 9.74026293e+01 6.60639742e+03
  1.69529676e+00 4.03380578e-02]
 [2.82552806e+01 8.59049506e-04 7.36002596e+01 4.26294849e+03
  1.62892072e+00 5.39810346e-02]
 [2.96519996e+01 7.29437851e-04 7.78366396e+01 4.56890607e+03
  1.64419793e+00 5.03333614e-02]
 [3.16562946e+01 4.43616685e-04 8.38906431e+01 5.00970601e+03
  1.66688559e+00 4.43167334e-02]]"
11,12,"[[ 422.20861258 -271.85459692  419.575372    428.09336484  415.41945946
  -305.64877504]
 [ 422.20861258 -271.85459692  423.54676123  428.09336484  415.41945946
  -305.64877504]
 [ 422.20861258 -271.85459692  423.54676123  428.09336484  415.41945946
  -305.64877504]
 [ 422.20861258 -271.85459692  423.54676123  428.09336484  415.41945946
  -305.64877504]
 [ 422.20861258 -271.85459692  423.54676123  428.09336484  415.41945946
  -305.64877504]
 [ 422.20861258 -271.85459692  423.54676123  428.09336484  415.41945946
  -305.64877504]
 [ 422.20861258 -271.85459692  423.54676123  428.09336484  415.41945946
  -305.64877504]
 [ 422.20861258 -271.85459692  423.54676123  428.09336484  415.41945946
  -305.64877504]
 [ 422.20861258 -271.85459692  423.54676123  428.09336484  415.41945946
  -305.64877504]
 [ 422.20861258 -271.85459692  423.54676123  428.09336484  415.41945946
  -305.64877504]
 [ 422.20861258 -271.85459692  423.54676123  428.09336484  415.41945946
  -305.64877504]
 [ 422.20861258 -271.85459692  423.54676123  428.09336484  415.41945946
  -305.64877504]
 [ 422.20861258 -271.85459692  423.54676123  428.09336484  415.41945946
  -305.64877504]
 [ 422.20861258 -271.85459692  423.54676123  428.09336484  415.41945946
  -305.64877504]
 [ 422.20861258 -271.75123582  419.575372    428.09336484  415.41945946
  -305.64877504]
 [ 422.20861258 -271.790414    423.54676123  428.09336484  415.41945946
  -305.49485544]
 [ 422.20861258 -271.85459692  423.54676123  428.09336484  415.41945946
  -306.12625888]
 [ 422.20861258 -271.85459692  423.54676123  428.09336484  415.41945946
  -306.12625888]
 [ 422.20861258 -271.85459692  423.54676123  428.09336484  415.41945946
  -306.12625888]
 [ 422.20861258 -271.790414    420.75805231  428.09336484  415.41945946
  -306.71127915]]","[-2155.7218488  -2155.12748984 -2155.12748984 -2155.12748984
 -2155.12748984 -2155.12748984 -2155.12748984 -2155.12748984
 -2155.12748984 -2155.12748984 -2155.12748984 -2155.12748984
 -2155.12748984 -2155.12748984 -2155.04264198 -2154.82482959
 -2154.72037475 -2154.72037475 -2154.72037475 -2154.554843  ]","[[4.75673938e+01 2.27857093e-04 1.41951221e+02 1.39846065e+04
  1.76658445e+00 3.19917928e-02]
 [4.64536136e+01 2.14945043e-04 1.37410384e+02 1.30140587e+04
  1.76234268e+00 3.20251765e-02]
 [3.39963092e+01 3.64534138e-04 9.17373676e+01 5.85402382e+03
  1.68573194e+00 4.11718333e-02]
 [4.13387326e+01 3.26007263e-04 1.19112700e+02 1.03462539e+04
  1.72768763e+00 3.69572976e-02]
 [2.27472430e+01 8.06134108e-04 5.46863454e+01 2.14319377e+03
  1.59015689e+00 5.80591340e-02]
 [4.47470705e+01 2.31323952e-04 1.31054206e+02 1.19574921e+04
  1.75237301e+00 3.31347984e-02]
 [4.64179081e+01 2.26574230e-04 1.37362120e+02 1.30430975e+04
  1.76152469e+00 3.22859757e-02]
 [4.21397128e+01 3.34209863e-04 1.22354064e+02 1.09879177e+04
  1.73060127e+00 3.70070968e-02]
 [4.34433109e+01 2.47651642e-04 1.25980982e+02 1.09463301e+04
  1.74552411e+00 3.39063288e-02]
 [2.58293475e+01 1.18431056e-03 6.64005645e+01 3.82027891e+03
  1.60102687e+00 6.11626986e-02]
 [3.77873945e+01 3.34240775e-04 1.05996769e+02 8.28916238e+03
  1.70701460e+00 3.89630283e-02]
 [4.68607565e+01 2.29167462e-04 1.39100111e+02 1.33582124e+04
  1.76343003e+00 3.22338332e-02]
 [4.82182733e+01 1.57490465e-04 1.43391268e+02 1.37066022e+04
  1.77627567e+00 2.97191983e-02]
 [4.57346746e+01 2.42427999e-04 1.34966696e+02 1.27063530e+04
  1.75652378e+00 3.30559453e-02]
 [4.66042347e+01 2.28815139e-04 1.38057142e+02 1.31317262e+04
  1.76238023e+00 3.22851329e-02]
 [3.48263168e+01 4.15447515e-04 9.57873279e+01 7.04374129e+03
  1.68496539e+00 4.23616075e-02]
 [4.37480290e+01 3.28033412e-04 1.28752290e+02 1.23402746e+04
  1.73822828e+00 3.63422875e-02]
 [4.84442802e+01 1.57504963e-04 1.44225684e+02 1.38327607e+04
  1.77755618e+00 2.96096946e-02]
 [2.97009590e+01 6.73288462e-04 7.78962225e+01 4.54570073e+03
  1.64574424e+00 4.95942022e-02]
 [3.85467855e+01 3.48990253e-04 1.08807663e+02 8.68459634e+03
  1.71091576e+00 3.88455143e-02]]"
12,13,"[[ 422.20861258 -271.85459692  420.75805231  428.09336484  415.41945946
  -305.64877504]
 [ 422.20861258 -271.85459692  419.575372    428.09336484  415.41945946
  -305.64877504]
 [ 422.20861258 -271.85459692  419.575372    428.09336484  415.41945946
  -305.64877504]
 [ 422.20861258 -271.85459692  419.575372    428.09336484  415.41945946
  -305.64877504]
 [ 422.20861258 -271.85459692  419.575372    428.09336484  415.41945946
  -305.64877504]
 [ 422.20861258 -271.85459692  419.575372    428.09336484  415.41945946
  -305.64877504]
 [ 422.20861258 -271.85459692  419.575372    428.09336484  415.41945946
  -305.64877504]
 [ 422.20861258 -271.85459692  419.575372    428.09336484  415.41945946
  -305.64877504]
 [ 422.20861258 -271.85459692  419.575372    428.09336484  415.41945946
  -305.64877504]
 [ 422.20861258 -271.790414    420.75805231  428.09336484  415.41945946
  -305.64877504]
 [ 422.20861258 -271.85459692  423.54676123  428.09336484  415.41945946
  -305.64877504]
 [ 422.20861258 -271.85459692  423.54676123  428.09336484  415.41945946
  -305.64877504]
 [ 422.20861258 -271.85459692  423.54676123  428.09336484  415.41945946
  -305.64877504]
 [ 422.20861258 -271.85459692  423.54676123  428.09336484  415.41945946
  -305.64877504]
 [ 422.20861258 -271.85459692  423.54676123  428.09336484  415.41945946
  -305.64877504]
 [ 422.20861258 -271.85459692  423.54676123  428.09336484  415.41945946
  -305.64877504]
 [ 422.20861258 -271.85459692  423.54676123  428.09336484  415.41945946
  -305.64877504]
 [ 422.20861258 -271.85459692  423.54676123  428.09336484  415.41945946
  -305.64877504]
 [ 422.20861258 -271.85459692  423.54676123  428.09336484  415.41945946
  -305.64877504]
 [ 422.20861258 -271.85459692  423.54676123  428.09336484  415.41945946
  -305.64877504]]","[-2155.96107677 -2155.7218488  -2155.7218488  -2155.7218488
 -2155.7218488  -2155.7218488  -2155.7218488  -2155.7218488
 -2155.7218488  -2155.53949771 -2155.12748984 -2155.12748984
 -2155.12748984 -2155.12748984 -2155.12748984 -2155.12748984
 -2155.12748984 -2155.12748984 -2155.12748984 -2155.12748984]","[[4.63948869e+01 3.14509515e-04 1.39649134e+02 1.51535725e+04
  1.74994578e+00 3.53275766e-02]
 [5.74265527e+01 1.23409090e-04 1.80470600e+02 2.22890628e+04
  1.81874904e+00 2.62177695e-02]
 [5.95733514e+01 1.33507205e-04 1.90268762e+02 2.55306976e+04
  1.82419267e+00 2.63196706e-02]
 [5.19190792e+01 1.99580778e-04 1.61127159e+02 1.99920688e+04
  1.78151190e+00 3.09323823e-02]
 [6.54222604e+01 1.16410556e-04 2.14098462e+02 3.12502407e+04
  1.85000262e+00 2.43450274e-02]
 [6.07451577e+01 1.20189772e-04 1.94298261e+02 2.58311986e+04
  1.83207121e+00 2.53969693e-02]
 [6.86781798e+01 9.45820921e-05 2.26818621e+02 3.39329703e+04
  1.86681361e+00 2.26789666e-02]
 [6.45383589e+01 1.15849369e-04 2.10454253e+02 3.04058594e+04
  1.84651947e+00 2.45137504e-02]
 [4.75673938e+01 2.27857093e-04 1.41951221e+02 1.39846065e+04
  1.76658445e+00 3.19917928e-02]
 [5.66979644e+01 1.43438736e-04 1.78605951e+02 2.27680711e+04
  1.81126651e+00 2.73494748e-02]
 [2.27472430e+01 8.06134108e-04 5.46863454e+01 2.14319377e+03
  1.59015689e+00 5.80591340e-02]
 [5.55385684e+01 1.83963415e-04 1.74407460e+02 2.19740185e+04
  1.80286958e+00 2.87979418e-02]
 [5.87521141e+01 1.36253615e-04 1.86920522e+02 2.47149705e+04
  1.82053928e+00 2.66097382e-02]
 [5.35273169e+01 2.92476226e-04 1.68773761e+02 2.22807655e+04
  1.78145808e+00 3.28679006e-02]
 [6.48381156e+01 1.14711703e-04 2.11472821e+02 3.04472723e+04
  1.84846131e+00 2.43274566e-02]
 [5.28248971e+01 2.92674649e-04 1.65619392e+02 2.12134839e+04
  1.77923406e+00 3.29714004e-02]
 [5.29562630e+01 1.55269101e-04 1.63453655e+02 1.91873647e+04
  1.79434905e+00 2.86939470e-02]
 [4.84941625e+01 2.34899189e-04 1.48593055e+02 1.81243942e+04
  1.76070754e+00 3.33078576e-02]
 [6.49069188e+01 1.16681949e-04 2.11788942e+02 3.04663806e+04
  1.84833394e+00 2.44304270e-02]
 [6.93805996e+01 9.43836696e-05 2.29972989e+02 3.50002520e+04
  1.86903764e+00 2.25754668e-02]]"
13,14,"[[ 422.20861258 -271.85459692  420.75805231  428.09336484  415.41945946
  -305.64877504]
 [ 422.20861258 -271.85459692  420.75805231  428.09336484  415.41945946
  -305.64877504]
 [ 422.20861258 -271.85459692  420.75805231  428.09336484  415.41945946
  -305.64877504]
 [ 422.20861258 -271.85459692  420.75805231  428.09336484  415.41945946
  -305.64877504]
 [ 422.20861258 -271.85459692  420.75805231  428.09336484  415.41945946
  -305.64877504]
 [ 422.20861258 -271.85459692  420.75805231  428.09336484  415.41945946
  -305.64877504]
 [ 422.20861258 -271.85459692  420.75805231  428.09336484  415.41945946
  -305.64877504]
 [ 422.20861258 -271.85459692  420.75805231  428.09336484  415.41945946
  -305.64877504]
 [ 422.20861258 -271.85459692  420.75805231  428.09336484  415.41945946
  -305.64877504]
 [ 422.20861258 -271.85459692  420.75805231  428.09336484  415.41945946
  -305.64877504]
 [ 422.20861258 -271.85459692  420.75805231  428.09336484  415.41945946
  -305.64877504]
 [ 422.20861258 -271.85459692  419.575372    428.09336484  415.41945946
  -305.64877504]
 [ 422.20861258 -271.85459692  419.575372    428.09336484  415.41945946
  -305.64877504]
 [ 422.20861258 -271.85459692  419.575372    428.09336484  415.41945946
  -305.64877504]
 [ 422.20861258 -271.85459692  419.575372    428.09336484  415.41945946
  -305.64877504]
 [ 422.20861258 -271.85459692  419.575372    428.09336484  415.41945946
  -305.64877504]
 [ 422.20861258 -271.85459692  419.575372    428.09336484  415.41945946
  -305.64877504]
 [ 422.20861258 -271.85459692  419.575372    428.09336484  415.41945946
  -305.64877504]
 [ 422.20861258 -271.85459692  419.575372    428.09336484  415.41945946
  -305.64877504]
 [ 422.20861258 -271.85459692  419.575372    428.09336484  415.41945946
  -305.64877504]]","[-2155.96107677 -2155.96107677 -2155.96107677 -2155.96107677
 -2155.96107677 -2155.96107677 -2155.96107677 -2155.96107677
 -2155.96107677 -2155.96107677 -2155.96107677 -2155.7218488
 -2155.7218488  -2155.7218488  -2155.7218488  -2155.7218488
 -2155.7218488  -2155.7218488  -2155.7218488  -2155.7218488 ]","[[7.83675059e+01 7.94364309e-05 2.71797237e+02 5.25157297e+04
  1.89612896e+00 2.10747794e-02]
 [8.28252073e+01 8.55089886e-05 2.91548525e+02 5.88710072e+04
  1.91037158e+00 2.05942380e-02]
 [8.89474705e+01 4.95531894e-05 3.16665668e+02 6.59416320e+04
  1.93891800e+00 1.78997118e-02]
 [8.77467699e+01 5.25435732e-05 3.11515558e+02 6.42735035e+04
  1.93415457e+00 1.82472938e-02]
 [9.83100241e+01 4.36579181e-05 3.59716662e+02 8.29048688e+04
  1.96736312e+00 1.65550594e-02]
 [7.76571306e+01 9.27332270e-05 2.69118262e+02 5.18925937e+04
  1.89159315e+00 2.17209998e-02]
 [8.32295697e+01 5.52672660e-05 2.90867196e+02 5.63838188e+04
  1.92026927e+00 1.89002466e-02]
 [4.63948869e+01 3.14509515e-04 1.39649134e+02 1.51535725e+04
  1.74994578e+00 3.53275766e-02]
 [9.45712385e+01 4.75162365e-05 3.42603863e+02 7.62025161e+04
  1.95566295e+00 1.71670182e-02]
 [9.11019723e+01 5.76488951e-05 3.27565271e+02 7.12967441e+04
  1.94242986e+00 1.81261908e-02]
 [5.70928540e+01 2.05060629e-04 1.85575674e+02 3.01799162e+04
  1.79490263e+00 3.06459698e-02]
 [8.55915411e+01 8.46100409e-05 3.04635562e+02 6.45956688e+04
  1.91801467e+00 2.02826100e-02]
 [6.08899539e+01 1.91852371e-04 2.01688064e+02 3.50067334e+04
  1.81035022e+00 2.94459973e-02]
 [8.86849063e+01 5.38739974e-05 3.16236379e+02 6.66167911e+04
  1.93591961e+00 1.82696147e-02]
 [7.37270963e+01 1.07767038e-04 2.51700381e+02 4.53819404e+04
  1.87690575e+00 2.28845858e-02]
 [8.51495483e+01 6.50936018e-05 3.01821747e+02 6.31190319e+04
  1.92024687e+00 1.94974484e-02]
 [8.41962849e+01 5.79275154e-05 2.96091906e+02 5.94195632e+04
  1.92121630e+00 1.90385458e-02]
 [8.82152055e+01 6.22109176e-05 3.14706233e+02 6.66040364e+04
  1.93236038e+00 1.87505487e-02]
 [7.97443891e+01 6.68949311e-05 2.76708636e+02 5.29099713e+04
  1.90452915e+00 2.01644116e-02]
 [8.47764294e+01 6.67808782e-05 2.98719173e+02 5.99633341e+04
  1.92205861e+00 1.92896022e-02]]"
14,15,"[[ 422.20861258 -271.85459692  420.75805231  428.09336484  415.41945946
  -305.64877504]
 [ 422.20861258 -271.85459692  420.75805231  428.09336484  415.41945946
  -305.64877504]
 [ 422.20861258 -271.85459692  420.75805231  428.09336484  415.41945946
  -305.64877504]
 [ 422.20861258 -271.85459692  420.75805231  428.09336484  415.41945946
  -305.64877504]
 [ 422.20861258 -271.85459692  420.75805231  428.09336484  415.41945946
  -305.64877504]
 [ 422.20861258 -271.85459692  420.75805231  428.09336484  415.41945946
  -305.64877504]
 [ 422.20861258 -271.85459692  420.75805231  428.09336484  415.41945946
  -305.64877504]
 [ 422.20861258 -271.85459692  420.75805231  428.09336484  415.41945946
  -305.64877504]
 [ 422.20861258 -271.85459692  420.75805231  428.09336484  415.41945946
  -305.64877504]
 [ 422.20861258 -271.85459692  420.75805231  428.09336484  415.41945946
  -305.64877504]
 [ 422.20861258 -271.85459692  420.75805231  428.09336484  415.41945946
  -305.64877504]
 [ 422.20861258 -271.85459692  420.75805231  428.09336484  415.41945946
  -305.64877504]
 [ 422.20861258 -271.85459692  420.75805231  428.09336484  415.41945946
  -305.64877504]
 [ 422.20861258 -271.85459692  420.75805231  428.09336484  415.41945946
  -305.64877504]
 [ 422.20861258 -271.85459692  420.75805231  428.09336484  415.41945946
  -305.64877504]
 [ 422.20861258 -271.85459692  420.75805231  428.09336484  415.41945946
  -305.64877504]
 [ 422.20861258 -271.85459692  420.75805231  428.09336484  415.41945946
  -305.64877504]
 [ 422.20861258 -271.85459692  420.75805231  428.09336484  415.41945946
  -305.64877504]
 [ 422.20861258 -271.85459692  420.75805231  428.09336484  415.41945946
  -305.64877504]
 [ 422.20861258 -271.85459692  420.75805231  428.09336484  415.41945946
  -305.64877504]]","[-2155.96107677 -2155.96107677 -2155.96107677 -2155.96107677
 -2155.96107677 -2155.96107677 -2155.96107677 -2155.96107677
 -2155.96107677 -2155.96107677 -2155.96107677 -2155.96107677
 -2155.96107677 -2155.96107677 -2155.96107677 -2155.96107677
 -2155.96107677 -2155.96107677 -2155.96107677 -2155.96107677]","[[1.06313880e+02 5.36283509e-05 4.06488993e+02 1.21129942e+05
  1.97359576e+00 1.72589914e-02]
 [1.20968601e+02 3.20907214e-05 4.72922540e+02 1.48284898e+05
  2.02286198e+00 1.42796639e-02]
 [1.03463478e+02 5.63015149e-05 3.92299315e+02 1.12803906e+05
  1.96626333e+00 1.76188758e-02]
 [1.13268730e+02 3.84122441e-05 4.35994355e+02 1.29875221e+05
  2.00129622e+00 1.53277346e-02]
 [1.25603975e+02 2.90472833e-05 4.95520800e+02 1.60296291e+05
  2.03518898e+00 1.37209434e-02]
 [1.06827105e+02 5.72585577e-05 4.10143558e+02 1.24640946e+05
  1.97229583e+00 1.75458520e-02]
 [9.81694411e+01 7.80231513e-05 3.68047069e+02 1.02310241e+05
  1.94793087e+00 1.90805019e-02]
 [1.00274724e+02 7.70783038e-05 3.78463434e+02 1.08182624e+05
  1.95325760e+00 1.88602083e-02]
 [1.18854851e+02 2.53012016e-05 4.59760436e+02 1.36768603e+05
  2.02330893e+00 1.37832678e-02]
 [1.26432726e+02 2.63662359e-05 4.99413746e+02 1.62333494e+05
  2.03801973e+00 1.34951235e-02]
 [1.29202503e+02 2.31476370e-05 5.11437951e+02 1.65865653e+05
  2.04789671e+00 1.29313906e-02]
 [1.35409129e+02 2.17809130e-05 5.42865350e+02 1.84578353e+05
  2.06208148e+00 1.24525792e-02]
 [1.22229758e+02 3.15409898e-05 4.78141807e+02 1.48707505e+05
  2.02734612e+00 1.40723016e-02]
 [1.24247210e+02 3.13548073e-05 4.88742861e+02 1.55871260e+05
  2.03138929e+00 1.39623492e-02]
 [9.62560358e+01 8.26622684e-05 3.59889399e+02 9.97969995e+04
  1.94034203e+00 1.96210624e-02]
 [1.23591951e+02 2.83919538e-05 4.85508988e+02 1.54937065e+05
  2.03058814e+00 1.38313630e-02]
 [1.22833359e+02 2.50126395e-05 4.80310547e+02 1.49573991e+05
  2.03158792e+00 1.35607606e-02]
 [1.22149188e+02 2.47370933e-05 4.76486482e+02 1.46641636e+05
  2.03065422e+00 1.35528851e-02]
 [1.17760852e+02 3.32021786e-05 4.56228737e+02 1.37221171e+05
  2.01604151e+00 1.45126500e-02]
 [1.16102534e+02 4.87769002e-05 4.54761579e+02 1.47552803e+05
  1.99840104e+00 1.62306523e-02]]"
