,population,best_x,best_energy,ave_energy
0,1,"[  82.78194903  375.94619662 -343.65904764  427.61508743  427.31548099
  107.63837344]",-1064.8259068523073,49.762985993013885
1,2,"[ 403.41023464  245.80877399 -344.34162473  427.45767349  430.09020729
  216.91209376]",-1490.0394516082956,-705.851764172518
2,3,"[ 403.29705594  415.06890472 -346.05266881  427.65408364  413.45949597
  217.59040483]",-1882.8293448259672,-1273.381048436109
3,4,"[373.5054627  449.15986457 418.17210668 428.28804709 426.90105131
 425.59808327]",-2153.9348085070633,-1723.3788660997245
4,5,"[416.89366304 415.94345986 420.53547459 453.57652601 422.46525228
 428.957636  ]",-2371.338787143088,-2012.4784728833047
5,6,"[427.02330051 422.40745152 408.92083726 426.95798722 426.90105131
 438.96205478]",-2441.459007411907,-2244.604342580497
6,7,"[416.89366304 416.48870574 420.53547459 428.7868807  422.46525228
 428.957636  ]",-2493.210113569654,-2408.3780717193135
7,8,"[427.02330051 422.40745152 420.53547459 426.95798722 422.46525228
 423.90024517]",-2503.0879851503832,-2484.379021131588
8,9,"[416.98717989 422.40745152 421.53380052 427.66621523 422.46525228
 423.90024517]",-2504.570186289786,-2498.2837846499524
9,10,"[416.98717989 422.40745152 421.53380052 426.34948638 422.46525228
 423.90024517]",-2506.5765842377937,-2503.543001278274
10,11,"[416.89366304 420.54756186 420.53547459 426.34948638 422.46525228
 422.72085206]",-2507.434991647525,-2506.129193780128
11,12,"[417.9602555  420.54756186 420.53547459 426.34948638 422.46525228
 422.72085206]",-2508.3851482410164,-2507.108907757977
12,13,"[417.96293424 420.54756186 420.53547459 426.34948638 422.46525228
 422.44329668]",-2508.500258389491,-2508.008141130315
13,14,"[417.96293424 420.54756186 420.53547459 426.34948638 422.46525228
 422.44329668]",-2508.500258389491,-2508.3570243825425
14,15,"[417.96293424 420.54756186 420.53547459 426.34948638 421.99980084
 422.44329668]",-2508.648792711494,-2508.517849866262
15,16,"[417.96293424 420.54756186 420.53547459 426.34948638 421.99980084
 422.44329668]",-2508.648792711494,-2508.5947769236254
16,17,"[417.96293424 420.54756186 420.53547459 426.34948638 421.99980084
 422.44329668]",-2508.648792711494,-2508.648792711494
