,population,best_x,best_energy,running_time
0,22,"[ 401.2630214   419.8909066   418.9062242  -320.43760462  420.96755958
  403.91745714]",-2271.076620377343,0.50788
1,24,"[ 421.10665484  421.13798961  424.87719076 -302.62018361 -308.24663816
  421.31226918]",-2270.920477885533,0.482386
2,21,"[ 420.84243039  422.96118216  420.99847314  421.08800999 -301.45251509
  427.79988199]",-2388.9183061287913,0.545747
3,19,"[429.64995206 421.48821211 420.89981348 419.48708001 420.93858804
 429.53831891]",-2494.8170480100675,0.368997
4,25,"[423.1361131  429.02293686 416.01047027 414.83808642 421.29562198
 419.21041426]",-2496.901782933242,0.481708
5,19,"[414.08996778 419.17517796 410.81516804 420.9434988  420.12166576
 419.82480488]",-2494.405042629266,0.363003
6,15,"[ 419.79744589  431.08566308  422.36989833  417.02234775  416.97740009
 -300.62882055]",-2377.717808476057,0.273009
7,19,"[421.28145467 421.66087994 420.57725668 426.72395593 422.50364234
 420.50650546]",-2509.2989874992722,0.358989
8,54,"[ 408.90892148  416.16239742  420.82873171  421.00339181  429.40542475
 -320.68534092]",-2324.2194029340544,1.088002
9,16,"[423.41602414 420.30328232 445.21817112 451.87461006 420.89662143
 420.26592214]",-2323.911277405664,0.302239
10,15,"[ 408.3018274   421.28412275  431.77555749  420.52954961  414.66950843
 -303.12347558]",-2355.696189131798,0.257876
11,31,"[421.26171904 424.66009515 415.11672004 451.34796952 442.48018049
 406.34253838]",-2311.185015882122,0.64801
12,19,"[412.56451361 423.16807295 421.49870459 424.80767374 441.94357917
 419.76728531]",-2447.599777754684,0.358478
13,16,"[422.16502232 422.68724272 457.09492159 393.96669342 420.60635044
 411.33942487]",-2257.4339664604854,0.327432
14,17,"[421.92805965 415.23873009 413.03060763 416.3222552  422.83795186
 412.115364  ]",-2488.7770434370877,0.333002
15,17,"[-318.29085788  420.87201261  422.31674908  429.53066468  420.37776685
  400.87103918]",-2305.2006492484616,0.335005
16,22,"[414.50440632 423.57846335 417.88236637 419.24598314 420.27465785
 437.89670378]",-2470.27344728889,0.422189
17,19,"[421.97372686 418.91003849 413.18388542 430.34608027 420.53060614
 424.40300933]",-2493.0339374157484,0.346804
18,18,"[ 441.58123049 -317.56018224  416.68405498  447.9286713   398.0732955
  426.11343796]",-2155.2631190440493,0.364002
19,16,"[421.4340191  420.63213241 419.26900854 421.47059118 441.01846613
 420.80532599]",-2463.3477446999746,0.302994
20,31,"[ 420.19890117  436.22723704  420.92329442 -302.59620759  429.43369466
  421.59871036]",-2357.0835890805124,0.610019
21,31,"[-298.44361543  433.7550685   421.56145622 -303.7119393  -306.04184775
  420.27167165]",-2134.064433653244,0.618041
22,63,"[ 414.91838194  451.60435083  448.32205341 -301.21596892  430.04037912
  439.14293177]",-2132.6093230846395,1.243907
23,15,"[421.65950351 421.55005034 424.63186426 425.15118067 420.99200075
 420.87485918]",-2509.8899283337223,0.283001
24,39,"[422.65304971 418.55577143 421.00764015 435.53321591 436.1807753
 449.95242847]",-2354.296844102583,0.776996
25,15,"[418.85069716 420.7013417  413.51003916 422.72482697 420.52424165
 400.20000169]",-2453.118228358,0.276055
26,19,"[417.37053359 421.26802352 448.98260879 390.69266055 422.13883745
 431.80076671]",-2292.002362598839,0.349062
27,21,"[ 421.80964949 -309.68218981  426.99649311  413.51907701  421.37453472
  421.01086268]",-2377.309648773956,0.418214
28,15,"[415.91548456 405.89524089 417.63783554 421.45867289 423.72919263
 449.5649124 ]",-2379.918170482978,0.276984
29,19,"[ 418.5707725  -301.85070561 -285.7551704   420.66696722 -303.04357919
  419.78334387]",-2122.9860303689584,0.386003
30,23,"[-302.37803045  424.79791135  405.30580876  434.39924181  398.76172534
  420.97333434]",-2280.3934932565708,0.454108
31,13,"[ 423.87300887  205.0584001  -307.89358712  424.00128518  419.43165954
  429.54338688]",-2162.6704067025335,0.241797
32,14,"[388.00410108 418.40551739 436.56282324 400.30836174 422.83003978
 419.60166277]",-2301.6949984993325,0.258521
33,18,"[421.72470889 445.57241067 432.67165049 426.16518693 421.39706703
 420.22649248]",-2418.244799629949,0.329006
34,30,"[ 446.1861215   420.75370839 -326.22502295  419.42077273  434.96374784
  420.90232874]",-2222.724140484729,0.584228
35,15,"[-304.29325651  422.89193596 -301.8719749  -316.03465796  446.67371355
  419.51023894]",-2052.911050325961,0.281993
36,32,"[446.63553972 428.56510675 401.73413332 421.20285207 421.09051588
 442.55206632]",-2321.9559247687357,0.628988
37,17,"[421.06808835 415.57754361 421.62119153 421.23714911 416.79250339
 427.38190554]",-2502.7915436217404,0.316003
38,27,"[420.63843244 423.36874713 421.25546297 427.24742312 377.86854554
 420.63882301]",-2299.179562234103,0.517013
39,61,"[433.69244132 435.70087391 421.00889324 413.69532414 396.66114726
 421.15903258]",-2388.0009694258424,1.214141
40,18,"[411.57477536 432.79052156 421.30587983 427.32855981 441.16922317
 426.79617796]",-2424.9995196407117,0.346846
41,16,"[420.56653156 424.28192935 418.85331072 444.75667681 417.24546249
 436.14840207]",-2411.1986422395385,0.301099
42,31,"[ 421.24549844  427.84549239  429.18736711  421.3923816   423.98443667
 -292.10858208]",-2366.228393747354,0.597993
43,14,"[ 417.50316837  410.20849347  415.05806183 -312.4764664   422.24117034
  424.48486513]",-2360.804757916019,0.252024
44,19,"[422.79990189 421.53846263 421.65220608 415.34338602 422.24655079
 429.70076133]",-2499.573027307296,0.381979
45,20,"[421.61844631 420.49210195 440.40088534 411.42146685 419.18579328
 430.33745067]",-2443.8266935711163,0.374014
46,17,"[ 419.81796886  420.8562278  -302.64440373  419.54052437  411.40049436
 -306.23747001]",-2263.3893334775294,0.317013
47,20,"[ 422.59172124  421.78906657 -302.92931437  397.01416544  425.28639299
  420.77617073]",-2323.0132314337234,0.36197
48,55,"[416.81300696 420.98267508 445.53175755 406.56160513 417.75168397
 427.09645254]",-2405.312001033264,1.084768
49,20,"[429.66652903 437.33580836 430.45754148 421.82523622 419.37406961
 420.61680646]",-2459.009422161679,0.359003
