,population,best_x,best_energy,running_time
0,32,"[ 420.93101777  419.93838697  418.82664188 -296.22766043  420.81243897
 -270.90909673]",-2155.6993737120474,0.37798
1,13,"[ 463.9032141   434.51368599  446.33551676  415.90794965 -303.65991241
  423.80622659]",-2072.5139798462205,0.144005
2,17,"[423.9452289  447.41720455 421.64008927 421.71430997 408.86050917
 431.31087088]",-2394.754251720023,0.230021
3,13,"[424.23548096 404.05658737 191.43940848 449.88640909 418.59841277
 420.74857143]",-2137.9612154165784,0.148981
4,24,"[ 416.47240976 -301.53038316 -302.16894669  426.13939228  445.63729693
  421.10312403]",-2195.735407461497,0.367656
5,13,"[-302.48325858  202.7564379   422.89094855  450.95691961  436.9446589
  408.83114977]",-2017.5348339100779,0.203069
6,18,"[421.09092994 428.67950706 421.1637051  425.60165593 411.80612758
 451.0828207 ]",-2382.463162585295,0.247871
7,41,"[ 408.52505278  435.76898804  398.03870825  406.21912088  420.96112601
 -291.14914391]",-2241.530992503898,0.53095
8,13,"[ 420.04410944  428.49796548 -326.32374693  414.64558745  419.01257443
  421.63500896]",-2312.7740091268192,0.138071
9,16,"[ 403.96457235  426.39013499  415.1014011  -301.49307529  420.13188254
 -316.90791958]",-2207.022887565884,0.188954
10,57,"[452.84778499 451.41345937 420.91329994 400.42844494 420.99951264
 410.07917837]",-2210.866660675323,0.681918
11,13,"[ 428.91562376 -294.76104368 -288.84628997  423.78530251 -499.51410926
  422.31927745]",-1993.3982306234334,0.136025
12,12,"[ 420.33615899  455.46153832  421.58340086 -278.78070218 -274.98187643
  423.97531685]",-1975.0756866561903,0.126987
13,16,"[ 424.72686678  422.67975019 -302.43712513  421.78224156  417.81641763
  420.56125913]",-2391.9487173198713,0.171994
14,64,"[ 421.05614403  449.54453754 -290.87790781  438.52178798  228.20160263
 -305.02766723]",-1830.8795347964126,0.751454
15,15,"[ 420.49606728  420.00080704  418.30717673 -314.79912565  425.74564829
  394.5252011 ]",-2288.2977443027266,0.182536
16,23,"[420.97831631 420.06357836 409.40321261 424.18970908 421.22057392
 412.78598088]",-2487.392615993563,0.261007
17,24,"[ 437.791402    423.25292602  420.54106153 -301.27422492  422.68783298
  405.76783438]",-2330.1195175593784,0.284992
18,12,"[422.4700434  438.83083191 424.535223   422.51250533 434.202247
 426.58936407]",-2445.799583679309,0.126999
19,16,"[ 444.27106398 -297.77975462  420.06269958  420.84147586 -287.65085888
  408.51267018]",-2160.083366766874,0.180026
20,11,"[-130.05773366 -309.06452891  439.58684074  428.37261725  410.63913429
  420.32876372]",-2026.7931110032114,0.113999
21,15,"[ 421.09263422  452.67571996  421.56994361  418.0228864  -313.82104919
 -128.19101435]",-1958.4271536292817,0.160009
22,13,"[441.79906489 436.38891451 425.54627667 419.98372411 425.92954221
 428.50198323]",-2417.015067842885,0.139991
23,37,"[ 443.58602998 -286.97715199  400.20200901  214.44089173  431.55815382
  426.71233458]",-1999.5633176784977,0.45103
24,14,"[-309.44643111 -298.96578044  393.7390699   420.8243317   421.00013581
  427.13298581]",-2175.4571504116334,0.150983
25,20,"[396.98928387 420.42272792 421.05997257 410.98094455 419.28155654
 218.44544909]",-2187.109350289794,0.221987
26,16,"[-295.12444404  399.27568785  423.05795638  386.14609109  423.97406505
 -288.9089189 ]",-2046.269617202864,0.166008
27,17,"[440.80659529 421.73770861 410.3154356  420.41475524 392.18075642
 393.35312914]",-2259.942070430186,0.189002
28,14,"[421.05569854 419.81477986 425.0716828  391.83443718 424.70719033
 407.46389302]",-2385.811356623243,0.156011
29,14,"[-297.73190011  421.20201245 -313.74967558  418.57338587 -300.45853535
  208.22834905]",-1918.8775123867047,0.158981
30,63,"[ 420.751088    406.6404241   414.20985395 -122.52132095  429.13417358
  420.13549188]",-2177.37053500698,0.740998
31,18,"[413.90006316 421.8646293  415.08921418 391.97129498 421.76497507
 376.23875732]",-2179.469251018293,0.199
32,40,"[425.03015873 420.89593119 189.0445027  435.45777766 414.85050361
 424.98218851]",-2234.7374576240536,0.455011
33,32,"[ 440.32946543 -313.37451627  444.26730313  420.69753735  446.70150527
  431.26731495]",-2171.4886492143733,0.364985
34,12,"[ 429.28589164  423.54533902  426.22420079 -296.86111172 -299.06610881
  407.74718152]",-2236.6649047821884,0.124004
35,27,"[-305.3490888   449.52904796  421.43905916  411.68357768  439.22460991
  448.20757845]",-2150.8063963551804,0.297
36,20,"[ 399.98637561  423.72293293 -311.49198647  404.92110746 -305.29630434
  436.91700943]",-2147.2830424201584,0.257
37,16,"[ 422.945804   -299.52788082  428.2356615   421.37478506  450.80984349
  423.41760514]",-2277.6067018320437,0.168
38,14,"[ 403.49973175 -301.66651016  422.16932196  420.80764773  423.01377521
  417.67989699]",-2355.6345137993517,0.153998
39,20,"[199.14476276 413.41483201 420.7992778  441.99141085 412.88857286
 422.75538371]",-2223.2425451683625,0.254985
40,12,"[416.7758971  421.92213306 428.95107615 420.74771645 417.8011166
 410.41940877]",-2488.353634654589,0.124006
41,16,"[ 419.29154494  423.95380992  416.77996524  205.26750055 -299.41717994
  402.13180756]",-2129.49302734397,0.17502
42,15,"[415.59835536 203.60664826 421.52310743 432.90071807 417.26275344
 418.46433441]",-2272.64715554706,0.15799
43,17,"[404.45933971 221.47097116 421.52309715 418.33943467 412.52029782
 423.93198202]",-2213.0901547006633,0.184
44,19,"[399.23390925 413.25127626 392.19665227 437.38641136 422.47283209
 411.95388339]",-2305.53660981183,0.215982
45,12,"[421.42141299 412.24081473 427.11115884 416.0378901  419.1432409
 422.84695536]",-2495.6414851271934,0.120997
46,23,"[ 406.54160889  420.89799327  416.28731934 -305.21926348  424.59550817
  222.25317835]",-2104.698893283545,0.271003
47,46,"[-302.31760349  405.82486229  421.37296832  418.08393645 -297.52985624
  420.63160563]",-2244.3506284462565,0.556003
48,17,"[ 420.8026528  -302.40680827 -339.17836173  406.43850913 -499.97502251
  420.3441143 ]",-1853.7943362240535,0.192999
49,23,"[421.39149864 456.073577   440.55751573 419.12313937 419.59020182
 419.31345348]",-2316.643217905442,0.261989
