,population,best_x,best_energy,ave_energy
0,1,"[-326.09176825   69.45283962 -328.6680653   226.18245684  479.48090611
  207.14539275]",-896.0946525051081,-29.95066280531679
1,2,"[ 233.56677448  401.99111009  418.46607004  347.23263116  359.02214759
 -120.37409486]",-970.5818141097986,-665.6522831327206
2,3,"[-324.88258412  402.52141289  418.6971652   229.27527989  358.81070316
  201.75080086]",-1391.5770398818313,-1074.4170523178282
3,4,"[-326.85557573  398.83646439  418.42875183  410.8214522    48.81967541
  202.36007598]",-1644.3049270703118,-1399.5827592608643
4,5,"[-325.14756558  400.1130934   418.78053318  421.14336814  371.70401956
 -321.6982575 ]",-1849.9900781504919,-1636.4474956676088
5,6,"[ 450.70581136  394.45967583  422.58765102  410.32554191  371.60492324
 -317.09849311]",-1896.658863150904,-1763.5075796672309
6,7,"[-314.53603671  413.62393495  416.45890184  414.2139553   368.6659741
 -312.20345727]",-1939.7325555025293,-1847.8617076839926
7,8,"[ 402.59400226  413.60190252  417.51898535  429.17834814  368.85909369
 -279.67369969]",-1983.8010887472417,-1898.556348670911
8,9,"[ 402.59400226  413.60190252  416.0263948   423.25354736  368.85909369
 -320.87175599]",-2010.9115051487274,-1952.3493536291974
9,10,"[ 402.59400226  413.60190252  418.45832065  425.18096386  371.61470369
 -312.45205414]",-2066.750601451615,-2002.112351532491
10,11,"[ 402.59400226  413.60190252  416.45890184  423.25354736  372.06238786
 -312.20345727]",-2071.2857166941026,-2038.5087590328978
11,12,"[ 402.59400226  411.08394437  417.52326184  422.76213636  372.06238786
 -306.07425575]",-2077.4408098196877,-2064.862004679376
12,13,"[ 402.59400226  413.60190252  418.45832065  423.25354736  372.06238786
 -303.18028471]",-2084.842975688734,-2077.5535783558084
13,14,"[ 402.59400226  413.60190252  418.45832065  422.76213636  372.06238786
 -303.18028471]",-2085.096047969518,-2083.8263660704015
14,15,"[ 402.59400226  413.60190252  418.45832065  422.76213636  372.06238786
 -303.18028471]",-2085.096047969518,-2085.065679295824
15,16,"[ 402.59400226  413.60190252  418.45832065  422.76213636  372.06238786
 -303.18028471]",-2085.096047969518,-2085.096047969518
