,population,best_x,best_energy,ave_energy
0,1,"[ 428.5201539   393.47164913 -274.42923836  497.25703179  171.99074595
  184.81651851]",-1044.7154461075258,-16.980771953767494
1,2,"[ 213.20800425  -29.36442719 -327.46588567  413.97942712 -269.14899571
 -265.58565673]",-1170.3068645272622,-725.2607354399989
2,3,"[ 169.9895747   207.20903142  394.57969515  392.21454659  402.83986963
 -320.54024594]",-1571.2783602357713,-1207.4358281852858
3,4,"[ 428.16483204  393.37275158  378.10500071  427.44336551  400.83054078
 -116.640369  ]",-1849.4377944174448,-1651.8130471671277
4,5,"[428.12861686 447.84497453 428.78659645 426.56082234 420.74711231
 414.67342603]",-2401.915762538622,-2055.6231087981555
5,6,"[427.53313021 401.71449328 435.74511151 418.85293012 414.77276375
 417.10493621]",-2428.223346499499,-2291.0878059338816
6,7,"[427.57382917 401.75339119 422.79243037 418.56619816 421.6671661
 414.72445319]",-2456.9037493892893,-2387.1574766855747
7,8,"[428.14445053 401.35220482 422.52523162 419.35333533 421.20653634
 416.45761463]",-2456.9477987662963,-2427.627816215521
8,9,"[428.23742354 402.40998193 422.5912547  419.14120721 420.87665007
 414.62882493]",-2459.029781161649,-2449.624389928866
9,10,"[427.61370238 401.87781121 419.08446272 419.31557296 421.19540891
 417.99231376]",-2461.602358179563,-2456.210678617425
10,11,"[427.01958468 402.53959452 422.52523162 419.35333533 422.32377771
 417.22877617]",-2464.8288568061334,-2460.602877803017
11,12,"[427.01958468 402.55766988 420.3804131  419.35333533 421.20653634
 417.99231376]",-2466.0410392700264,-2463.2994220060077
12,13,"[427.01958468 402.55766988 420.3804131  419.21247252 420.74451067
 417.99231376]",-2465.9819759681277,-2464.9962899384964
13,14,"[426.83581882 402.55766988 420.3804131  419.35333533 421.20653634
 417.8829156 ]",-2466.2339013418687,-2465.773772765961
14,15,"[426.83581882 402.55766988 420.3804131  419.35333533 420.87665007
 417.99231376]",-2466.323427751916,-2466.136547008249
15,16,"[426.83581882 402.55766988 420.3804131  419.35333533 420.87665007
 417.99231376]",-2466.323427751916,-2466.3190108058247
