,population,best_x,best_energy,ave_energy
0,1,"[ 463.01618582  431.87265264 -268.4641689  -355.70659342  -38.78840825
  166.46121764]",-836.4209929731207,107.66067538193553
1,2,"[ 462.78282923  432.21339321 -268.64422275  404.41850654  174.7418709
  165.96902638]",-1328.572578085541,-704.5953862164881
2,3,"[ 463.42975425  431.85558371 -274.25836427  403.51560797 -331.0802801
  442.36848002]",-1762.7118066305884,-1267.608425918723
3,4,"[ 462.82974422  432.38224844  417.49760363  425.15851748 -260.19820765
  407.00211434]",-1951.0618666018001,-1674.503040662595
4,5,"[ 401.58097953  432.30119713  456.80632251  414.72622971 -300.93212059
  407.68056421]",-2151.6621988232887,-1921.2326879738016
5,6,"[ 429.26891921  431.64939979  401.68952895  415.18842275 -297.30620755
  407.5657992 ]",-2296.7442588739036,-2113.0307682591256
6,7,"[ 429.2682466   432.54977775  425.43401171  415.58817283 -301.39041825
  407.76795255]",-2341.8788013135727,-2221.9163428996712
7,8,"[ 429.26891921  431.64939979  422.42444213  422.23837186 -297.75673236
  407.5657992 ]",-2346.7126850168916,-2304.792982748808
8,9,"[ 429.26796297  431.83925305  420.51261193  419.78451071 -300.66173375
  408.58286856]",-2352.1268096306103,-2343.9606586159725
9,10,"[ 429.26796297  431.83925305  420.51261193  419.78451071 -301.36716285
  408.58286856]",-2352.396278673079,-2349.230097129981
10,11,"[ 429.26514623  430.68298729  422.09078803  419.78451071 -301.36716285
  408.58286856]",-2355.2589047195925,-2352.3460276193596
11,12,"[ 429.26514623  430.68298729  420.51261193  419.78451071 -300.71612213
  408.58286856]",-2355.147351665363,-2354.151553785829
12,13,"[ 429.2682466   430.68298729  420.51261193  421.40594581 -301.36716285
  408.58286856]",-2355.5378432431617,-2355.04370117784
13,14,"[ 429.2682466   430.68298729  420.51261193  421.40594581 -303.17117142
  408.58286856]",-2355.654576423717,-2355.428959039776
14,15,"[ 429.26514623  430.68298729  420.51261193  421.40594581 -303.17117142
  408.58286856]",-2355.6610554388726,-2355.5611960868628
15,16,"[ 429.26514623  430.68298729  420.51261193  421.40594581 -303.17117142
  408.58286856]",-2355.6610554388726,-2355.6496553085694
16,17,"[ 429.26514623  430.68298729  420.51261193  421.40594581 -303.17117142
  408.58286856]",-2355.6610554388726,-2355.6610554388726
