,population,best_x,best_energy,running_time
0,13,"[416.08730771 412.87381517 424.46541412 435.20127393 417.42675172
 419.69523841]",-2473.913208401978,0.292403
1,17,"[ 418.14904092  427.41176334  416.24776847  417.47202847  392.03039255
 -294.65790274]",-2277.0485797443516,0.424607
2,20,"[ 421.08561752  442.51137759  444.55242473  436.36189971 -302.00250158
  410.06997728]",-2224.2582259733385,0.561905
3,21,"[422.56472142 430.55751449 408.16338118 420.02074119 420.93607993
 449.60672788]",-2380.9674724585207,0.550001
4,45,"[426.42876778 425.8010304  406.70857379 420.8035367  420.86507981
 398.08285425]",-2418.158479937346,1.011393
5,14,"[424.42868936 422.72460542 421.63962664 420.99516014 421.09997762
 418.89115425]",-2511.3932489426743,0.287606
6,22,"[421.01849377 412.75309721 395.16381342 420.84811191 418.58252384
 418.7932302 ]",-2423.741933599079,0.500003
7,43,"[417.3059159  419.882381   400.51839877 418.26731585 421.15174299
 407.37141147]",-2436.900512741317,0.976
8,15,"[445.87406598 425.68676275 419.38288931 409.2112104  418.58754645
 419.6944235 ]",-2415.971421805527,0.321002
9,22,"[-299.84219681  421.03672123  434.81008923  421.29350787  439.36430758
  432.6454206 ]",-2311.0107780724215,0.482998
10,21,"[-302.4164652   430.78908512  439.75462205  420.84254861  408.82773528
  419.34444938]",-2320.5161696577557,0.464994
11,14,"[420.59578444 419.65154238 431.67476385 412.22367612 433.72193121
 421.13785038]",-2469.1797902415683,0.303006
12,15,"[420.44111666 421.47124454 405.84960345 417.01026578 419.60646696
 421.8466645 ]",-2483.1826778018385,0.337292
13,20,"[ 420.08102321  422.40196028  404.01673164  420.94963676 -315.53141164
  422.15187197]",-2338.104034429725,0.482354
14,15,"[ 419.71492593  389.00509355  424.86484037  417.54532753 -301.75403742
  412.19309408]",-2261.4056430421733,0.367062
15,19,"[ 420.49895898  421.78928637  422.41093627 -302.59753728  424.91326178
  422.04084652]",-2392.9730790280096,0.41428
16,16,"[420.6127306  421.20937664 412.97520979 420.9474406  421.20826778
 416.29478416]",-2503.106204465324,0.362677
17,21,"[420.29686128 407.96500029 421.0484037  403.31042254 419.83157174
 421.00313811]",-2454.1677539250113,0.474729
18,17,"[ 421.7969428   420.41006955 -322.24848258  419.88322734  426.67221803
  409.69655795]",-2326.7520338031204,0.379886
19,27,"[-303.52528279  423.43589241  436.77255516  421.06205171  408.53375304
  428.94390065]",-2335.9553196177167,0.615865
20,20,"[421.11831693 420.55794691 441.63293432 440.50852873 424.40908612
 419.12078106]",-2411.143985643962,0.426655
21,22,"[421.46777308 428.97838187 420.43277697 421.95777522 207.90778849
 431.34086058]",-2272.7777372774726,0.472041
22,14,"[407.98342659 421.42617472 417.88752038 436.35632946 420.61612623
 417.87575117]",-2460.761657080857,0.312954
23,14,"[416.99913499 420.94978545 418.70119891 422.99507696 421.14838633
 420.19806248]",-2510.6680408111424,0.303018
24,17,"[420.78623969 433.9366404  423.57140858 416.79263653 411.79051527
 421.55948826]",-2479.103657100175,0.372741
25,25,"[415.27031269 420.81814835 420.97157015 421.72433893 434.9450934
 409.61462348]",-2469.1089568635857,0.587117
26,17,"[417.85423791 418.76022494 418.77021147 420.9152878  392.99993491
 420.90387724]",-2417.6815647017597,0.383005
27,19,"[420.95396084 422.23858082 421.59161587 447.38895664 421.25757435
 422.6496695 ]",-2427.3135823190682,0.423078
28,23,"[ 394.02911047  424.47630201 -302.25695224  420.58568269  457.79109467
  424.64527206]",-2142.5312311640323,0.515981
29,16,"[412.52933566 421.40010094 419.37811348 425.05528294 424.72515765
 433.872151  ]",-2479.799045668321,0.348026
30,19,"[417.13354671 421.2076302  441.22870902 415.95754761 421.78393464
 422.19537388]",-2457.4580911253497,0.426996
31,32,"[ 420.96548578  428.02865644  411.92151093  421.00755158 -297.85038701
 -313.26184072]",-2243.158222427843,0.704614
32,17,"[421.77261317 420.72416855 419.05646579 421.25398756 389.05661635
 420.52399151]",-2392.93755635687,0.369993
33,14,"[414.51868511 422.18810573 423.2397752  422.50381184 416.58890553
 423.63746149]",-2504.221896166796,0.317658
34,35,"[410.48562949 421.73699422 420.97744813 420.55327593 428.87135601
 424.88002235]",-2490.255383491422,0.784987
35,21,"[ 420.90277018  420.67110716  411.95751243  429.98988485 -293.76690334
  444.25939718]",-2298.163665885942,0.470989
36,34,"[420.3793653  425.81041276 424.04047759 433.56946808 430.82797921
 421.38094671]",-2477.4541994728784,0.773998
37,16,"[435.30669212 418.77456243 422.77270213 422.77970389 426.153955
 401.6249086 ]",-2437.2786011410626,0.334004
38,35,"[443.88125436 418.78358892 420.9571639  422.80683205 392.9508449
 435.07786429]",-2328.662896061486,0.793545
39,23,"[-289.96578305  421.2707488   421.11054047  421.36615749  430.2925581
  420.28095552]",-2364.783833063924,0.519001
40,31,"[427.63136891 427.24887126 415.21188653 425.32098285 411.73559518
 420.89489075]",-2486.0841536055436,0.70516
41,16,"[419.93051527 422.52318234 419.7485065  437.80501309 439.26017967
 419.69229142]",-2435.750483031841,0.338834
42,19,"[420.90699973 420.19517869 422.94471175 420.7287103  398.40912046
 422.08981556]",-2451.146102082874,0.419007
43,24,"[ 420.77549916  404.41178016 -318.53441056  428.21162321  420.75068592
  421.03093832]",-2322.7754254334914,0.533909
44,24,"[420.89840626 413.06583771 397.8309068  420.93968011 430.53333319
 431.14256782]",-2416.355161591995,0.531986
45,27,"[421.24153651 429.53506445 420.93200357 204.22736242 399.13946824
 422.69459056]",-2228.913631435596,0.61
46,17,"[-301.89550251  434.19196572  420.18983015  420.69562779  448.89410324
  421.48404524]",-2277.5965576779886,0.375023
47,21,"[-302.74981513  419.52104085  419.70688638  420.70172706  408.26466237
  420.79345808]",-2374.8747707027965,0.462192
48,16,"[421.56481542 420.79427266 420.89900879 419.15049947 421.07634142
 422.25809332]",-2513.2199057298017,0.355543
49,17,"[ 429.26514623  430.68298729  420.51261193  421.40594581 -303.17117142
  408.58286856]",-2355.6610554388726,0.380012
