,population,best_x,best_energy,ave_energy
0,1,"[ 291.63077308 -320.6566001   424.96801711  395.05647709  413.07091001
  354.13944964]",-1128.8482044712457,21.05013406591301
1,2,"[ 409.6657038  -299.26621946  376.41030153  417.75353     404.22989352
  388.57350023]",-1996.7416178913204,-709.9248760204126
2,3,"[ 411.46450471 -310.55764302  376.72581579  406.19079233  444.06984903
  388.93542279]",-1942.5710612081054,-1402.6875211486984
3,4,"[ 408.96396099 -300.02044717  429.07249897  414.28018981  419.79615747
  396.26326183]",-2288.700056199027,-1862.2027263079774
4,5,"[ 408.80692211 -298.12204561  417.36548352  428.3228734   418.7803409
  398.6744007 ]",-2304.901717204354,-2112.3538112534416
5,6,"[ 418.36495778 -299.13419487  423.37443712  422.33261468  403.81261538
  406.59103031]",-2330.175210762174,-2237.8519734152414
6,7,"[ 418.7040904  -299.96175237  427.85894072  428.23301401  416.80684346
  403.73325337]",-2342.4757101596647,-2300.3389209168095
7,8,"[ 418.7040904  -295.99967785  423.90019646  417.66732818  423.42700965
  415.45940353]",-2382.418026246335,-2346.2976616552164
8,9,"[ 418.81968393 -297.2251731   417.07074731  422.33261468  415.85286227
  424.65150798]",-2384.1846757877033,-2376.059698631274
9,10,"[ 418.36495778 -304.4164404   423.90019646  417.66732818  421.38750912
  424.65150798]",-2389.958498488326,-2385.396076882432
10,11,"[ 418.36495778 -304.4164404   423.90019646  421.43355453  421.38750912
  424.65150798]",-2391.3040502281524,-2388.623622555314
11,12,"[ 418.81968393 -304.4164404   423.90019646  421.43355453  421.38750912
  424.65150798]",-2391.576232087982,-2390.5987479678506
12,13,"[ 418.81968393 -302.67854641  423.37443712  421.43355453  421.38750912
  424.65150798]",-2392.3810602974518,-2391.4518826726157
13,14,"[ 418.81968393 -302.67854641  423.37443712  421.43355453  421.38750912
  424.65150798]",-2392.3810602974518,-2392.0231789936693
14,15,"[ 418.81968393 -302.67854641  423.37443712  421.43355453  421.38750912
  424.65150798]",-2392.3810602974518,-2392.3496419133508
15,16,"[ 418.81968393 -302.67854641  423.37443712  421.43355453  421.38750912
  424.65150798]",-2392.3810602974518,-2392.381060297452
