,population,parents,parents_energy,parents_sigma
0,1,"[[ 144.93313376 -291.21667678  404.6406823    48.79656831  397.73388975
  -305.42522554]
 [-366.35272272  -82.12869213  240.25146679 -111.41017578  426.29667136
   405.10634879]
 [ 406.32968347 -214.85549258 -499.45476943  227.26942002 -186.85478266
   436.34577825]
 [ 486.12889408 -313.36251208  413.1419582  -438.99752514   33.70985509
  -127.26432414]
 [-447.82941492 -323.0429555   285.31402611  445.73148006  339.05035664
   435.79984969]
 [-374.29445037  -46.52205117 -223.8024589    54.37583499 -106.79584209
  -308.6733474 ]
 [-304.20854957  494.89424096 -103.5468765   -79.1579218   113.15192485
   486.03552785]
 [ -94.1748317   -15.97671106 -453.2027819   -59.85397192  442.32486906
  -168.92577869]
 [ 192.46312513  163.95464483  -35.9356351   273.57025014   11.7205374
   489.56515937]
 [ 344.66674656 -302.97229894  153.55278506 -363.07816482 -220.30198128
  -484.64558543]
 [-265.51991043 -198.00544253 -403.46293192 -124.19405634 -335.80971419
   238.16556414]
 [ 481.13183035 -408.88994117 -178.65765555  -28.18126236 -317.05188359
  -121.41006395]
 [-233.34322756  443.32501809  261.43498872 -450.3268458  -190.98359026
   459.60357226]
 [-336.1652028  -110.02488211  471.09315393 -415.1946598   495.26054319
   243.14368839]
 [ 262.35119564  210.81348228  337.95765399  -95.0820136   360.7234336
   275.4118092 ]
 [ -85.58135677  421.95691942 -298.19068623 -423.6979946  -370.8752206
  -397.3459905 ]
 [-295.69580024 -364.81012365 -396.13941419 -470.82647234 -201.29072487
  -344.90725567]
 [ 491.63229634 -229.42382629  136.41696926  217.85626045 -225.72270031
  -209.55238943]
 [-395.09617579 -480.08201865 -462.22714368  304.33725803 -307.24924057
  -132.9035497 ]
 [-441.34638857   38.55278505  341.36694164  -76.77056984  348.69064482
   275.36432971]]","[-1281.95639447  -819.4543684   -737.59859204  -397.50750418
  -245.12913005   -73.72577217   -73.39908818    22.53426297
    36.69260529    53.12555981    75.99911337    83.10796618
   110.83660279   120.98251256   211.19284957   214.33613903
   382.3138104    479.92760378   482.89757091   816.34719289]","[[1. 1. 1. 1. 1. 1.]
 [1. 1. 1. 1. 1. 1.]
 [1. 1. 1. 1. 1. 1.]
 [1. 1. 1. 1. 1. 1.]
 [1. 1. 1. 1. 1. 1.]
 [1. 1. 1. 1. 1. 1.]
 [1. 1. 1. 1. 1. 1.]
 [1. 1. 1. 1. 1. 1.]
 [1. 1. 1. 1. 1. 1.]
 [1. 1. 1. 1. 1. 1.]
 [1. 1. 1. 1. 1. 1.]
 [1. 1. 1. 1. 1. 1.]
 [1. 1. 1. 1. 1. 1.]
 [1. 1. 1. 1. 1. 1.]
 [1. 1. 1. 1. 1. 1.]
 [1. 1. 1. 1. 1. 1.]
 [1. 1. 1. 1. 1. 1.]
 [1. 1. 1. 1. 1. 1.]
 [1. 1. 1. 1. 1. 1.]
 [1. 1. 1. 1. 1. 1.]]"
1,2,"[[ 408.2671995  -312.17999863  411.80998324  228.8792701    35.0643914
  -126.02710597]
 [ 405.27356122 -215.20780215  414.83655801  226.83019089   34.12671308
   436.16204696]
 [ 340.72664474 -291.2337713   405.20757554 -363.1892675   395.73963632
  -303.77962888]
 [ 485.22123876 -313.68824516  414.3567228   217.02331523   33.42130394
  -132.59870122]
 [ 493.96128424 -292.02200204  403.8754852   217.169579   -226.32071568
  -305.93285186]
 [ 147.9554374  -293.40408769  405.25022628  227.22122434 -187.26534135
  -305.73531117]
 [ 407.41195595 -215.01862717 -499.87390292  227.23397577 -186.081746
   431.4089624 ]
 [ -92.59992503 -312.53433394  412.83978756  -58.45578376   34.62938588
  -130.42385975]
 [ 488.02947029 -313.43969068  405.29773592 -440.82494209  396.74663082
  -124.76525886]
 [-306.06010138 -214.44770628 -499.56538409  228.01711551  114.92656784
   434.41088841]
 [ 481.61015942  -82.22218447  240.46138577 -112.25372147  427.00968844
  -130.06403185]
 [-336.423336   -109.91357544  472.25188674   50.89406395  495.90958349
  -303.71007939]
 [ 191.78390132  423.34497035 -299.36731326  275.54752336 -370.36356383
   488.52560031]
 [-333.95928517 -313.77324651  412.92375375 -414.6191955   493.50190322
  -126.66696036]
 [ -85.2876487   422.45866931 -299.48660202   55.58724471 -105.98023366
  -398.90989   ]
 [-447.29656385 -109.70623935  472.06715622  445.89518054  496.16246447
   437.58061987]
 [-335.55507175 -109.07404704  471.68161655 -124.88798918  495.15685224
   236.64113098]
 [-367.86539754  -81.36473917  240.2950423   -27.02052797  426.16762206
  -122.97957316]
 [ 487.96469694  210.81244775  412.97346176  -96.68413868  361.66101061
   273.54922679]
 [ -93.3092392   422.79834246 -298.56075822  -59.5935137  -370.33480045
  -172.09250891]]","[-1331.68988412 -1129.54041316 -1110.44918625  -959.34716614
  -893.97706402  -885.97679501  -765.57988912  -765.00620446
  -726.10075764  -703.23675165  -678.29802258  -583.30661769
  -490.0463549   -476.07176292  -474.62684776  -472.54852076
  -460.7016748   -459.85299481  -455.11427145  -447.18536361]","[[1.68947478 0.91491923 0.84911764 1.37303272 0.865163   2.60623301]
 [1.68947478 0.91491923 0.84911764 1.37303272 0.865163   2.60623301]
 [1.68947478 0.91491923 0.84911764 1.37303272 0.865163   2.60623301]
 [1.68947478 0.91491923 0.84911764 1.37303272 0.865163   2.60623301]
 [1.68947478 0.91491923 0.84911764 1.37303272 0.865163   2.60623301]
 [1.68947478 0.91491923 0.84911764 1.37303272 0.865163   2.60623301]
 [1.68947478 0.91491923 0.84911764 1.37303272 0.865163   2.60623301]
 [1.68947478 0.91491923 0.84911764 1.37303272 0.865163   2.60623301]
 [1.68947478 0.91491923 0.84911764 1.37303272 0.865163   2.60623301]
 [1.68947478 0.91491923 0.84911764 1.37303272 0.865163   2.60623301]
 [1.68947478 0.91491923 0.84911764 1.37303272 0.865163   2.60623301]
 [1.68947478 0.91491923 0.84911764 1.37303272 0.865163   2.60623301]
 [1.68947478 0.91491923 0.84911764 1.37303272 0.865163   2.60623301]
 [1.68947478 0.91491923 0.84911764 1.37303272 0.865163   2.60623301]
 [1.68947478 0.91491923 0.84911764 1.37303272 0.865163   2.60623301]
 [1.68947478 0.91491923 0.84911764 1.37303272 0.865163   2.60623301]
 [1.68947478 0.91491923 0.84911764 1.37303272 0.865163   2.60623301]
 [1.68947478 0.91491923 0.84911764 1.37303272 0.865163   2.60623301]
 [1.68947478 0.91491923 0.84911764 1.37303272 0.865163   2.60623301]
 [1.68947478 0.91491923 0.84911764 1.37303272 0.865163   2.60623301]]"
2,3,"[[ 402.34048921  -82.32058481  413.98597954 -113.7130286   427.20537832
   423.72377075]
 [ 411.01331959 -292.73138822  405.94003472  225.47042743   34.02787583
   421.35412854]
 [ 401.10509131 -110.14487716  412.46168326  445.04441301   35.24108657
   443.34007946]
 [ 407.19562561 -108.44029948  415.25372258  445.79633504  496.27400294
   420.39143446]
 [ 403.7910178  -312.91428543  413.80434788  230.89527291  361.55086248
  -127.95381249]
 [ 401.92191388  -82.03395588  414.80970929  -27.13826819  425.76969342
  -122.48497603]
 [ 411.02950092 -289.33280742  411.84264126 -362.1521924    36.52438179
  -304.4436514 ]
 [ 406.96131293 -312.72897481  413.41800058  230.414281     33.97790263
  -127.56660122]
 [ 485.47695362 -313.89996353  413.92183181 -114.3712897   426.96881777
  -132.24964736]
 [ 149.53503027  421.95743794  406.36401688  227.88385258 -106.07644298
  -310.91505229]
 [-336.19475343 -313.75077536  473.31812129   50.01231797  396.33372024
  -310.55510227]
 [ 406.26873506 -109.03641974  471.25293919  446.44036538  495.33310539
   431.96272696]
 [-332.85975259 -109.6751484   472.11708762 -110.97429034  427.21570708
  -296.87179187]
 [ 147.00837049 -313.75423611  403.96019597  227.58372982  396.4351347
  -123.33582211]
 [ -92.44543316 -310.82862165  412.12044943  -63.14154285  424.6112202
  -129.83902904]
 [ 404.4394234  -311.34596157  412.26514729 -439.79720068  395.83327037
  -123.49703237]
 [ 407.66285588 -312.82478494  412.33314718  228.05188825   35.74198077
   488.87313922]
 [ 411.06275316 -312.58465329  411.48318042  -59.6626521    35.46591852
  -127.92752494]
 [ 345.06349177 -291.57040051  405.69228918 -363.04486524  395.06361499
  -303.57231796]
 [-308.0885561  -310.70265347  411.54360774  228.88082149  115.86658943
  -126.66945716]]","[-1700.38062371 -1634.18877834 -1569.2258302  -1522.57807228
 -1376.23603551 -1321.21729049 -1320.42016174 -1317.01424673
 -1315.82363898 -1265.76325665 -1233.57263871 -1229.39394019
 -1217.01270001 -1206.29118133 -1192.5266063  -1175.89467018
 -1154.81286587 -1153.23664377 -1147.15730756 -1131.49595359]","[[2.85432502 0.83707719 0.72100077 1.88521885 0.74850701 6.79245048]
 [2.85432502 0.83707719 0.72100077 1.88521885 0.74850701 6.79245048]
 [2.85432502 0.83707719 0.72100077 1.88521885 0.74850701 6.79245048]
 [2.85432502 0.83707719 0.72100077 1.88521885 0.74850701 6.79245048]
 [2.85432502 0.83707719 0.72100077 1.88521885 0.74850701 6.79245048]
 [2.85432502 0.83707719 0.72100077 1.88521885 0.74850701 6.79245048]
 [2.85432502 0.83707719 0.72100077 1.88521885 0.74850701 6.79245048]
 [2.85432502 0.83707719 0.72100077 1.88521885 0.74850701 6.79245048]
 [2.85432502 0.83707719 0.72100077 1.88521885 0.74850701 6.79245048]
 [2.85432502 0.83707719 0.72100077 1.88521885 0.74850701 6.79245048]
 [2.85432502 0.83707719 0.72100077 1.88521885 0.74850701 6.79245048]
 [2.85432502 0.83707719 0.72100077 1.88521885 0.74850701 6.79245048]
 [2.85432502 0.83707719 0.72100077 1.88521885 0.74850701 6.79245048]
 [2.85432502 0.83707719 0.72100077 1.88521885 0.74850701 6.79245048]
 [2.85432502 0.83707719 0.72100077 1.88521885 0.74850701 6.79245048]
 [2.85432502 0.83707719 0.72100077 1.88521885 0.74850701 6.79245048]
 [2.85432502 0.83707719 0.72100077 1.88521885 0.74850701 6.79245048]
 [2.85432502 0.83707719 0.72100077 1.88521885 0.74850701 6.79245048]
 [2.85432502 0.83707719 0.72100077 1.88521885 0.74850701 6.79245048]
 [2.85432502 0.83707719 0.72100077 1.88521885 0.74850701 6.79245048]]"
3,4,"[[ 411.84013943 -315.0421891   413.52556149 -114.32659594  427.27437686
   416.80954248]
 [ 402.69699747 -313.80809832  414.71702262 -114.26370487  426.83588889
   428.9847289 ]
 [ 394.50518993  421.98841004  412.70836037  440.89001923 -106.58797347
  -295.09501879]
 [ 408.81311911 -289.96149281  410.95354285  225.45921267  397.84211588
  -297.70785875]
 [ 403.41905507  423.04849708  412.44476496  447.54539545   33.47529893
  -313.11228273]
 [ 411.08059747 -289.82032403  410.54235668  450.85509118   35.99241541
   418.32470423]
 [ 415.87673264 -291.57892225  405.12749203  225.86145257  394.67128614
  -280.15921807]
 [ 406.31693875 -290.57944228  405.14099333 -113.98042389  395.08386399
  -308.5689292 ]
 [ 398.49385112 -109.73031261  413.56449007 -116.1607429   427.70052146
   435.54938543]
 [ 395.45421578  420.72264994  406.12147445  445.05084795   35.44572339
  -307.83430546]
 [ 416.96967676 -288.3272029   411.76725838  450.2680433    36.13598677
   441.22616877]
 [ 403.06086523 -109.29583843  411.56326273 -112.92041716  427.11926673
  -303.7889227 ]
 [ 400.74628564 -311.79838221  415.47190673  444.15174529  496.8509699
   424.64845459]
 [ 396.38168141  -84.1173502   414.75269229 -114.31353823  424.65037427
   420.1635187 ]
 [ 404.15880911  -81.96982717  413.81044834 -115.77298963  426.94211698
   402.52149867]
 [ 415.59291268 -312.98514165  412.58953906  232.43574079  395.3497637
  -112.57852438]
 [ 407.79850691 -110.27863036  411.75109394  443.61404287   34.40141465
   431.65413965]
 [ 403.35059431 -110.72104711  412.21786674  442.33661555   34.8923969
   429.61568592]
 [ 413.69115058 -292.20877527  406.65109952  221.05217323   34.48117952
   409.39943267]
 [ 408.00515023 -312.22121383  412.01451217  230.77549579  396.63169371
  -143.07977077]]","[-2041.24715092 -2010.86491672 -1910.46886665 -1883.42066833
 -1811.73600664 -1810.5302281  -1806.92835137 -1805.33055591
 -1783.69775161 -1783.65492979 -1773.04196245 -1700.90402751
 -1696.96431518 -1684.04808478 -1671.02649393 -1659.91945918
 -1648.80818699 -1647.56598687 -1646.23230874 -1638.18245954]","[[ 4.82231011  0.76585801  0.61221447  2.58846717  0.64758057 17.70270862]
 [ 4.82231011  0.76585801  0.61221447  2.58846717  0.64758057 17.70270862]
 [ 4.82231011  0.76585801  0.61221447  2.58846717  0.64758057 17.70270862]
 [ 4.82231011  0.76585801  0.61221447  2.58846717  0.64758057 17.70270862]
 [ 4.82231011  0.76585801  0.61221447  2.58846717  0.64758057 17.70270862]
 [ 4.82231011  0.76585801  0.61221447  2.58846717  0.64758057 17.70270862]
 [ 4.82231011  0.76585801  0.61221447  2.58846717  0.64758057 17.70270862]
 [ 4.82231011  0.76585801  0.61221447  2.58846717  0.64758057 17.70270862]
 [ 4.82231011  0.76585801  0.61221447  2.58846717  0.64758057 17.70270862]
 [ 4.82231011  0.76585801  0.61221447  2.58846717  0.64758057 17.70270862]
 [ 4.82231011  0.76585801  0.61221447  2.58846717  0.64758057 17.70270862]
 [ 4.82231011  0.76585801  0.61221447  2.58846717  0.64758057 17.70270862]
 [ 4.82231011  0.76585801  0.61221447  2.58846717  0.64758057 17.70270862]
 [ 4.82231011  0.76585801  0.61221447  2.58846717  0.64758057 17.70270862]
 [ 4.82231011  0.76585801  0.61221447  2.58846717  0.64758057 17.70270862]
 [ 4.82231011  0.76585801  0.61221447  2.58846717  0.64758057 17.70270862]
 [ 4.82231011  0.76585801  0.61221447  2.58846717  0.64758057 17.70270862]
 [ 4.82231011  0.76585801  0.61221447  2.58846717  0.64758057 17.70270862]
 [ 4.82231011  0.76585801  0.61221447  2.58846717  0.64758057 17.70270862]
 [ 4.82231011  0.76585801  0.61221447  2.58846717  0.64758057 17.70270862]]"
4,5,"[[ 426.52850974 -287.00050232  411.99008168  446.01128241  426.88815934
   417.20068411]
 [ 403.35059431 -312.22121383  412.01451217  442.33661555  396.63169371
   429.61568592]
 [ 425.55925795 -287.80340962  411.48027388  453.23566257  396.89784095
   426.28097201]
 [ 404.00348132 -290.06944552  415.73100684  445.50997951  397.03151167
   440.18425736]
 [ 404.37256087  422.48153351  412.01993338  440.93409673 -106.67730904
   427.39042551]
 [ 407.72887874 -110.76224227  411.83698977  440.38226798  426.70809184
   439.17682851]
 [ 405.03064827  424.02872641  413.56141442  447.96613187  427.78291403
  -257.44972854]
 [ 406.3621527  -314.39532631  412.59397783 -119.27571398  428.21391718
   409.53314209]
 [ 389.94279952 -289.42497051  411.57317667  448.84451466  397.65873732
   394.55138823]
 [ 423.82160223  423.30357594  413.21656824 -117.29368371  395.12377617
  -304.72255184]
 [ 411.68764082 -314.2858702   414.84278974 -116.61307856  427.36091385
   399.49204024]
 [ 396.68179762  421.48919528  413.75619513  439.12757372 -107.16490805
   443.9445157 ]
 [ 399.28459471 -289.77595139  410.61706996 -117.04324137  427.99202846
   430.8569013 ]
 [ 411.34641777 -315.13120236  414.91404487 -111.75142005  427.74155235
   443.72688465]
 [ 402.36481132  424.32975234  412.65577985  444.04628985   35.5751062
   422.3655069 ]
 [ 418.79663677 -289.32078357  412.20315334  233.21084638  397.4844647
   436.2333405 ]
 [ 408.84470061 -313.0304534   412.91075134  436.99765783  395.51021772
  -120.82501802]
 [ 399.12679769  421.27778038  412.56004581  440.90401239 -107.07695836
  -293.91222589]
 [ 399.8459512  -315.18572277  413.908416   -118.00292847  428.73094125
   445.73197243]
 [ 403.06271146 -312.53004688  411.74186674 -111.02913983  396.64585541
   408.99896361]]","[-2268.03715155 -2197.20769587 -2154.48089916 -2147.04945827
 -2079.45330299 -2068.72886619 -2045.08999695 -2019.42562475
 -2003.40251229 -2001.68665628 -1996.35454816 -1995.86784952
 -1982.10739286 -1972.0368208  -1964.79756484 -1946.97857134
 -1946.36375796 -1935.89354521 -1929.00962938 -1923.60145604]","[[ 8.1471713   0.70069822  0.51984211  3.55405011  0.56026275 46.13738349]
 [ 8.1471713   0.70069822  0.51984211  3.55405011  0.56026275 46.13738349]
 [ 8.1471713   0.70069822  0.51984211  3.55405011  0.56026275 46.13738349]
 [ 8.1471713   0.70069822  0.51984211  3.55405011  0.56026275 46.13738349]
 [ 8.1471713   0.70069822  0.51984211  3.55405011  0.56026275 46.13738349]
 [ 8.1471713   0.70069822  0.51984211  3.55405011  0.56026275 46.13738349]
 [ 8.1471713   0.70069822  0.51984211  3.55405011  0.56026275 46.13738349]
 [ 8.1471713   0.70069822  0.51984211  3.55405011  0.56026275 46.13738349]
 [ 8.1471713   0.70069822  0.51984211  3.55405011  0.56026275 46.13738349]
 [ 8.1471713   0.70069822  0.51984211  3.55405011  0.56026275 46.13738349]
 [ 8.1471713   0.70069822  0.51984211  3.55405011  0.56026275 46.13738349]
 [ 8.1471713   0.70069822  0.51984211  3.55405011  0.56026275 46.13738349]
 [ 8.1471713   0.70069822  0.51984211  3.55405011  0.56026275 46.13738349]
 [ 8.1471713   0.70069822  0.51984211  3.55405011  0.56026275 46.13738349]
 [ 8.1471713   0.70069822  0.51984211  3.55405011  0.56026275 46.13738349]
 [ 8.1471713   0.70069822  0.51984211  3.55405011  0.56026275 46.13738349]
 [ 8.1471713   0.70069822  0.51984211  3.55405011  0.56026275 46.13738349]
 [ 8.1471713   0.70069822  0.51984211  3.55405011  0.56026275 46.13738349]
 [ 8.1471713   0.70069822  0.51984211  3.55405011  0.56026275 46.13738349]
 [ 8.1471713   0.70069822  0.51984211  3.55405011  0.56026275 46.13738349]]"
5,6,"[[ 412.4550284   421.1955063   412.43118727  438.02739068  427.35283604
   398.77031881]
 [ 426.38863236  423.93879176  412.74363195  441.15060007  426.95422771
   398.2196183 ]
 [ 399.12679769  421.27778038  411.83698977  440.38226798  426.70809184
   439.17682851]
 [ 407.48839594  421.26137294  415.77311179  446.51883636  397.0159003
   429.36956215]
 [ 410.94082658 -287.68089546  412.18450768  441.7072308   426.85630113
   423.87993221]
 [ 419.60192903  423.20379901  411.73916028  447.27160092  397.40343051
   446.9073903 ]
 [ 406.64327461 -290.76742435  411.39044275  437.34146012  397.91147056
   410.22995899]
 [ 404.37256087 -313.0304534   412.91075134  440.93409673  395.51021772
   427.39042551]
 [ 392.46498325 -289.48315428  412.12382032  443.42270205  427.03285883
   427.98192867]
 [ 411.33595184 -313.73105387  412.91811017  445.19166242  394.74722887
   410.51016334]
 [ 434.33806975  423.17883452  414.24987121  457.18800767  427.72871055
  -287.13256094]
 [ 425.55925795 -287.80340962  411.48027388  453.23566257  396.89784095
   422.3655069 ]
 [ 404.00348132 -290.06944552  412.01451217  442.33661555  396.63169371
   440.18425736]
 [ 411.68764082 -314.2858702   411.48027388  453.23566257  396.89784095
   426.28097201]
 [ 404.00348132 -313.0304534   412.91075134  445.50997951  395.51021772
   440.18425736]
 [ 426.45561342 -287.20759356  410.85240724  448.05034686  428.02339224
   451.67173952]
 [ 397.83817194  422.6868172   414.56457745 -120.88985463  428.76153618
   413.43188226]
 [ 402.28193147  423.62709038  412.0695347   438.8729061   396.76448438
   188.88616235]
 [ 391.91269348  422.90689663  413.71411472  450.64350517  427.83086624
  -327.58468295]
 [ 416.02098366 -289.72254894  411.62659175  450.69843255  426.81295976
   457.69798262]]","[-2393.99391132 -2382.28083496 -2352.57313379 -2328.8026982
 -2286.96929115 -2266.71757597 -2228.57818299 -2206.10217251
 -2193.87262457 -2190.71259713 -2174.30127572 -2157.79772196
 -2155.8757067  -2155.71279136 -2138.94688411 -2138.51150933
 -2130.3987674  -2104.43455684 -2096.80242451 -2087.18726168]","[[ 13.7644404    0.64108227   0.4414071    4.8798271    0.4847186
  120.24477163]
 [ 13.7644404    0.64108227   0.4414071    4.8798271    0.4847186
  120.24477163]
 [ 13.7644404    0.64108227   0.4414071    4.8798271    0.4847186
  120.24477163]
 [ 13.7644404    0.64108227   0.4414071    4.8798271    0.4847186
  120.24477163]
 [ 13.7644404    0.64108227   0.4414071    4.8798271    0.4847186
  120.24477163]
 [ 13.7644404    0.64108227   0.4414071    4.8798271    0.4847186
  120.24477163]
 [ 13.7644404    0.64108227   0.4414071    4.8798271    0.4847186
  120.24477163]
 [ 13.7644404    0.64108227   0.4414071    4.8798271    0.4847186
  120.24477163]
 [ 13.7644404    0.64108227   0.4414071    4.8798271    0.4847186
  120.24477163]
 [ 13.7644404    0.64108227   0.4414071    4.8798271    0.4847186
  120.24477163]
 [ 13.7644404    0.64108227   0.4414071    4.8798271    0.4847186
  120.24477163]
 [ 13.7644404    0.64108227   0.4414071    4.8798271    0.4847186
  120.24477163]
 [ 13.7644404    0.64108227   0.4414071    4.8798271    0.4847186
  120.24477163]
 [ 13.7644404    0.64108227   0.4414071    4.8798271    0.4847186
  120.24477163]
 [ 13.7644404    0.64108227   0.4414071    4.8798271    0.4847186
  120.24477163]
 [ 13.7644404    0.64108227   0.4414071    4.8798271    0.4847186
  120.24477163]
 [ 13.7644404    0.64108227   0.4414071    4.8798271    0.4847186
  120.24477163]
 [ 13.7644404    0.64108227   0.4414071    4.8798271    0.4847186
  120.24477163]
 [ 13.7644404    0.64108227   0.4414071    4.8798271    0.4847186
  120.24477163]
 [ 13.7644404    0.64108227   0.4414071    4.8798271    0.4847186
  120.24477163]]"
6,7,"[[ 412.4550284   423.17883452  412.43118727  438.02739068  427.35283604
   398.77031881]
 [ 426.38863236  423.93879176  415.77311179  441.15060007  426.95422771
   398.2196183 ]
 [ 419.60192903  423.20379901  411.73916028  438.02739068  427.35283604
   446.9073903 ]
 [ 396.75318946  424.2312804   410.93888189  443.3010558   427.77013937
   426.1559688 ]
 [ 399.12679769  421.27778038  411.83698977  440.38226798  426.70809184
   439.17682851]
 [ 404.00348132  423.17883452  412.91075134  445.50997951  427.72871055
   440.18425736]
 [ 397.83817194  422.6868172   410.85240724  448.05034686  428.76153618
   413.43188226]
 [ 411.33595184  423.20379901  412.91811017  445.19166242  394.74722887
   410.51016334]
 [ 390.22671424  423.38854165  412.69901494  438.04254653  428.88129209
   435.96358333]
 [ 425.55925795  423.93879176  411.48027388  441.15060007  396.89784095
   398.2196183 ]
 [ 392.66652055  420.09684941  412.12241129  448.68447516  426.66136939
   423.61561752]
 [ 419.60192903  423.20379901  411.73916028  453.23566257  396.89784095
   422.3655069 ]
 [ 426.45561342  422.6868172   414.56457745  448.05034686  428.02339224
   451.67173952]
 [ 378.3987827   423.90473379  412.27074917  426.56937448  426.62861596
   426.43235539]
 [ 391.91269348  422.90689663  415.77311179  450.64350517  427.83086624
   429.36956215]
 [ 410.94082658 -287.68089546  411.62659175  441.7072308   426.85630113
   423.87993221]
 [ 447.87035326  421.41358081  411.89652188  440.97638033  426.04833585
   395.187997  ]
 [ 404.00348132 -313.0304534   412.91075134  441.7072308   426.85630113
   423.87993221]
 [ 399.12679769  421.27778038  412.91811017  445.19166242  394.74722887
   410.51016334]
 [ 404.00348132 -313.0304534   412.18450768  441.7072308   426.85630113
   423.87993221]]","[-2393.38368517 -2387.36648962 -2377.84534827 -2357.68927361
 -2352.57313379 -2343.26585365 -2330.65857902 -2324.37919314
 -2319.77859798 -2314.76166933 -2308.78887632 -2305.44561133
 -2293.20162192 -2287.14487811 -2286.7371203  -2285.71046225
 -2281.14344801 -2278.81967708 -2278.36217533 -2277.29482672]","[[ 23.25467484   0.5865385    0.37480656   6.70016227   0.4193606
  313.38589254]
 [ 23.25467484   0.5865385    0.37480656   6.70016227   0.4193606
  313.38589254]
 [ 23.25467484   0.5865385    0.37480656   6.70016227   0.4193606
  313.38589254]
 [ 23.25467484   0.5865385    0.37480656   6.70016227   0.4193606
  313.38589254]
 [ 23.25467484   0.5865385    0.37480656   6.70016227   0.4193606
  313.38589254]
 [ 23.25467484   0.5865385    0.37480656   6.70016227   0.4193606
  313.38589254]
 [ 23.25467484   0.5865385    0.37480656   6.70016227   0.4193606
  313.38589254]
 [ 23.25467484   0.5865385    0.37480656   6.70016227   0.4193606
  313.38589254]
 [ 23.25467484   0.5865385    0.37480656   6.70016227   0.4193606
  313.38589254]
 [ 23.25467484   0.5865385    0.37480656   6.70016227   0.4193606
  313.38589254]
 [ 23.25467484   0.5865385    0.37480656   6.70016227   0.4193606
  313.38589254]
 [ 23.25467484   0.5865385    0.37480656   6.70016227   0.4193606
  313.38589254]
 [ 23.25467484   0.5865385    0.37480656   6.70016227   0.4193606
  313.38589254]
 [ 23.25467484   0.5865385    0.37480656   6.70016227   0.4193606
  313.38589254]
 [ 23.25467484   0.5865385    0.37480656   6.70016227   0.4193606
  313.38589254]
 [ 23.25467484   0.5865385    0.37480656   6.70016227   0.4193606
  313.38589254]
 [ 23.25467484   0.5865385    0.37480656   6.70016227   0.4193606
  313.38589254]
 [ 23.25467484   0.5865385    0.37480656   6.70016227   0.4193606
  313.38589254]
 [ 23.25467484   0.5865385    0.37480656   6.70016227   0.4193606
  313.38589254]
 [ 23.25467484   0.5865385    0.37480656   6.70016227   0.4193606
  313.38589254]]"
7,8,"[[409.41218362 422.27216739 411.78820526 424.10412287 427.78008633
  416.73091787]
 [419.60192903 423.20379901 411.62659175 438.02739068 427.35283604
  423.87993221]
 [426.38863236 423.93879176 412.91075134 441.15060007 426.95422771
  423.87993221]
 [425.55925795 423.93879176 411.48027388 441.7072308  426.85630113
  423.87993221]
 [411.33595184 423.20379901 412.18450768 441.7072308  426.85630113
  423.87993221]
 [426.38863236 423.90473379 412.27074917 426.56937448 426.62861596
  398.2196183 ]
 [404.00348132 423.20379901 411.73916028 438.02739068 427.35283604
  423.87993221]
 [412.4550284  423.38854165 412.69901494 438.04254653 428.88129209
  435.96358333]
 [426.38863236 423.38854165 415.77311179 441.15060007 428.88129209
  435.96358333]
 [404.00348132 421.41358081 412.91075134 441.7072308  426.85630113
  423.87993221]
 [404.00348132 423.20379901 412.91075134 441.7072308  426.85630113
  423.87993221]
 [426.45561342 423.20379901 412.91811017 445.19166242 428.02339224
  410.51016334]
 [426.45561342 422.6868172  414.56457745 448.05034686 428.02339224
  426.43235539]
 [404.00348132 422.90689663 412.91075134 441.7072308  426.85630113
  429.36956215]
 [419.60192903 423.17883452 412.43118727 438.02739068 427.35283604
  398.77031881]
 [412.4550284  423.17883452 412.43118727 438.02739068 427.35283604
  398.77031881]
 [412.4550284  423.20379901 412.43118727 438.02739068 427.35283604
  398.77031881]
 [426.38863236 423.93879176 415.77311179 441.15060007 426.95422771
  398.2196183 ]
 [426.38863236 423.38854165 415.77311179 441.15060007 428.88129209
  398.2196183 ]
 [412.4550284  421.27778038 412.43118727 440.38226798 427.35283604
  398.77031881]]","[-2477.10906661 -2459.46096107 -2444.57993914 -2439.85827737
 -2432.99338136 -2428.58728047 -2424.40274044 -2422.89077807
 -2419.17591787 -2411.18054523 -2410.5747894  -2408.79357937
 -2404.33320467 -2402.89881111 -2402.23090667 -2393.38368517
 -2393.36967148 -2387.36648962 -2384.36452233 -2383.39295054]","[[3.92881866e+01 5.36635348e-01 3.18254860e-01 9.19954203e+00
  3.62815271e-01 8.16756657e+02]
 [3.92881866e+01 5.36635348e-01 3.18254860e-01 9.19954203e+00
  3.62815271e-01 8.16756657e+02]
 [3.92881866e+01 5.36635348e-01 3.18254860e-01 9.19954203e+00
  3.62815271e-01 8.16756657e+02]
 [3.92881866e+01 5.36635348e-01 3.18254860e-01 9.19954203e+00
  3.62815271e-01 8.16756657e+02]
 [3.92881866e+01 5.36635348e-01 3.18254860e-01 9.19954203e+00
  3.62815271e-01 8.16756657e+02]
 [3.92881866e+01 5.36635348e-01 3.18254860e-01 9.19954203e+00
  3.62815271e-01 8.16756657e+02]
 [3.92881866e+01 5.36635348e-01 3.18254860e-01 9.19954203e+00
  3.62815271e-01 8.16756657e+02]
 [3.92881866e+01 5.36635348e-01 3.18254860e-01 9.19954203e+00
  3.62815271e-01 8.16756657e+02]
 [3.92881866e+01 5.36635348e-01 3.18254860e-01 9.19954203e+00
  3.62815271e-01 8.16756657e+02]
 [3.92881866e+01 5.36635348e-01 3.18254860e-01 9.19954203e+00
  3.62815271e-01 8.16756657e+02]
 [3.92881866e+01 5.36635348e-01 3.18254860e-01 9.19954203e+00
  3.62815271e-01 8.16756657e+02]
 [3.92881866e+01 5.36635348e-01 3.18254860e-01 9.19954203e+00
  3.62815271e-01 8.16756657e+02]
 [3.92881866e+01 5.36635348e-01 3.18254860e-01 9.19954203e+00
  3.62815271e-01 8.16756657e+02]
 [3.92881866e+01 5.36635348e-01 3.18254860e-01 9.19954203e+00
  3.62815271e-01 8.16756657e+02]
 [3.92881866e+01 5.36635348e-01 3.18254860e-01 9.19954203e+00
  3.62815271e-01 8.16756657e+02]
 [3.92881866e+01 5.36635348e-01 3.18254860e-01 9.19954203e+00
  3.62815271e-01 8.16756657e+02]
 [3.92881866e+01 5.36635348e-01 3.18254860e-01 9.19954203e+00
  3.62815271e-01 8.16756657e+02]
 [3.92881866e+01 5.36635348e-01 3.18254860e-01 9.19954203e+00
  3.62815271e-01 8.16756657e+02]
 [3.92881866e+01 5.36635348e-01 3.18254860e-01 9.19954203e+00
  3.62815271e-01 8.16756657e+02]
 [3.92881866e+01 5.36635348e-01 3.18254860e-01 9.19954203e+00
  3.62815271e-01 8.16756657e+02]]"
8,9,"[[409.41218362 422.27216739 411.78820526 424.10412287 427.78008633
  416.73091787]
 [419.60192903 423.93879176 412.43118727 438.02739068 427.35283604
  423.87993221]
 [419.60192903 423.20379901 411.62659175 438.02739068 426.85630113
  423.87993221]
 [419.60192903 423.20379901 411.62659175 438.02739068 427.35283604
  423.87993221]
 [419.60192903 423.20379901 411.62659175 438.02739068 427.35283604
  423.87993221]
 [426.38863236 423.93879176 412.91075134 438.02739068 426.95422771
  423.87993221]
 [404.00348132 422.27216739 411.78820526 424.10412287 427.78008633
  416.73091787]
 [426.45561342 423.20379901 411.73916028 438.02739068 427.35283604
  423.87993221]
 [426.45561342 422.6868172  411.73916028 438.02739068 427.35283604
  426.43235539]
 [412.4550284  423.20379901 412.43118727 438.02739068 427.35283604
  423.87993221]
 [419.60192903 421.27778038 412.43118727 440.38226798 427.35283604
  423.87993221]
 [409.41218362 422.27216739 412.69901494 424.10412287 428.88129209
  435.96358333]
 [412.4550284  423.38854165 411.62659175 438.02739068 427.35283604
  423.87993221]
 [411.33595184 423.20379901 412.18450768 438.02739068 427.35283604
  423.87993221]
 [412.4550284  423.20379901 412.18450768 438.04254653 428.88129209
  423.87993221]
 [426.38863236 423.20379901 415.77311179 441.15060007 428.88129209
  423.87993221]
 [419.60192903 423.20379901 411.62659175 441.15060007 426.95422771
  423.87993221]
 [419.60192903 423.17883452 412.43118727 441.7072308  426.85630113
  423.87993221]
 [426.38863236 423.93879176 414.56457745 441.15060007 426.95422771
  426.43235539]
 [412.4550284  423.38854165 412.91075134 438.04254653 428.88129209
  429.36956215]]","[-2477.10906661 -2460.76904965 -2460.22965746 -2459.46096107
 -2459.46096107 -2458.91015804 -2458.21900716 -2456.1555064
 -2453.71473844 -2452.40496478 -2451.27546535 -2451.08756149
 -2450.50514146 -2449.34492271 -2449.05401984 -2446.43276156
 -2445.75274171 -2444.91465863 -2444.87036247 -2442.63782824]","[[6.63764001e+01 4.90977997e-01 2.70235816e-01 1.26312722e+01
  3.13894347e-01 2.12865816e+03]
 [6.63764001e+01 4.90977997e-01 2.70235816e-01 1.26312722e+01
  3.13894347e-01 2.12865816e+03]
 [6.63764001e+01 4.90977997e-01 2.70235816e-01 1.26312722e+01
  3.13894347e-01 2.12865816e+03]
 [6.63764001e+01 4.90977997e-01 2.70235816e-01 1.26312722e+01
  3.13894347e-01 2.12865816e+03]
 [6.63764001e+01 4.90977997e-01 2.70235816e-01 1.26312722e+01
  3.13894347e-01 2.12865816e+03]
 [6.63764001e+01 4.90977997e-01 2.70235816e-01 1.26312722e+01
  3.13894347e-01 2.12865816e+03]
 [6.63764001e+01 4.90977997e-01 2.70235816e-01 1.26312722e+01
  3.13894347e-01 2.12865816e+03]
 [6.63764001e+01 4.90977997e-01 2.70235816e-01 1.26312722e+01
  3.13894347e-01 2.12865816e+03]
 [6.63764001e+01 4.90977997e-01 2.70235816e-01 1.26312722e+01
  3.13894347e-01 2.12865816e+03]
 [6.63764001e+01 4.90977997e-01 2.70235816e-01 1.26312722e+01
  3.13894347e-01 2.12865816e+03]
 [6.63764001e+01 4.90977997e-01 2.70235816e-01 1.26312722e+01
  3.13894347e-01 2.12865816e+03]
 [6.63764001e+01 4.90977997e-01 2.70235816e-01 1.26312722e+01
  3.13894347e-01 2.12865816e+03]
 [6.63764001e+01 4.90977997e-01 2.70235816e-01 1.26312722e+01
  3.13894347e-01 2.12865816e+03]
 [6.63764001e+01 4.90977997e-01 2.70235816e-01 1.26312722e+01
  3.13894347e-01 2.12865816e+03]
 [6.63764001e+01 4.90977997e-01 2.70235816e-01 1.26312722e+01
  3.13894347e-01 2.12865816e+03]
 [6.63764001e+01 4.90977997e-01 2.70235816e-01 1.26312722e+01
  3.13894347e-01 2.12865816e+03]
 [6.63764001e+01 4.90977997e-01 2.70235816e-01 1.26312722e+01
  3.13894347e-01 2.12865816e+03]
 [6.63764001e+01 4.90977997e-01 2.70235816e-01 1.26312722e+01
  3.13894347e-01 2.12865816e+03]
 [6.63764001e+01 4.90977997e-01 2.70235816e-01 1.26312722e+01
  3.13894347e-01 2.12865816e+03]
 [6.63764001e+01 4.90977997e-01 2.70235816e-01 1.26312722e+01
  3.13894347e-01 2.12865816e+03]]"
9,10,"[[419.60192903 422.27216739 411.78820526 424.10412287 426.85630113
  416.73091787]
 [419.60192903 423.17883452 411.78820526 424.10412287 427.78008633
  423.87993221]
 [426.38863236 422.27216739 412.91075134 424.10412287 426.95422771
  416.73091787]
 [412.4550284  423.20379901 412.43118727 424.10412287 428.88129209
  423.87993221]
 [412.4550284  422.27216739 411.78820526 424.10412287 427.78008633
  416.73091787]
 [412.4550284  423.38854165 411.78820526 424.10412287 427.78008633
  416.73091787]
 [409.41218362 423.93879176 411.78820526 424.10412287 426.95422771
  423.87993221]
 [409.41218362 422.27216739 411.62659175 424.10412287 427.35283604
  423.87993221]
 [409.41218362 422.27216739 411.78820526 424.10412287 427.78008633
  416.73091787]
 [409.41218362 423.93879176 411.78820526 424.10412287 426.95422771
  426.43235539]
 [409.41218362 423.38854165 412.91075134 424.10412287 428.88129209
  429.36956215]
 [419.60192903 423.93879176 412.69901494 424.10412287 427.35283604
  435.96358333]
 [419.60192903 423.20379901 412.91075134 438.02739068 426.95422771
  423.87993221]
 [419.60192903 421.27778038 412.43118727 438.02739068 426.85630113
  423.87993221]
 [419.60192903 423.38854165 412.91075134 438.02739068 427.35283604
  423.87993221]
 [419.60192903 423.17883452 412.43118727 438.02739068 426.85630113
  423.87993221]
 [419.60192903 423.17883452 412.43118727 438.02739068 426.85630113
  423.87993221]
 [419.60192903 421.27778038 412.43118727 438.02739068 427.35283604
  423.87993221]
 [419.60192903 421.27778038 412.43118727 438.02739068 427.35283604
  423.87993221]
 [419.60192903 423.20379901 412.43118727 438.02739068 427.35283604
  423.87993221]]","[-2495.01701307 -2494.32532442 -2493.80820674 -2484.83936456
 -2484.69009523 -2484.16523159 -2478.73292345 -2478.63788253
 -2477.10906661 -2476.03408215 -2470.30974802 -2469.37091572
 -2462.86663988 -2462.63955927 -2462.13604222 -2462.03489637
 -2462.03489637 -2461.87086288 -2461.87086288 -2461.25218629]","[[1.12141254e+02 4.49205209e-01 2.29461999e-01 1.73431501e+01
  2.71569774e-01 5.54777914e+03]
 [1.12141254e+02 4.49205209e-01 2.29461999e-01 1.73431501e+01
  2.71569774e-01 5.54777914e+03]
 [1.12141254e+02 4.49205209e-01 2.29461999e-01 1.73431501e+01
  2.71569774e-01 5.54777914e+03]
 [1.12141254e+02 4.49205209e-01 2.29461999e-01 1.73431501e+01
  2.71569774e-01 5.54777914e+03]
 [1.12141254e+02 4.49205209e-01 2.29461999e-01 1.73431501e+01
  2.71569774e-01 5.54777914e+03]
 [1.12141254e+02 4.49205209e-01 2.29461999e-01 1.73431501e+01
  2.71569774e-01 5.54777914e+03]
 [1.12141254e+02 4.49205209e-01 2.29461999e-01 1.73431501e+01
  2.71569774e-01 5.54777914e+03]
 [1.12141254e+02 4.49205209e-01 2.29461999e-01 1.73431501e+01
  2.71569774e-01 5.54777914e+03]
 [1.12141254e+02 4.49205209e-01 2.29461999e-01 1.73431501e+01
  2.71569774e-01 5.54777914e+03]
 [1.12141254e+02 4.49205209e-01 2.29461999e-01 1.73431501e+01
  2.71569774e-01 5.54777914e+03]
 [1.12141254e+02 4.49205209e-01 2.29461999e-01 1.73431501e+01
  2.71569774e-01 5.54777914e+03]
 [1.12141254e+02 4.49205209e-01 2.29461999e-01 1.73431501e+01
  2.71569774e-01 5.54777914e+03]
 [1.12141254e+02 4.49205209e-01 2.29461999e-01 1.73431501e+01
  2.71569774e-01 5.54777914e+03]
 [1.12141254e+02 4.49205209e-01 2.29461999e-01 1.73431501e+01
  2.71569774e-01 5.54777914e+03]
 [1.12141254e+02 4.49205209e-01 2.29461999e-01 1.73431501e+01
  2.71569774e-01 5.54777914e+03]
 [1.12141254e+02 4.49205209e-01 2.29461999e-01 1.73431501e+01
  2.71569774e-01 5.54777914e+03]
 [1.12141254e+02 4.49205209e-01 2.29461999e-01 1.73431501e+01
  2.71569774e-01 5.54777914e+03]
 [1.12141254e+02 4.49205209e-01 2.29461999e-01 1.73431501e+01
  2.71569774e-01 5.54777914e+03]
 [1.12141254e+02 4.49205209e-01 2.29461999e-01 1.73431501e+01
  2.71569774e-01 5.54777914e+03]
 [1.12141254e+02 4.49205209e-01 2.29461999e-01 1.73431501e+01
  2.71569774e-01 5.54777914e+03]]"
10,11,"[[419.60192903 422.27216739 412.43118727 424.10412287 426.85630113
  423.87993221]
 [419.60192903 423.17883452 412.91075134 424.10412287 427.35283604
  423.87993221]
 [419.60192903 422.27216739 412.91075134 424.10412287 426.95422771
  416.73091787]
 [419.60192903 423.17883452 412.43118727 424.10412287 426.85630113
  423.87993221]
 [419.60192903 423.20379901 412.69901494 424.10412287 427.35283604
  423.87993221]
 [419.60192903 423.20379901 412.69901494 424.10412287 427.35283604
  423.87993221]
 [419.60192903 423.93879176 412.43118727 424.10412287 426.85630113
  423.87993221]
 [419.60192903 421.27778038 412.43118727 424.10412287 426.85630113
  416.73091787]
 [419.60192903 422.27216739 412.43118727 424.10412287 426.85630113
  416.73091787]
 [419.60192903 423.38854165 412.43118727 424.10412287 427.35283604
  423.87993221]
 [419.60192903 421.27778038 411.78820526 424.10412287 426.95422771
  423.87993221]
 [419.60192903 422.27216739 412.69901494 424.10412287 427.35283604
  416.73091787]
 [419.60192903 421.27778038 412.43118727 424.10412287 427.35283604
  416.73091787]
 [419.60192903 423.17883452 412.43118727 424.10412287 427.78008633
  423.87993221]
 [419.60192903 423.93879176 411.78820526 424.10412287 426.95422771
  423.87993221]
 [419.60192903 423.20379901 411.78820526 424.10412287 427.35283604
  423.87993221]
 [419.60192903 422.27216739 411.78820526 424.10412287 426.85630113
  416.73091787]
 [419.60192903 423.38854165 411.78820526 424.10412287 427.35283604
  423.87993221]
 [419.60192903 423.93879176 412.69901494 424.10412287 427.78008633
  416.73091787]
 [426.38863236 423.17883452 412.91075134 424.10412287 426.95422771
  423.87993221]]","[-2497.62605427 -2497.44756007 -2497.28155194 -2497.22380242
 -2497.00229794 -2497.00229794 -2496.7266521  -2496.6382058
 -2496.43579474 -2496.33249424 -2496.26298681 -2496.22830395
 -2495.86950941 -2495.74410609 -2495.16117358 -2495.02231066
 -2495.01701307 -2494.91371256 -2494.61790185 -2494.59621442]","[[1.89459819e+02 4.10986482e-01 1.94840231e-01 2.38127125e+01
  2.34952120e-01 1.44588051e+04]
 [1.89459819e+02 4.10986482e-01 1.94840231e-01 2.38127125e+01
  2.34952120e-01 1.44588051e+04]
 [1.89459819e+02 4.10986482e-01 1.94840231e-01 2.38127125e+01
  2.34952120e-01 1.44588051e+04]
 [1.89459819e+02 4.10986482e-01 1.94840231e-01 2.38127125e+01
  2.34952120e-01 1.44588051e+04]
 [1.89459819e+02 4.10986482e-01 1.94840231e-01 2.38127125e+01
  2.34952120e-01 1.44588051e+04]
 [1.89459819e+02 4.10986482e-01 1.94840231e-01 2.38127125e+01
  2.34952120e-01 1.44588051e+04]
 [1.89459819e+02 4.10986482e-01 1.94840231e-01 2.38127125e+01
  2.34952120e-01 1.44588051e+04]
 [1.89459819e+02 4.10986482e-01 1.94840231e-01 2.38127125e+01
  2.34952120e-01 1.44588051e+04]
 [1.89459819e+02 4.10986482e-01 1.94840231e-01 2.38127125e+01
  2.34952120e-01 1.44588051e+04]
 [1.89459819e+02 4.10986482e-01 1.94840231e-01 2.38127125e+01
  2.34952120e-01 1.44588051e+04]
 [1.89459819e+02 4.10986482e-01 1.94840231e-01 2.38127125e+01
  2.34952120e-01 1.44588051e+04]
 [1.89459819e+02 4.10986482e-01 1.94840231e-01 2.38127125e+01
  2.34952120e-01 1.44588051e+04]
 [1.89459819e+02 4.10986482e-01 1.94840231e-01 2.38127125e+01
  2.34952120e-01 1.44588051e+04]
 [1.89459819e+02 4.10986482e-01 1.94840231e-01 2.38127125e+01
  2.34952120e-01 1.44588051e+04]
 [1.89459819e+02 4.10986482e-01 1.94840231e-01 2.38127125e+01
  2.34952120e-01 1.44588051e+04]
 [1.89459819e+02 4.10986482e-01 1.94840231e-01 2.38127125e+01
  2.34952120e-01 1.44588051e+04]
 [1.89459819e+02 4.10986482e-01 1.94840231e-01 2.38127125e+01
  2.34952120e-01 1.44588051e+04]
 [1.89459819e+02 4.10986482e-01 1.94840231e-01 2.38127125e+01
  2.34952120e-01 1.44588051e+04]
 [1.89459819e+02 4.10986482e-01 1.94840231e-01 2.38127125e+01
  2.34952120e-01 1.44588051e+04]
 [1.89459819e+02 4.10986482e-01 1.94840231e-01 2.38127125e+01
  2.34952120e-01 1.44588051e+04]]"
11,12,"[[419.60192903 422.27216739 412.91075134 424.10412287 426.95422771
  423.87993221]
 [419.60192903 422.27216739 412.91075134 424.10412287 426.95422771
  423.87993221]
 [419.60192903 423.17883452 412.91075134 424.10412287 426.95422771
  423.87993221]
 [419.60192903 421.27778038 412.43118727 424.10412287 426.85630113
  423.87993221]
 [419.60192903 422.27216739 412.43118727 424.10412287 426.85630113
  423.87993221]
 [419.60192903 422.27216739 412.43118727 424.10412287 426.85630113
  423.87993221]
 [419.60192903 422.27216739 412.43118727 424.10412287 426.85630113
  423.87993221]
 [419.60192903 423.20379901 412.69901494 424.10412287 426.95422771
  423.87993221]
 [419.60192903 421.27778038 412.69901494 424.10412287 427.35283604
  423.87993221]
 [419.60192903 423.17883452 412.91075134 424.10412287 427.35283604
  423.87993221]
 [419.60192903 423.17883452 412.91075134 424.10412287 427.35283604
  423.87993221]
 [419.60192903 423.20379901 412.91075134 424.10412287 427.35283604
  423.87993221]
 [419.60192903 423.20379901 412.91075134 424.10412287 427.35283604
  423.87993221]
 [419.60192903 422.27216739 412.91075134 424.10412287 426.85630113
  416.73091787]
 [419.60192903 423.17883452 412.43118727 424.10412287 426.85630113
  423.87993221]
 [419.60192903 423.17883452 412.43118727 424.10412287 426.85630113
  423.87993221]
 [419.60192903 423.17883452 412.43118727 424.10412287 426.85630113
  423.87993221]
 [419.60192903 423.20379901 412.43118727 424.10412287 426.85630113
  423.87993221]
 [419.60192903 423.38854165 412.43118727 424.10412287 426.85630113
  423.87993221]
 [419.60192903 423.38854165 412.43118727 424.10412287 426.85630113
  423.87993221]]","[-2498.47181147 -2498.47181147 -2498.06955962 -2497.82846533
 -2497.62605427 -2497.62605427 -2497.62605427 -2497.62429749
 -2497.62097454 -2497.44756007 -2497.44756007 -2497.43354638
 -2497.43354638 -2497.42824878 -2497.22380242 -2497.22380242
 -2497.22380242 -2497.20978873 -2497.10119063 -2497.10119063]","[[3.20087586e+02 3.76019434e-01 1.65442277e-01 3.26956334e+01
  2.03271881e-01 3.76830151e+04]
 [3.20087586e+02 3.76019434e-01 1.65442277e-01 3.26956334e+01
  2.03271881e-01 3.76830151e+04]
 [3.20087586e+02 3.76019434e-01 1.65442277e-01 3.26956334e+01
  2.03271881e-01 3.76830151e+04]
 [3.20087586e+02 3.76019434e-01 1.65442277e-01 3.26956334e+01
  2.03271881e-01 3.76830151e+04]
 [3.20087586e+02 3.76019434e-01 1.65442277e-01 3.26956334e+01
  2.03271881e-01 3.76830151e+04]
 [3.20087586e+02 3.76019434e-01 1.65442277e-01 3.26956334e+01
  2.03271881e-01 3.76830151e+04]
 [3.20087586e+02 3.76019434e-01 1.65442277e-01 3.26956334e+01
  2.03271881e-01 3.76830151e+04]
 [3.20087586e+02 3.76019434e-01 1.65442277e-01 3.26956334e+01
  2.03271881e-01 3.76830151e+04]
 [3.20087586e+02 3.76019434e-01 1.65442277e-01 3.26956334e+01
  2.03271881e-01 3.76830151e+04]
 [3.20087586e+02 3.76019434e-01 1.65442277e-01 3.26956334e+01
  2.03271881e-01 3.76830151e+04]
 [3.20087586e+02 3.76019434e-01 1.65442277e-01 3.26956334e+01
  2.03271881e-01 3.76830151e+04]
 [3.20087586e+02 3.76019434e-01 1.65442277e-01 3.26956334e+01
  2.03271881e-01 3.76830151e+04]
 [3.20087586e+02 3.76019434e-01 1.65442277e-01 3.26956334e+01
  2.03271881e-01 3.76830151e+04]
 [3.20087586e+02 3.76019434e-01 1.65442277e-01 3.26956334e+01
  2.03271881e-01 3.76830151e+04]
 [3.20087586e+02 3.76019434e-01 1.65442277e-01 3.26956334e+01
  2.03271881e-01 3.76830151e+04]
 [3.20087586e+02 3.76019434e-01 1.65442277e-01 3.26956334e+01
  2.03271881e-01 3.76830151e+04]
 [3.20087586e+02 3.76019434e-01 1.65442277e-01 3.26956334e+01
  2.03271881e-01 3.76830151e+04]
 [3.20087586e+02 3.76019434e-01 1.65442277e-01 3.26956334e+01
  2.03271881e-01 3.76830151e+04]
 [3.20087586e+02 3.76019434e-01 1.65442277e-01 3.26956334e+01
  2.03271881e-01 3.76830151e+04]
 [3.20087586e+02 3.76019434e-01 1.65442277e-01 3.26956334e+01
  2.03271881e-01 3.76830151e+04]]"
12,13,"[[419.60192903 422.27216739 412.91075134 424.10412287 426.85630113
  423.87993221]
 [419.60192903 422.27216739 412.91075134 424.10412287 426.85630113
  423.87993221]
 [419.60192903 422.27216739 412.91075134 424.10412287 426.95422771
  423.87993221]
 [419.60192903 422.27216739 412.91075134 424.10412287 426.95422771
  423.87993221]
 [419.60192903 422.27216739 412.91075134 424.10412287 426.95422771
  423.87993221]
 [419.60192903 422.27216739 412.91075134 424.10412287 426.95422771
  423.87993221]
 [419.60192903 422.27216739 412.91075134 424.10412287 426.95422771
  423.87993221]
 [419.60192903 422.27216739 412.91075134 424.10412287 426.95422771
  423.87993221]
 [419.60192903 422.27216739 412.91075134 424.10412287 426.95422771
  423.87993221]
 [419.60192903 421.27778038 412.69901494 424.10412287 426.85630113
  423.87993221]
 [419.60192903 423.17883452 412.91075134 424.10412287 426.85630113
  423.87993221]
 [419.60192903 423.17883452 412.91075134 424.10412287 426.85630113
  423.87993221]
 [419.60192903 423.17883452 412.91075134 424.10412287 426.85630113
  423.87993221]
 [419.60192903 423.17883452 412.91075134 424.10412287 426.85630113
  423.87993221]
 [419.60192903 423.17883452 412.91075134 424.10412287 426.95422771
  423.87993221]
 [419.60192903 423.17883452 412.91075134 424.10412287 426.95422771
  423.87993221]
 [419.60192903 423.17883452 412.91075134 424.10412287 426.95422771
  423.87993221]
 [419.60192903 423.17883452 412.91075134 424.10412287 426.95422771
  423.87993221]
 [419.60192903 423.17883452 412.91075134 424.10412287 426.95422771
  423.87993221]
 [419.60192903 423.20379901 412.91075134 424.10412287 426.95422771
  423.87993221]]","[-2498.61850831 -2498.61850831 -2498.47181147 -2498.47181147
 -2498.47181147 -2498.47181147 -2498.47181147 -2498.47181147
 -2498.47181147 -2498.38967093 -2498.21625646 -2498.21625646
 -2498.21625646 -2498.21625646 -2498.06955962 -2498.06955962
 -2498.06955962 -2498.06955962 -2498.06955962 -2498.05554593]","[[5.40779902e+02 3.44027409e-01 1.40479956e-01 4.48921745e+01
  1.75863310e-01 9.82107176e+04]
 [5.40779902e+02 3.44027409e-01 1.40479956e-01 4.48921745e+01
  1.75863310e-01 9.82107176e+04]
 [5.40779902e+02 3.44027409e-01 1.40479956e-01 4.48921745e+01
  1.75863310e-01 9.82107176e+04]
 [5.40779902e+02 3.44027409e-01 1.40479956e-01 4.48921745e+01
  1.75863310e-01 9.82107176e+04]
 [5.40779902e+02 3.44027409e-01 1.40479956e-01 4.48921745e+01
  1.75863310e-01 9.82107176e+04]
 [5.40779902e+02 3.44027409e-01 1.40479956e-01 4.48921745e+01
  1.75863310e-01 9.82107176e+04]
 [5.40779902e+02 3.44027409e-01 1.40479956e-01 4.48921745e+01
  1.75863310e-01 9.82107176e+04]
 [5.40779902e+02 3.44027409e-01 1.40479956e-01 4.48921745e+01
  1.75863310e-01 9.82107176e+04]
 [5.40779902e+02 3.44027409e-01 1.40479956e-01 4.48921745e+01
  1.75863310e-01 9.82107176e+04]
 [5.40779902e+02 3.44027409e-01 1.40479956e-01 4.48921745e+01
  1.75863310e-01 9.82107176e+04]
 [5.40779902e+02 3.44027409e-01 1.40479956e-01 4.48921745e+01
  1.75863310e-01 9.82107176e+04]
 [5.40779902e+02 3.44027409e-01 1.40479956e-01 4.48921745e+01
  1.75863310e-01 9.82107176e+04]
 [5.40779902e+02 3.44027409e-01 1.40479956e-01 4.48921745e+01
  1.75863310e-01 9.82107176e+04]
 [5.40779902e+02 3.44027409e-01 1.40479956e-01 4.48921745e+01
  1.75863310e-01 9.82107176e+04]
 [5.40779902e+02 3.44027409e-01 1.40479956e-01 4.48921745e+01
  1.75863310e-01 9.82107176e+04]
 [5.40779902e+02 3.44027409e-01 1.40479956e-01 4.48921745e+01
  1.75863310e-01 9.82107176e+04]
 [5.40779902e+02 3.44027409e-01 1.40479956e-01 4.48921745e+01
  1.75863310e-01 9.82107176e+04]
 [5.40779902e+02 3.44027409e-01 1.40479956e-01 4.48921745e+01
  1.75863310e-01 9.82107176e+04]
 [5.40779902e+02 3.44027409e-01 1.40479956e-01 4.48921745e+01
  1.75863310e-01 9.82107176e+04]
 [5.40779902e+02 3.44027409e-01 1.40479956e-01 4.48921745e+01
  1.75863310e-01 9.82107176e+04]]"
13,14,"[[419.60192903 421.27778038 412.91075134 424.10412287 426.85630113
  423.87993221]
 [419.60192903 421.27778038 412.91075134 424.10412287 426.85630113
  423.87993221]
 [419.60192903 422.27216739 412.91075134 424.10412287 426.85630113
  423.87993221]
 [419.60192903 422.27216739 412.91075134 424.10412287 426.85630113
  423.87993221]
 [419.60192903 422.27216739 412.91075134 424.10412287 426.85630113
  423.87993221]
 [419.60192903 422.27216739 412.91075134 424.10412287 426.85630113
  423.87993221]
 [419.60192903 422.27216739 412.91075134 424.10412287 426.85630113
  423.87993221]
 [419.60192903 422.27216739 412.91075134 424.10412287 426.85630113
  423.87993221]
 [419.60192903 422.27216739 412.91075134 424.10412287 426.85630113
  423.87993221]
 [419.60192903 422.27216739 412.91075134 424.10412287 426.85630113
  423.87993221]
 [419.60192903 422.27216739 412.91075134 424.10412287 426.85630113
  423.87993221]
 [419.60192903 422.27216739 412.91075134 424.10412287 426.85630113
  423.87993221]
 [419.60192903 422.27216739 412.91075134 424.10412287 426.85630113
  423.87993221]
 [419.60192903 422.27216739 412.91075134 424.10412287 426.85630113
  423.87993221]
 [419.60192903 422.27216739 412.91075134 424.10412287 426.85630113
  423.87993221]
 [419.60192903 422.27216739 412.91075134 424.10412287 426.85630113
  423.87993221]
 [419.60192903 422.27216739 412.91075134 424.10412287 426.85630113
  423.87993221]
 [419.60192903 422.27216739 412.91075134 424.10412287 426.85630113
  423.87993221]
 [419.60192903 422.27216739 412.91075134 424.10412287 426.85630113
  423.87993221]
 [419.60192903 422.27216739 412.91075134 424.10412287 426.85630113
  423.87993221]]","[-2498.82091937 -2498.82091937 -2498.61850831 -2498.61850831
 -2498.61850831 -2498.61850831 -2498.61850831 -2498.61850831
 -2498.61850831 -2498.61850831 -2498.61850831 -2498.61850831
 -2498.61850831 -2498.61850831 -2498.61850831 -2498.61850831
 -2498.61850831 -2498.61850831 -2498.61850831 -2498.61850831]","[[9.13634003e+02 3.14757291e-01 1.19284009e-01 6.16384244e+01
  1.52150428e-01 2.55960014e+05]
 [9.13634003e+02 3.14757291e-01 1.19284009e-01 6.16384244e+01
  1.52150428e-01 2.55960014e+05]
 [9.13634003e+02 3.14757291e-01 1.19284009e-01 6.16384244e+01
  1.52150428e-01 2.55960014e+05]
 [9.13634003e+02 3.14757291e-01 1.19284009e-01 6.16384244e+01
  1.52150428e-01 2.55960014e+05]
 [9.13634003e+02 3.14757291e-01 1.19284009e-01 6.16384244e+01
  1.52150428e-01 2.55960014e+05]
 [9.13634003e+02 3.14757291e-01 1.19284009e-01 6.16384244e+01
  1.52150428e-01 2.55960014e+05]
 [9.13634003e+02 3.14757291e-01 1.19284009e-01 6.16384244e+01
  1.52150428e-01 2.55960014e+05]
 [9.13634003e+02 3.14757291e-01 1.19284009e-01 6.16384244e+01
  1.52150428e-01 2.55960014e+05]
 [9.13634003e+02 3.14757291e-01 1.19284009e-01 6.16384244e+01
  1.52150428e-01 2.55960014e+05]
 [9.13634003e+02 3.14757291e-01 1.19284009e-01 6.16384244e+01
  1.52150428e-01 2.55960014e+05]
 [9.13634003e+02 3.14757291e-01 1.19284009e-01 6.16384244e+01
  1.52150428e-01 2.55960014e+05]
 [9.13634003e+02 3.14757291e-01 1.19284009e-01 6.16384244e+01
  1.52150428e-01 2.55960014e+05]
 [9.13634003e+02 3.14757291e-01 1.19284009e-01 6.16384244e+01
  1.52150428e-01 2.55960014e+05]
 [9.13634003e+02 3.14757291e-01 1.19284009e-01 6.16384244e+01
  1.52150428e-01 2.55960014e+05]
 [9.13634003e+02 3.14757291e-01 1.19284009e-01 6.16384244e+01
  1.52150428e-01 2.55960014e+05]
 [9.13634003e+02 3.14757291e-01 1.19284009e-01 6.16384244e+01
  1.52150428e-01 2.55960014e+05]
 [9.13634003e+02 3.14757291e-01 1.19284009e-01 6.16384244e+01
  1.52150428e-01 2.55960014e+05]
 [9.13634003e+02 3.14757291e-01 1.19284009e-01 6.16384244e+01
  1.52150428e-01 2.55960014e+05]
 [9.13634003e+02 3.14757291e-01 1.19284009e-01 6.16384244e+01
  1.52150428e-01 2.55960014e+05]
 [9.13634003e+02 3.14757291e-01 1.19284009e-01 6.16384244e+01
  1.52150428e-01 2.55960014e+05]]"
14,15,"[[419.60192903 421.27778038 412.91075134 424.10412287 426.85630113
  423.87993221]
 [419.60192903 421.27778038 412.91075134 424.10412287 426.85630113
  423.87993221]
 [419.60192903 421.27778038 412.91075134 424.10412287 426.85630113
  423.87993221]
 [419.60192903 421.27778038 412.91075134 424.10412287 426.85630113
  423.87993221]
 [419.60192903 421.27778038 412.91075134 424.10412287 426.85630113
  423.87993221]
 [419.60192903 421.27778038 412.91075134 424.10412287 426.85630113
  423.87993221]
 [419.60192903 421.27778038 412.91075134 424.10412287 426.85630113
  423.87993221]
 [419.60192903 421.27778038 412.91075134 424.10412287 426.85630113
  423.87993221]
 [419.60192903 421.27778038 412.91075134 424.10412287 426.85630113
  423.87993221]
 [419.60192903 421.27778038 412.91075134 424.10412287 426.85630113
  423.87993221]
 [419.60192903 421.27778038 412.91075134 424.10412287 426.85630113
  423.87993221]
 [419.60192903 421.27778038 412.91075134 424.10412287 426.85630113
  423.87993221]
 [419.60192903 421.27778038 412.91075134 424.10412287 426.85630113
  423.87993221]
 [419.60192903 421.27778038 412.91075134 424.10412287 426.85630113
  423.87993221]
 [419.60192903 422.27216739 412.91075134 424.10412287 426.85630113
  423.87993221]
 [419.60192903 422.27216739 412.91075134 424.10412287 426.85630113
  423.87993221]
 [419.60192903 422.27216739 412.91075134 424.10412287 426.85630113
  423.87993221]
 [419.60192903 422.27216739 412.91075134 424.10412287 426.85630113
  423.87993221]
 [419.60192903 422.27216739 412.91075134 424.10412287 426.85630113
  423.87993221]
 [419.60192903 422.27216739 412.91075134 424.10412287 426.85630113
  423.87993221]]","[-2498.82091937 -2498.82091937 -2498.82091937 -2498.82091937
 -2498.82091937 -2498.82091937 -2498.82091937 -2498.82091937
 -2498.82091937 -2498.82091937 -2498.82091937 -2498.82091937
 -2498.82091937 -2498.82091937 -2498.61850831 -2498.61850831
 -2498.61850831 -2498.61850831 -2498.61850831 -2498.61850831]","[[1.54356160e+03 2.87977497e-01 1.01286156e-01 8.46315736e+01
  1.31634921e-01 6.67091436e+05]
 [1.54356160e+03 2.87977497e-01 1.01286156e-01 8.46315736e+01
  1.31634921e-01 6.67091436e+05]
 [1.54356160e+03 2.87977497e-01 1.01286156e-01 8.46315736e+01
  1.31634921e-01 6.67091436e+05]
 [1.54356160e+03 2.87977497e-01 1.01286156e-01 8.46315736e+01
  1.31634921e-01 6.67091436e+05]
 [1.54356160e+03 2.87977497e-01 1.01286156e-01 8.46315736e+01
  1.31634921e-01 6.67091436e+05]
 [1.54356160e+03 2.87977497e-01 1.01286156e-01 8.46315736e+01
  1.31634921e-01 6.67091436e+05]
 [1.54356160e+03 2.87977497e-01 1.01286156e-01 8.46315736e+01
  1.31634921e-01 6.67091436e+05]
 [1.54356160e+03 2.87977497e-01 1.01286156e-01 8.46315736e+01
  1.31634921e-01 6.67091436e+05]
 [1.54356160e+03 2.87977497e-01 1.01286156e-01 8.46315736e+01
  1.31634921e-01 6.67091436e+05]
 [1.54356160e+03 2.87977497e-01 1.01286156e-01 8.46315736e+01
  1.31634921e-01 6.67091436e+05]
 [1.54356160e+03 2.87977497e-01 1.01286156e-01 8.46315736e+01
  1.31634921e-01 6.67091436e+05]
 [1.54356160e+03 2.87977497e-01 1.01286156e-01 8.46315736e+01
  1.31634921e-01 6.67091436e+05]
 [1.54356160e+03 2.87977497e-01 1.01286156e-01 8.46315736e+01
  1.31634921e-01 6.67091436e+05]
 [1.54356160e+03 2.87977497e-01 1.01286156e-01 8.46315736e+01
  1.31634921e-01 6.67091436e+05]
 [1.54356160e+03 2.87977497e-01 1.01286156e-01 8.46315736e+01
  1.31634921e-01 6.67091436e+05]
 [1.54356160e+03 2.87977497e-01 1.01286156e-01 8.46315736e+01
  1.31634921e-01 6.67091436e+05]
 [1.54356160e+03 2.87977497e-01 1.01286156e-01 8.46315736e+01
  1.31634921e-01 6.67091436e+05]
 [1.54356160e+03 2.87977497e-01 1.01286156e-01 8.46315736e+01
  1.31634921e-01 6.67091436e+05]
 [1.54356160e+03 2.87977497e-01 1.01286156e-01 8.46315736e+01
  1.31634921e-01 6.67091436e+05]
 [1.54356160e+03 2.87977497e-01 1.01286156e-01 8.46315736e+01
  1.31634921e-01 6.67091436e+05]]"
15,16,"[[419.60192903 421.27778038 412.91075134 424.10412287 426.85630113
  423.87993221]
 [419.60192903 421.27778038 412.91075134 424.10412287 426.85630113
  423.87993221]
 [419.60192903 421.27778038 412.91075134 424.10412287 426.85630113
  423.87993221]
 [419.60192903 421.27778038 412.91075134 424.10412287 426.85630113
  423.87993221]
 [419.60192903 421.27778038 412.91075134 424.10412287 426.85630113
  423.87993221]
 [419.60192903 421.27778038 412.91075134 424.10412287 426.85630113
  423.87993221]
 [419.60192903 421.27778038 412.91075134 424.10412287 426.85630113
  423.87993221]
 [419.60192903 421.27778038 412.91075134 424.10412287 426.85630113
  423.87993221]
 [419.60192903 421.27778038 412.91075134 424.10412287 426.85630113
  423.87993221]
 [419.60192903 421.27778038 412.91075134 424.10412287 426.85630113
  423.87993221]
 [419.60192903 421.27778038 412.91075134 424.10412287 426.85630113
  423.87993221]
 [419.60192903 421.27778038 412.91075134 424.10412287 426.85630113
  423.87993221]
 [419.60192903 421.27778038 412.91075134 424.10412287 426.85630113
  423.87993221]
 [419.60192903 421.27778038 412.91075134 424.10412287 426.85630113
  423.87993221]
 [419.60192903 421.27778038 412.91075134 424.10412287 426.85630113
  423.87993221]
 [419.60192903 421.27778038 412.91075134 424.10412287 426.85630113
  423.87993221]
 [419.60192903 421.27778038 412.91075134 424.10412287 426.85630113
  423.87993221]
 [419.60192903 421.27778038 412.91075134 424.10412287 426.85630113
  423.87993221]
 [419.60192903 421.27778038 412.91075134 424.10412287 426.85630113
  423.87993221]
 [419.60192903 421.27778038 412.91075134 424.10412287 426.85630113
  423.87993221]]","[-2498.82091937 -2498.82091937 -2498.82091937 -2498.82091937
 -2498.82091937 -2498.82091937 -2498.82091937 -2498.82091937
 -2498.82091937 -2498.82091937 -2498.82091937 -2498.82091937
 -2498.82091937 -2498.82091937 -2498.82091937 -2498.82091937
 -2498.82091937 -2498.82091937 -2498.82091937 -2498.82091937]","[[2.60780839e+03 2.63476148e-01 8.60038620e-02 1.16201920e+02
  1.13885663e-01 1.73859572e+06]
 [2.60780839e+03 2.63476148e-01 8.60038620e-02 1.16201920e+02
  1.13885663e-01 1.73859572e+06]
 [2.60780839e+03 2.63476148e-01 8.60038620e-02 1.16201920e+02
  1.13885663e-01 1.73859572e+06]
 [2.60780839e+03 2.63476148e-01 8.60038620e-02 1.16201920e+02
  1.13885663e-01 1.73859572e+06]
 [2.60780839e+03 2.63476148e-01 8.60038620e-02 1.16201920e+02
  1.13885663e-01 1.73859572e+06]
 [2.60780839e+03 2.63476148e-01 8.60038620e-02 1.16201920e+02
  1.13885663e-01 1.73859572e+06]
 [2.60780839e+03 2.63476148e-01 8.60038620e-02 1.16201920e+02
  1.13885663e-01 1.73859572e+06]
 [2.60780839e+03 2.63476148e-01 8.60038620e-02 1.16201920e+02
  1.13885663e-01 1.73859572e+06]
 [2.60780839e+03 2.63476148e-01 8.60038620e-02 1.16201920e+02
  1.13885663e-01 1.73859572e+06]
 [2.60780839e+03 2.63476148e-01 8.60038620e-02 1.16201920e+02
  1.13885663e-01 1.73859572e+06]
 [2.60780839e+03 2.63476148e-01 8.60038620e-02 1.16201920e+02
  1.13885663e-01 1.73859572e+06]
 [2.60780839e+03 2.63476148e-01 8.60038620e-02 1.16201920e+02
  1.13885663e-01 1.73859572e+06]
 [2.60780839e+03 2.63476148e-01 8.60038620e-02 1.16201920e+02
  1.13885663e-01 1.73859572e+06]
 [2.60780839e+03 2.63476148e-01 8.60038620e-02 1.16201920e+02
  1.13885663e-01 1.73859572e+06]
 [2.60780839e+03 2.63476148e-01 8.60038620e-02 1.16201920e+02
  1.13885663e-01 1.73859572e+06]
 [2.60780839e+03 2.63476148e-01 8.60038620e-02 1.16201920e+02
  1.13885663e-01 1.73859572e+06]
 [2.60780839e+03 2.63476148e-01 8.60038620e-02 1.16201920e+02
  1.13885663e-01 1.73859572e+06]
 [2.60780839e+03 2.63476148e-01 8.60038620e-02 1.16201920e+02
  1.13885663e-01 1.73859572e+06]
 [2.60780839e+03 2.63476148e-01 8.60038620e-02 1.16201920e+02
  1.13885663e-01 1.73859572e+06]
 [2.60780839e+03 2.63476148e-01 8.60038620e-02 1.16201920e+02
  1.13885663e-01 1.73859572e+06]]"
