,population,best_x,best_energy,ave_energy
0,1,[194.44940968 420.67949396],-609.8242963389505,-130.48853313242554
1,2,[194.68982846 421.34065674],-610.367511710543,-496.8107513973265
2,3,[412.10053    421.81005987],-828.0259284268653,-642.9496513331305
3,4,[415.66217468 424.46532323],-832.8809273492016,-797.989074187459
4,5,[420.5432125  421.47823631],-837.910168581451,-835.0126140807946
5,6,[420.5432125  421.47823631],-837.910168581451,-837.1149924104614
6,7,[420.42970754 421.1015623 ],-837.9268924405285,-837.6962392673162
7,8,[420.42970754 421.1015623 ],-837.9268924405285,-837.8243016959611
8,9,[420.44070238 420.9348543 ],-837.9304534361017,-837.8516733581821
9,10,[420.44070238 420.9348543 ],-837.9304534361017,-837.8629530236955
10,11,[421.05178928 420.96176586],-837.9648981912683,-837.8849892460494
11,12,[421.05178928 420.96176586],-837.9648981912683,-837.8917783261438
12,13,[421.05178928 420.96176586],-837.9648981912683,-837.894061720281
13,14,[421.05178928 420.96176586],-837.9648981912683,-837.894061720281
14,15,[421.05178928 420.96176586],-837.9648981912683,-837.8995873914591
15,16,[421.05178928 420.96176586],-837.9648981912683,-837.9132230470362
16,17,[421.05178928 420.96176586],-837.9648981912683,-837.9147903284684
17,18,[421.05178928 420.96176586],-837.9648981912683,-837.9207117288813
18,19,[421.05178928 420.96176586],-837.9648981912683,-837.9223386059555
19,20,[421.05178928 420.96176586],-837.9648981912683,-837.923979598103
20,21,[421.05178928 420.96176586],-837.9648981912683,-837.9260469247978
21,22,[421.05178928 420.96176586],-837.9648981912683,-837.9266722817813
22,23,[421.05178928 420.96176586],-837.9648981912683,-837.9266722817813
23,24,[421.05178928 420.96176586],-837.9648981912683,-837.9266722817813
24,25,[421.05178928 420.96176586],-837.9648981912683,-837.9266722817813
25,26,[421.05178928 420.96176586],-837.9648981912683,-837.9289279412922
26,27,[421.05178928 420.96176586],-837.9648981912683,-837.931491099845
27,28,[421.05178928 420.96176586],-837.9648981912683,-837.931491099845
28,29,[421.05178928 420.96176586],-837.9648981912683,-837.9355422466236
29,30,[421.05178928 420.96176586],-837.9648981912683,-837.9355422466236
30,31,[421.05178928 420.96176586],-837.9648981912683,-837.9355422466236
31,32,[421.05178928 420.96176586],-837.9648981912683,-837.9379852540145
32,33,[421.05178928 420.96176586],-837.9648981912683,-837.9379852540145
33,34,[421.05178928 420.96176586],-837.9648981912683,-837.9379852540145
34,35,[421.05178928 420.96176586],-837.9648981912683,-837.9379852540145
35,36,[421.05178928 420.96176586],-837.9648981912683,-837.9403679758547
36,37,[421.05178928 420.96176586],-837.9648981912683,-837.943442868919
37,38,[421.05178928 420.96176586],-837.9648981912683,-837.943442868919
38,39,[421.05178928 420.96176586],-837.9648981912683,-837.943442868919
39,40,[421.05178928 420.96176586],-837.9648981912683,-837.943442868919
40,41,[421.05178928 420.96176586],-837.9648981912683,-837.9450427787082
41,42,[421.05178928 420.96176586],-837.9648981912683,-837.9450427787082
42,43,[421.05178928 420.96176586],-837.9648981912683,-837.9450427787082
43,44,[420.95817086 420.96751945],-837.9657602424516,-837.9469861688042
44,45,[420.95817086 420.96751945],-837.9657602424516,-837.9469861688042
45,46,[420.95817086 420.96751945],-837.9657602424516,-837.9469861688042
46,47,[420.95817086 420.96751945],-837.9657602424516,-837.9469861688042
47,48,[420.95817086 420.96751945],-837.9657602424516,-837.9469861688042
48,49,[420.95817086 420.96751945],-837.9657602424516,-837.9469861688042
49,50,[420.95817086 420.96751945],-837.9657602424516,-837.9471003167191
50,51,[420.95817086 420.96751945],-837.9657602424516,-837.9471003167191
51,52,[420.95817086 420.96751945],-837.9657602424516,-837.947772016352
52,53,[420.95817086 420.96751945],-837.9657602424516,-837.948336413551
53,54,[420.95817086 420.96751945],-837.9657602424516,-837.948830692965
54,55,[420.95817086 420.96751945],-837.9657602424516,-837.948830692965
55,56,[420.95817086 420.96751945],-837.9657602424516,-837.948830692965
56,57,[420.95817086 420.96751945],-837.9657602424516,-837.948830692965
57,58,[420.95817086 420.96751945],-837.9657602424516,-837.948830692965
58,59,[420.95817086 420.96751945],-837.9657602424516,-837.948830692965
59,60,[420.95817086 420.96751945],-837.9657602424516,-837.948830692965
60,61,[420.95817086 420.96751945],-837.9657602424516,-837.948830692965
61,62,[420.95817086 420.96751945],-837.9657602424516,-837.948830692965
62,63,[420.95817086 420.96751945],-837.9657602424516,-837.948830692965
63,64,[420.95817086 420.96751945],-837.9657602424516,-837.948830692965
64,65,[420.95817086 420.96751945],-837.9657602424516,-837.9497535311828
65,66,[420.95817086 420.96751945],-837.9657602424516,-837.9497535311828
66,67,[420.95817086 420.96751945],-837.9657602424516,-837.9501792818604
67,68,[420.95817086 420.96751945],-837.9657602424516,-837.9501792818604
68,69,[420.95817086 420.96751945],-837.9657602424516,-837.9502953728168
69,70,[420.95817086 420.96751945],-837.9657602424516,-837.9502953728168
70,71,[420.95817086 420.96751945],-837.9657602424516,-837.9502953728168
71,72,[420.95817086 420.96751945],-837.9657602424516,-837.9502953728168
72,73,[420.95817086 420.96751945],-837.9657602424516,-837.9502953728168
73,74,[420.95817086 420.96751945],-837.9657602424516,-837.9502953728168
74,75,[420.95817086 420.96751945],-837.9657602424516,-837.9502953728168
75,76,[420.95817086 420.96751945],-837.9657602424516,-837.9502953728168
76,77,[420.95817086 420.96751945],-837.9657602424516,-837.9502953728168
77,78,[420.95817086 420.96751945],-837.9657602424516,-837.9502953728168
78,79,[420.95817086 420.96751945],-837.9657602424516,-837.9502953728168
79,80,[420.95817086 420.96751945],-837.9657602424516,-837.9502953728168
80,81,[420.95817086 420.96751945],-837.9657602424516,-837.9502953728168
81,82,[420.95817086 420.96751945],-837.9657602424516,-837.9514389098476
82,83,[420.95817086 420.96751945],-837.9657602424516,-837.9514389098476
83,84,[420.95817086 420.96751945],-837.9657602424516,-837.9524627944556
84,85,[420.95817086 420.96751945],-837.9657602424516,-837.9524627944556
85,86,[420.95817086 420.96751945],-837.9657602424516,-837.9532265663087
86,87,[420.95817086 420.96751945],-837.9657602424516,-837.9532265663087
87,88,[420.95817086 420.96751945],-837.9657602424516,-837.9532265663087
88,89,[420.95817086 420.96751945],-837.9657602424516,-837.9532265663087
89,90,[420.95817086 420.96751945],-837.9657602424516,-837.9532265663087
90,91,[420.95817086 420.96751945],-837.9657602424516,-837.9532265663087
91,92,[420.95817086 420.96751945],-837.9657602424516,-837.9532265663087
92,93,[420.95817086 420.96751945],-837.9657602424516,-837.9540125875958
93,94,[420.95817086 420.96751945],-837.9657602424516,-837.9540125875958
94,95,[420.95817086 420.96751945],-837.9657602424516,-837.9540125875958
95,96,[420.95817086 420.96751945],-837.9657602424516,-837.9540125875958
96,97,[420.95817086 420.96751945],-837.9657602424516,-837.9540125875958
97,98,[420.95817086 420.96751945],-837.9657602424516,-837.9540125875958
98,99,[420.95817086 420.96751945],-837.9657602424516,-837.9540125875958
99,100,[420.95817086 420.96751945],-837.9657602424516,-837.9540984172536
100,101,[420.95817086 420.96751945],-837.9657602424516,-837.9540984172536
101,102,[420.95817086 420.96751945],-837.9657602424516,-837.9540984172536
102,103,[420.95817086 420.96751945],-837.9657602424516,-837.9540984172536
103,104,[420.95817086 420.96751945],-837.9657602424516,-837.9540984172536
104,105,[420.95817086 420.96751945],-837.9657602424516,-837.9540984172536
105,106,[420.95817086 420.96751945],-837.9657602424516,-837.9545482841928
106,107,[420.95817086 420.96751945],-837.9657602424516,-837.9545482841928
107,108,[420.95817086 420.96751945],-837.9657602424516,-837.9545482841928
