,population,best_x,best_energy,running_time
0,21,"[420.88707498 420.64029619 421.50075809 419.56051167 411.83428791
 421.44177059]",-2503.121609753999,1.590495
1,14,"[421.76035459 421.17450709 420.30981211 420.1458235  410.03502066
 427.95902914]",-2492.575018545274,0.555989
2,15,"[420.5575357  429.04866878 406.3212286  419.56230393 419.56859411
 420.85060928]",-2478.513926092977,0.550987
3,24,"[417.60715965 420.81165783 430.02416996 433.91541216 425.26827848
 420.93791723]",-2478.7165508246508,1.436533
4,17,"[ 419.24199452  423.56052788 -302.58965447  423.89516955  421.6796672
  419.85025938]",-2392.9313998002654,0.994037
5,20,"[431.95606036 421.82108931 420.93781711 418.4677782  420.45805132
 421.22325929]",-2497.7705319526017,1.179389
6,34,"[430.14167197 420.81438409 420.5058124  392.96711766 422.28788296
 411.92385501]",-2398.814057615025,1.583131
7,15,"[406.28691706 408.6003698  417.48443163 421.43980794 420.67649723
 420.2254753 ]",-2466.4474473052724,0.543353
8,17,"[421.70637417 420.0555209  406.1981867  421.46828521 423.39919
 419.13431128]",-2485.45193379229,0.611785
9,19,"[411.83189895 420.87444756 421.13956255 420.8957699  420.6119841
 421.25251128]",-2503.4129709519907,0.689601
10,28,"[440.84727381 418.3837235  410.63800783 400.66496772 421.04483572
 410.97753709]",-2387.428219109741,1.024155
11,16,"[420.9831092  419.20068959 420.46803563 403.64714874 421.42551513
 420.85193496]",-2476.408866962425,0.565003
12,18,"[418.72235364 419.83190831 424.81740516 427.74102247 426.4484871
 436.95098103]",-2469.6267861368233,0.629998
13,25,"[420.37882742 421.04260824 421.57513876 423.24048892 423.26752233
 420.66539646]",-2512.475890662676,0.930555
14,19,"[419.77558403 405.26584552 408.50896436 424.15319523 411.43157771
 421.79397739]",-2451.0871438920312,0.694007
15,34,"[427.64760089 420.83887012 410.59085735 420.8287668  393.77179896
 417.72421322]",-2404.5839395059324,1.266013
16,18,"[422.11427223 428.70346996 397.924169   421.02403356 415.81914271
 421.0798884 ]",-2438.221174571257,0.674006
17,15,"[419.95364095 420.81935879 418.19689556 420.84425449 411.35605757
 422.56644416]",-2500.909891703398,0.527236
18,17,"[421.85681593 417.6302405  420.59424228 422.23079762 420.72834964
 421.12506612]",-2512.1648456761486,0.628008
19,16,"[431.70079857 421.5495538  410.32060252 422.20642897 421.22844035
 416.51262877]",-2482.477541680325,0.558623
20,25,"[ 420.94701491 -297.85146535  426.47420979  410.05603868  410.49312272
  413.3729224 ]",-2353.050935638548,0.889675
21,19,"[405.18306112 430.27201188 421.04412328 421.0956047  420.51761718
 436.47980331]",-2441.9213577222304,0.68463
22,25,"[418.73842035 430.6622888  440.96488661 425.28004115 398.38909663
 427.67867577]",-2381.426375514212,0.903003
23,17,"[ 420.76519169 -298.672058    420.6901057   418.18648012  421.81696746
  421.98409413]",-2392.3734687027145,0.59898
24,34,"[429.06583799 431.06453592 416.9084295  411.97934266 418.96163445
 430.80625523]",-2467.878060434633,1.215078
25,16,"[419.66185579 410.8372877  421.3349043  416.14463911 410.23597481
 421.14537591]",-2483.5078209006215,0.561068
26,20,"[397.30721385 420.82797579 420.95046908 404.80311176 428.92695469
 420.66930195]",-2405.5447706560476,0.725586
27,18,"[429.26201462 413.88706123 421.0074548  419.03841091 442.40985283
 425.47533246]",-2438.7188651210577,0.650998
28,34,"[435.28798662 420.09749031 437.62152104 421.01404775 430.73139529
 417.83951882]",-2440.0665999975054,1.269401
29,14,"[422.73187517 438.14639323 426.56507715 430.53043906 421.74334334
 412.29975443]",-2451.598843215679,0.484016
30,19,"[420.76614804 425.98723655 421.71139442 421.50564835 420.86409442
 421.72542587]",-2510.5324167805384,0.685172
31,30,"[ 423.29383454  420.99848197  448.57261222  424.17475855  426.24800038
 -278.04689789]",-2224.6754334389016,1.143077
32,18,"[409.41235539 427.06754581 419.28704171 420.88369185 422.41012958
 431.94532925]",-2476.74242427571,0.633055
33,34,"[ 419.55041091  424.36829792 -302.01320941  424.69154211  438.71207372
  421.07065327]",-2352.584035209588,1.250909
34,16,"[408.06729455 426.17038224 420.15539246 421.69176508 425.32233586
 413.37439995]",-2479.980792924936,0.578009
35,20,"[413.48539154 427.69857555 445.88259314 435.08528755 420.95478217
 419.62649629]",-2399.207769864308,0.707975
36,26,"[ 420.71963691  417.34273281  399.97316116  417.05813282  420.00577393
 -313.06817555]",-2323.7669836145737,0.942006
37,19,"[431.36455354 411.08219449 421.03430992 420.80476439 419.05122628
 420.5901536 ]",-2487.567861467726,0.686222
38,21,"[421.18456553 421.26403988 445.14541055 421.43646011 421.42158814
 434.85863909]",-2417.262518802811,0.7834
39,16,"[422.47522658 414.15217061 421.24434106 423.20770565 420.9284188
 420.68331752]",-2507.123722563651,0.556005
40,24,"[ 406.53914274  423.96057872  425.6596958   428.44262648  421.02472367
 -302.52534895]",-2358.6494248402396,0.897021
41,15,"[423.64942129 420.81588866 418.81792821 419.29949636 427.2568417
 421.62673172]",-2507.0064331754465,0.721022
42,28,"[ 396.9716412   421.00475325 -299.00346177  410.70951655  434.53778166
  417.59530651]",-2286.2723560803197,1.211199
43,24,"[416.50097594 421.69754487 425.59186557 421.15049046 420.9723057
 427.41663029]",-2503.367179192268,1.071
44,34,"[420.56836107 404.55801859 432.80966569 421.15352941 429.02190569
 425.65854688]",-2451.957974548755,1.678581
45,27,"[421.22786928 430.6353624  421.8686593  421.2938034  426.84390534
 420.76516686]",-2497.630377855445,1.184016
46,34,"[406.05433025 389.43110896 401.69056181 442.63892432 421.01663711
 405.33226634]",-2234.2408987838926,1.588458
47,18,"[ 426.63342347  420.97370383  420.50103227  419.99444635  447.06703187
 -288.7567559 ]",-2283.809144940094,0.69674
48,16,"[417.85125162 415.74931207 398.47774794 421.47216625 420.26533344
 396.12824912]",-2372.8005354356706,0.570145
49,17,"[403.89783225 421.78291716 419.63308886 420.21336442 420.84761842
 421.05419741]",-2477.523994092161,0.58413
