,population,best_x,best_energy,ave_energy
0,1,"[ 428.5201539   393.47164913 -274.42923836  497.25703179  171.99074595
  184.81651851]",-1044.7154461075258,-40.19934242216336
1,2,"[ 428.82805226  394.27951256 -296.28909632  216.63765138  171.63352401
  184.34236037]",-1464.7477763638017,-814.8745823487293
2,3,"[-325.93913599 -271.92189068  418.56662142  391.30930415  446.66781607
 -319.60122777]",-1758.4380664005641,-1294.2924879042575
3,4,"[-285.73284557  389.92425356 -306.97896549  412.33770374  436.81204345
  381.26687758]",-1904.4487757865822,-1682.8334418604695
4,5,"[ 402.78858027 -284.74153825 -295.38571271  419.34343806  448.46181276
  416.23646316]",-2095.102600732528,-1921.834955590518
5,6,"[ 428.43930359  399.10630187  418.79034178  422.82663057  437.79790335
 -280.70342823]",-2235.9804551340953,-2109.8583280393277
6,7,"[428.76118345 412.97861379 418.38881272 422.63458257 449.16300654
 416.08842442]",-2396.5459610538737,-2259.681204607749
7,8,"[428.74318903 422.32379245 418.84146421 424.41637564 437.84998673
 416.04648652]",-2465.2352746480415,-2390.706835883381
8,9,"[429.00318873 419.16441593 418.95961821 418.82904503 436.75419504
 416.09050316]",-2470.01864834707,-2434.5353926676235
9,10,"[428.74128067 419.3337761  420.40980803 422.97064959 436.22454174
 416.05815698]",-2473.158118342218,-2455.9561747553626
10,11,"[428.74128067 419.3337761  420.40980803 422.97064959 436.22454174
 416.05815698]",-2473.158118342218,-2454.4002875567276
11,12,"[428.5047109  427.42698725 418.94167702 418.33434266 435.7406464
 416.26035348]",-2469.891923273839,-2457.6133786791193
12,13,"[428.92624021 422.08034709 418.47960821 420.3138957  435.83073425
 416.10086972]",-2474.2116001686436,-2462.2888710524326
13,14,"[428.92219713 422.73081007 420.41399263 422.60311749 435.47441795
 416.05023494]",-2475.683751118549,-2467.475840191489
14,15,"[428.96249814 420.1218401  418.83900299 421.0904446  435.44318566
 416.16697557]",-2475.961981217628,-2472.204464597706
15,16,"[428.92867351 422.73081007 418.82772146 422.60311749 434.66449161
 416.09101196]",-2478.030696979792,-2475.2393395946433
16,17,"[428.50577398 422.73081007 418.82772146 421.0904446  434.66449161
 416.09101196]",-2479.1917498640487,-2476.9659873703376
17,18,"[428.97008533 422.73081007 420.41468766 421.0904446  434.32378502
 416.10086972]",-2479.984863603694,-2478.9670015872516
18,19,"[428.50577398 420.1218401  420.41468766 420.3138957  434.32378502
 416.10086972]",-2481.143107968667,-2479.854180673361
19,20,"[428.50577398 420.1218401  420.44817189 421.0904446  434.32378502
 416.16697557]",-2481.2801182788367,-2480.8801781666098
20,21,"[428.50577398 420.81931758 420.41399263 421.0904446  434.32378502
 416.16697557]",-2481.3631371377196,-2481.257497822598
21,22,"[428.50577398 420.81931758 420.44817189 421.0904446  434.32378502
 416.16697557]",-2481.36777330198,-2481.3512924825877
22,23,"[428.5038521  420.81931758 420.44817189 421.0904446  434.32378502
 416.16697557]",-2481.3714236017036,-2481.367029265733
