,population,parents,parents_energy,parents_sigma
0,1,"[[ 144.76743062  416.9867605 ]
 [-102.03137452 -274.38295364]
 [ 216.41441311  -21.75550416]
 [ 117.84263787 -281.69486462]
 [  34.96661548 -124.66577501]
 [ -11.45430258 -492.43125291]
 [ -97.64882737  -65.92344646]
 [-283.68228749 -389.2490497 ]
 [ 290.05647314 -329.47252401]
 [-182.12405509   52.45676915]
 [-240.61175972  137.99551842]
 [ 328.14378225  361.63076378]
 [-258.16081658  299.72273436]
 [ 332.04047889   22.82187149]
 [-229.32772973  261.89494418]
 [ 160.90517464  312.86909537]
 [-450.43997462   86.96285807]
 [-435.18849281   93.86107734]
 [-425.51408445   94.17259831]
 [-415.14319217 -402.66718543]]","[-343.24852956 -271.18049098 -203.47729759 -131.19475956 -110.23061258
 -100.41309897   20.53110155   42.81302342   69.4100292   102.92371687
  147.75036207  159.87953665  208.74878332  217.74344181  242.49047731
  268.00237307  304.15377366  418.02490047  442.35201543  792.44698416]","[[1. 1.]
 [1. 1.]
 [1. 1.]
 [1. 1.]
 [1. 1.]
 [1. 1.]
 [1. 1.]
 [1. 1.]
 [1. 1.]
 [1. 1.]
 [1. 1.]
 [1. 1.]
 [1. 1.]
 [1. 1.]
 [1. 1.]
 [1. 1.]
 [1. 1.]
 [1. 1.]
 [1. 1.]
 [1. 1.]]"
1,2,"[[ 216.43367969 -273.73246381]
 [ 144.86435523  416.43309473]
 [ 144.65524659  416.19316746]
 [ 216.57771481 -124.88925129]
 [-101.96446725 -275.48177449]
 [-182.21264422  417.10076206]
 [-102.1193857  -273.57071365]
 [-283.71381385   92.93168198]
 [-283.68302691   94.34376595]
 [ 216.38201561   52.83639997]
 [ 331.95412247  418.71709664]
 [ 332.05737193  417.28370877]
 [ -11.55078365 -275.3096362 ]
 [ 216.36519259  -21.9593509 ]
 [ 216.36230456  -21.80332459]
 [ 216.4402425   -21.93953585]
 [ 216.46946706  -21.71692599]
 [ -11.24029793 -273.32513034]
 [-102.01679345 -125.82150519]
 [-258.01972428  363.18254072]]","[-384.95159117 -343.10928064 -341.85299009 -304.10456148 -277.56908247
 -270.78969152 -266.5095151  -237.44045549 -230.33634399 -225.89594659
 -222.78885166 -222.41814991 -215.91455309 -203.85363914 -203.69414309
 -203.59611095 -203.26029268 -203.04809225 -186.54358125 -164.61702441]","[[0.09251621 0.91238569]
 [0.09251621 0.91238569]
 [0.09251621 0.91238569]
 [0.09251621 0.91238569]
 [0.09251621 0.91238569]
 [0.09251621 0.91238569]
 [0.09251621 0.91238569]
 [0.09251621 0.91238569]
 [0.09251621 0.91238569]
 [0.09251621 0.91238569]
 [0.09251621 0.91238569]
 [0.09251621 0.91238569]
 [0.09251621 0.91238569]
 [0.09251621 0.91238569]
 [0.09251621 0.91238569]
 [0.09251621 0.91238569]
 [0.09251621 0.91238569]
 [0.09251621 0.91238569]
 [0.09251621 0.91238569]
 [0.09251621 0.91238569]]"
2,3,"[[-283.68460821  416.45841637]
 [ 216.36056618  419.08204417]
 [ 216.46768173  418.86680779]
 [ 216.371411    418.25976051]
 [ 216.37628457  417.97542869]
 [ 216.44418385  417.44160032]
 [ 216.42369613  417.09158515]
 [ 216.36215002  416.60727842]
 [ 216.456848    416.12860155]
 [ 216.57425078  415.8543365 ]
 [ 216.35832817  415.2026278 ]
 [-102.03139949  420.78740173]
 [-102.11941777  417.13506334]
 [-102.01680636  416.44872025]
 [-102.02112342  414.05556143]
 [-283.7178076  -274.84051257]
 [ -11.5421913   417.25008109]
 [ -11.25233593  417.28616463]
 [ 216.38839712 -275.34241416]
 [ 216.44068664 -273.8038254 ]]","[-673.58994817 -600.45054452 -600.00461821 -599.94053024 -599.72112683
 -599.06916488 -598.8079973  -598.50034708 -597.64871991 -596.93303428
 -596.72730857 -482.83990247 -481.39503102 -480.20655413 -476.79713321
 -467.44574199 -420.16193266 -419.65235327 -395.00450429 -385.37744029]","[[0.00855925 0.83244764]
 [0.00855925 0.83244764]
 [0.00855925 0.83244764]
 [0.00855925 0.83244764]
 [0.00855925 0.83244764]
 [0.00855925 0.83244764]
 [0.00855925 0.83244764]
 [0.00855925 0.83244764]
 [0.00855925 0.83244764]
 [0.00855925 0.83244764]
 [0.00855925 0.83244764]
 [0.00855925 0.83244764]
 [0.00855925 0.83244764]
 [0.00855925 0.83244764]
 [0.00855925 0.83244764]
 [0.00855925 0.83244764]
 [0.00855925 0.83244764]
 [0.00855925 0.83244764]
 [0.00855925 0.83244764]
 [0.00855925 0.83244764]]"
3,4,"[[-283.71741603  418.68417668]
 [-283.68528291  416.85000877]
 [-283.68440941  416.74362483]
 [-283.68399221  415.65380613]
 [ 216.37129195  420.81673777]
 [ 216.38897017  420.81254265]
 [ 216.42427898  420.12115171]
 [ 216.37105622  419.39186625]
 [ 216.36097828  419.28455972]
 [ 216.35889443  419.0281883 ]
 [ 216.36165421  418.97213777]
 [ 216.36081615  418.87971017]
 [ 216.46681493  419.50922009]
 [ 216.46890809  419.4645344 ]
 [ 216.37123131  418.7974488 ]
 [ 216.3587582   418.7102503 ]
 [ 216.46832993  419.24294817]
 [ 216.42362892  418.66468525]
 [ 216.42316819  418.64200075]
 [ 216.37737668  418.3267568 ]]","[-675.63825678 -674.01747797 -673.90203988 -672.59493275 -600.86269246
 -600.80692764 -600.60811087 -600.55281675 -600.54037768 -600.42982372
 -600.39335296 -600.34841107 -600.29566622 -600.27234583 -600.27154036
 -600.26207133 -600.18397176 -600.03168445 -600.01990787 -599.96690881]","[[0.00079187 0.75951331]
 [0.00079187 0.75951331]
 [0.00079187 0.75951331]
 [0.00079187 0.75951331]
 [0.00079187 0.75951331]
 [0.00079187 0.75951331]
 [0.00079187 0.75951331]
 [0.00079187 0.75951331]
 [0.00079187 0.75951331]
 [0.00079187 0.75951331]
 [0.00079187 0.75951331]
 [0.00079187 0.75951331]
 [0.00079187 0.75951331]
 [0.00079187 0.75951331]
 [0.00079187 0.75951331]
 [0.00079187 0.75951331]
 [0.00079187 0.75951331]
 [0.00079187 0.75951331]
 [0.00079187 0.75951331]
 [0.00079187 0.75951331]]"
4,5,"[[-283.71742284  419.60081543]
 [-283.68450354  421.93933468]
 [-283.7175241   419.19586805]
 [-283.68450145  419.22692713]
 [-283.68440504  419.05859042]
 [-283.71751349  418.54205886]
 [-283.68388184  418.37036574]
 [-283.68539197  417.77731509]
 [-283.68517394  417.19879792]
 [-283.68521293  416.66300848]
 [-283.68447521  416.63930378]
 [-283.6844111   416.43264205]
 [-283.68439611  416.37140701]
 [-283.6838717   416.0411967 ]
 [-283.68393897  416.01788373]
 [-283.68537131  415.89005775]
 [-283.68407539  415.49811473]
 [-283.68407959  415.48550488]
 [-283.68402278  414.92939228]
 [-283.68390413  414.83632297]]","[-676.0601471  -676.03044719 -675.90029688 -675.7668293  -675.68893428
 -675.55436647 -675.29578518 -674.87034876 -674.36284785 -673.81921793
 -673.79021034 -673.55978453 -673.48947929 -673.09226496 -673.06365999
 -672.90915715 -672.38469501 -672.36739224 -671.56397621 -671.42153988]","[[7.32607412e-05 6.92969072e-01]
 [7.32607412e-05 6.92969072e-01]
 [7.32607412e-05 6.92969072e-01]
 [7.32607412e-05 6.92969072e-01]
 [7.32607412e-05 6.92969072e-01]
 [7.32607412e-05 6.92969072e-01]
 [7.32607412e-05 6.92969072e-01]
 [7.32607412e-05 6.92969072e-01]
 [7.32607412e-05 6.92969072e-01]
 [7.32607412e-05 6.92969072e-01]
 [7.32607412e-05 6.92969072e-01]
 [7.32607412e-05 6.92969072e-01]
 [7.32607412e-05 6.92969072e-01]
 [7.32607412e-05 6.92969072e-01]
 [7.32607412e-05 6.92969072e-01]
 [7.32607412e-05 6.92969072e-01]
 [7.32607412e-05 6.92969072e-01]
 [7.32607412e-05 6.92969072e-01]
 [7.32607412e-05 6.92969072e-01]
 [7.32607412e-05 6.92969072e-01]]"
5,6,"[[-283.71741398  420.1801343 ]
 [-283.71741267  420.1136366 ]
 [-283.68450047  420.8959288 ]
 [-283.68448702  420.415431  ]
 [-283.68449787  421.57608606]
 [-283.68450745  421.71939757]
 [-283.68449293  420.07228721]
 [-283.7174307   419.55216907]
 [-283.68439563  420.04759535]
 [-283.71743881  422.44405225]
 [-283.68450086  422.01044122]
 [-283.68442084  419.88696701]
 [-283.71741723  419.39764509]
 [-283.68406659  419.81132956]
 [-283.684028    419.75900764]
 [-283.71751108  419.30396211]
 [-283.68387649  419.66825914]
 [-283.68441398  419.54262356]
 [-283.68391077  419.50082423]
 [-283.68441835  419.43210773]]","[-676.21763172 -676.20384105 -676.14867334 -676.11065915 -676.10277652
 -676.07825349 -676.04794181 -676.04310683 -676.04184802 -676.02142296
 -676.01237143 -676.00139142 -675.98485532 -675.97845605 -675.96266837
 -675.94706704 -675.93327324 -675.89248823 -675.87499469 -675.85123566]","[[6.77780603e-06 6.32255061e-01]
 [6.77780603e-06 6.32255061e-01]
 [6.77780603e-06 6.32255061e-01]
 [6.77780603e-06 6.32255061e-01]
 [6.77780603e-06 6.32255061e-01]
 [6.77780603e-06 6.32255061e-01]
 [6.77780603e-06 6.32255061e-01]
 [6.77780603e-06 6.32255061e-01]
 [6.77780603e-06 6.32255061e-01]
 [6.77780603e-06 6.32255061e-01]
 [6.77780603e-06 6.32255061e-01]
 [6.77780603e-06 6.32255061e-01]
 [6.77780603e-06 6.32255061e-01]
 [6.77780603e-06 6.32255061e-01]
 [6.77780603e-06 6.32255061e-01]
 [6.77780603e-06 6.32255061e-01]
 [6.77780603e-06 6.32255061e-01]
 [6.77780603e-06 6.32255061e-01]
 [6.77780603e-06 6.32255061e-01]
 [6.77780603e-06 6.32255061e-01]]"
6,7,"[[-283.71741291  420.90190032]
 [-283.71751117  421.06106979]
 [-283.71743953  421.18764094]
 [-283.71741438  420.7362062 ]
 [-283.71741661  420.68162194]
 [-283.71741263  420.66306249]
 [-283.71751109  420.59883188]
 [-283.71741737  420.58455892]
 [-283.71741433  420.58145781]
 [-283.71743046  421.40005641]
 [-283.71741412  420.5124201 ]
 [-283.71741133  420.30336918]
 [-283.71743123  419.97638118]
 [-283.68449724  420.96828981]
 [-283.68450123  420.9905333 ]
 [-283.68449769  420.99408326]
 [-283.68450778  420.93515527]
 [-283.68450048  420.87571763]
 [-283.68448626  420.80399443]
 [-283.68450153  420.79628521]]","[-676.29551154 -676.29543752 -676.29014743 -676.28925919 -676.28569042
 -676.28428464 -676.27924878 -676.27747346 -676.27715808 -676.27267619
 -676.26980998 -676.24021906 -676.1719465  -676.14932794 -676.1492859
 -676.149249   -676.14923265 -676.14825044 -676.1458542  -676.14559432]","[[6.27056917e-07 5.76860468e-01]
 [6.27056917e-07 5.76860468e-01]
 [6.27056917e-07 5.76860468e-01]
 [6.27056917e-07 5.76860468e-01]
 [6.27056917e-07 5.76860468e-01]
 [6.27056917e-07 5.76860468e-01]
 [6.27056917e-07 5.76860468e-01]
 [6.27056917e-07 5.76860468e-01]
 [6.27056917e-07 5.76860468e-01]
 [6.27056917e-07 5.76860468e-01]
 [6.27056917e-07 5.76860468e-01]
 [6.27056917e-07 5.76860468e-01]
 [6.27056917e-07 5.76860468e-01]
 [6.27056917e-07 5.76860468e-01]
 [6.27056917e-07 5.76860468e-01]
 [6.27056917e-07 5.76860468e-01]
 [6.27056917e-07 5.76860468e-01]
 [6.27056917e-07 5.76860468e-01]
 [6.27056917e-07 5.76860468e-01]
 [6.27056917e-07 5.76860468e-01]]"
7,8,"[[-283.7175112   421.01858168]
 [-283.71743044  420.94197066]
 [-283.71751105  421.03074201]
 [-283.7174113   420.99044591]
 [-283.71751107  421.05149971]
 [-283.71741441  420.89977418]
 [-283.71741436  420.89370114]
 [-283.71741144  420.88933479]
 [-283.71751116  420.84092927]
 [-283.71743128  420.8459849 ]
 [-283.71751112  420.82852854]
 [-283.71743956  420.78807215]
 [-283.71741415  420.78999235]
 [-283.71741292  420.78720358]
 [-283.71741274  421.15298974]
 [-283.7174129   421.19390722]
 [-283.71743954  421.200624  ]
 [-283.71741142  420.72061081]
 [-283.71741135  421.21739427]
 [-283.71741734  420.71844987]]","[-676.29619985 -676.29606301 -676.29602758 -676.29600879 -676.29564852
 -676.29548179 -676.2953712  -676.29527312 -676.2944517  -676.29425567
 -676.29403213 -676.29207535 -676.29204923 -676.29191699 -676.29179093
 -676.28967761 -676.2894089  -676.28830021 -676.28826633 -676.2881907 ]","[[5.80129286e-08 5.26319233e-01]
 [5.80129286e-08 5.26319233e-01]
 [5.80129286e-08 5.26319233e-01]
 [5.80129286e-08 5.26319233e-01]
 [5.80129286e-08 5.26319233e-01]
 [5.80129286e-08 5.26319233e-01]
 [5.80129286e-08 5.26319233e-01]
 [5.80129286e-08 5.26319233e-01]
 [5.80129286e-08 5.26319233e-01]
 [5.80129286e-08 5.26319233e-01]
 [5.80129286e-08 5.26319233e-01]
 [5.80129286e-08 5.26319233e-01]
 [5.80129286e-08 5.26319233e-01]
 [5.80129286e-08 5.26319233e-01]
 [5.80129286e-08 5.26319233e-01]
 [5.80129286e-08 5.26319233e-01]
 [5.80129286e-08 5.26319233e-01]
 [5.80129286e-08 5.26319233e-01]
 [5.80129286e-08 5.26319233e-01]
 [5.80129286e-08 5.26319233e-01]]"
