,population,parents,parents_energy,parents_sigma
0,1,"[[ 3.81636391e+02  4.14734870e+02  2.17283218e+02 -2.99625992e+02
   4.17042819e+02  4.67728645e+02]
 [ 4.29104675e+02  2.16832695e+02  3.74142106e+02 -4.77959457e+02
  -2.68198601e+02 -2.74328069e+02]
 [-2.90691797e+02  1.28350727e+02 -1.32053398e+02  3.31732204e+01
   4.23573997e+02  4.53335148e+02]
 [-2.62115112e+02  4.57827316e+02 -1.21893899e+02  1.63177285e+02
   1.95829918e+02  1.03894754e+02]
 [ 1.14756909e+02  2.67318831e+02  4.16149122e+02  6.95128417e+01
   4.44822795e+02  2.40853145e+02]
 [-3.01132662e+02 -2.83334682e+02  4.96636484e+02 -3.05041537e+02
   3.10255374e+02  4.80519784e+02]
 [-3.49087615e+02  4.08092782e+02 -5.12158940e+01  1.33300222e+02
   2.37492942e+02 -4.07272897e+01]
 [-2.74579064e+01  4.77615968e+02  1.52070416e+02 -3.16302770e+02
  -1.75313941e+02  5.48623161e+01]
 [ 2.48324006e+02  4.55556916e+02 -4.37753821e+02  4.54561650e-01
   2.90256029e+01  4.43495809e+02]
 [ 8.52094899e+01  1.58647792e+02 -2.64717746e+02 -8.34196541e+00
   1.47723158e+02 -1.42343962e+02]
 [ 1.15594316e+02  4.70142669e+02  3.84334356e+02 -3.80158108e+02
   4.69084508e+01 -3.47724378e+02]
 [-7.14318495e+01  9.82827280e+01  4.05356375e+01  4.48194058e+02
  -7.83749338e+01 -2.34867677e+02]
 [ 1.22730951e+02 -1.03535851e+02 -4.58182885e+02 -4.88133810e+02
   1.44493070e+02  4.02708445e+02]
 [ 2.33753013e+02 -7.62611626e+01 -2.64617773e+02 -5.58618208e+01
   3.52139671e+02  3.47032993e+02]
 [-4.38301585e+02 -2.98448831e+02  7.68066630e+01  2.15368654e+02
  -4.69990227e+02 -2.39346921e+01]
 [ 4.98533971e+02 -2.18760771e+02 -1.38128283e+02 -3.11924631e+02
   3.34135425e+02 -1.17123909e+02]
 [ 1.61064963e+02 -1.94122676e+02  1.01269833e+02 -4.91969563e+02
   3.06141752e+02  4.07235224e+02]
 [ 2.19934329e+02  1.65306477e+02  1.32109171e+02  1.32977519e+02
   1.05788272e+02  9.82625706e+01]
 [-1.87529911e+02  2.35748094e+02  3.14936517e+02 -1.24140599e+01
   2.04387830e+02  1.19831444e+01]
 [ 8.04188488e+01  3.73459548e+02  4.14613304e+01 -4.28417616e+02
  -1.74196589e+02 -1.07642253e+02]
 [ 1.18823774e+02  1.20850638e+02 -2.37479763e+02 -6.63587374e+01
  -3.38712851e+02  2.44688999e+01]
 [ 5.44137637e+01 -3.28803064e+02 -2.20307214e+02 -3.90622326e+02
   3.39269960e+02 -4.91764708e+02]
 [ 1.22625868e+02 -2.78672987e+01  4.29588978e+02 -4.05340760e+02
   2.98593567e+02  2.34830459e+02]
 [-3.42050797e+02 -1.47326303e+02 -1.47988754e+02  1.76141618e+02
   3.22933872e+02 -4.21077404e+02]
 [-5.41666099e+01  3.17870699e+02 -3.55013083e+01  1.82067021e+01
   1.76842821e+02  2.61635618e+02]
 [-2.10826857e+02  1.91191101e+02  6.70941569e+00 -4.72171753e+02
   2.80646949e+02  5.41433751e+01]
 [ 1.20870561e+02 -2.09144329e+02  4.93251121e+02 -1.56374249e+02
  -1.54353845e+02  2.84495624e+01]
 [ 4.76510948e+01 -4.02397479e+02  4.48527052e+02 -1.99560075e+02
   2.95061309e+02 -1.07036616e+02]
 [ 4.72029726e+02 -4.19071942e+02  4.96222028e+02  2.00393098e+02
  -4.41802445e+02  2.33368864e+02]
 [-2.29353017e+02 -4.21135630e+02 -5.91399054e+01 -4.71527066e+02
  -2.57052387e+02 -1.18532580e+02]
 [-1.78523365e+02 -3.90366518e+02  1.41523321e+02 -3.56449907e+02
  -1.48308767e+02  3.41704962e+02]
 [-3.66229117e+02  2.57800791e+02 -2.26708763e+02 -2.00508435e+02
   9.36621399e+01  1.36055625e+02]
 [-2.07414471e+02  2.43033672e+02  3.53564653e+02  2.99165288e+02
   7.16171004e+01 -3.82474047e+02]
 [-5.81179340e+01 -4.26797042e+02 -6.55873627e+01  9.27241209e+01
   1.39314417e+02  2.72060972e+02]
 [-4.21548484e+02 -4.05077974e+02  3.39762558e+02 -1.45323824e+02
  -6.26597233e+01 -3.09494005e+01]]","[-1717.84634655 -1080.02952999  -971.37877056  -654.90011603
  -601.03315735  -452.44266896  -368.54175017  -270.12378998
  -212.16810371  -185.37357569  -159.36185469   -95.94546368
   -47.82723304   -29.33303532   -28.44588263    13.65414783
    41.20190965   140.05566238   166.19223461   214.40142463
   250.19468197   264.1443273    288.52390548   315.59911778
   323.40826572   327.16465563   417.44285149   431.02476643
   501.3876136    528.66847746   599.48307182   659.89975394
   676.73411519   842.59792641   915.26196604]","[[1. 1. 1. 1. 1. 1.]
 [1. 1. 1. 1. 1. 1.]
 [1. 1. 1. 1. 1. 1.]
 [1. 1. 1. 1. 1. 1.]
 [1. 1. 1. 1. 1. 1.]
 [1. 1. 1. 1. 1. 1.]
 [1. 1. 1. 1. 1. 1.]
 [1. 1. 1. 1. 1. 1.]
 [1. 1. 1. 1. 1. 1.]
 [1. 1. 1. 1. 1. 1.]
 [1. 1. 1. 1. 1. 1.]
 [1. 1. 1. 1. 1. 1.]
 [1. 1. 1. 1. 1. 1.]
 [1. 1. 1. 1. 1. 1.]
 [1. 1. 1. 1. 1. 1.]
 [1. 1. 1. 1. 1. 1.]
 [1. 1. 1. 1. 1. 1.]
 [1. 1. 1. 1. 1. 1.]
 [1. 1. 1. 1. 1. 1.]
 [1. 1. 1. 1. 1. 1.]
 [1. 1. 1. 1. 1. 1.]
 [1. 1. 1. 1. 1. 1.]
 [1. 1. 1. 1. 1. 1.]
 [1. 1. 1. 1. 1. 1.]
 [1. 1. 1. 1. 1. 1.]
 [1. 1. 1. 1. 1. 1.]
 [1. 1. 1. 1. 1. 1.]
 [1. 1. 1. 1. 1. 1.]
 [1. 1. 1. 1. 1. 1.]
 [1. 1. 1. 1. 1. 1.]
 [1. 1. 1. 1. 1. 1.]
 [1. 1. 1. 1. 1. 1.]
 [1. 1. 1. 1. 1. 1.]
 [1. 1. 1. 1. 1. 1.]
 [1. 1. 1. 1. 1. 1.]]"
1,2,"[[-287.1926513  -299.79717425 -128.95876541  219.23164807  423.90514285
   451.90232069]
 [-300.39319676 -282.30319781  418.72937787   67.28140628  447.1162974
   242.25499532]
 [ 429.06102138  216.74351897  373.27570625   26.79523349  423.22436444
  -273.89681385]
 [ 381.74452589  414.99257088  449.26321671 -199.41391087  416.92914996
  -109.11268427]
 [ 426.21643723  215.21295837  374.18870333 -317.41808399 -266.8652911
    53.65033139]
 [ 432.70092523  218.5341724  -131.20513929 -484.32463958 -269.40556249
   453.42420735]
 [ -49.88716205  417.00718791  217.64048472 -299.91185494  415.71054196
   260.40239186]
 [ 217.04320165  412.9480569   217.4114339  -300.08581984  107.35948584
   467.12766868]
 [ 431.0304988   215.85724751  217.86476082 -481.33625221 -269.6307159
  -272.40336389]
 [-294.55653918  127.01506337 -133.46422807 -313.57483052  425.40538824
    54.43241578]
 [-288.43160483  130.9347144  -129.93015126   35.88426748  424.16583078
   445.25085667]
 [ 381.70730727  412.1827273   216.80441315 -160.01170289 -153.82512184
   468.84228781]
 [ 381.28870068  -75.98085753  217.62902647 -300.02848914  416.76708554
   345.70127724]
 [-287.34414095  125.99270864 -133.21175358   30.80623636  423.05926471
   451.89787258]
 [ 110.8733939   264.61125348  415.77955407  450.51837899  445.2997072
   239.79343973]
 [ 219.38349722  166.91956673  416.16936434  131.04118278  445.42093574
   245.87636413]
 [-308.03219579  459.01718247 -121.87031874  155.88352456  195.02033631
   480.98145176]
 [ 428.93116398  468.02567813  375.61558657 -482.54131036   47.48715517
  -345.12862272]
 [-266.23984478  456.82410228  449.6961059  -201.38950324  195.03404465
  -108.87318517]
 [-293.82818438 -287.52926858 -138.50625812 -313.20054718  332.69892525
   479.21339519]
 [ 431.36464712  159.77892986  375.81232662   -7.59625381  147.20601437
  -272.38142821]
 [-292.53107583  129.87075963  -49.69104672  135.40523949  423.44460706
   453.88689221]
 [-304.68721611  268.09675076  496.93227432 -307.42865359  443.69738577
   234.44300288]
 [ -31.89574251  477.69186181 -120.0220121  -313.85023541  196.89065038
    53.43827143]
 [ 166.61204524 -298.06549421   77.0030802  -490.03964438 -468.77052278
   409.45928986]
 [ 112.40742323  408.56148348  -49.88846423   68.6933636   446.02259228
   240.84146524]
 [-259.59252895  469.76100296 -123.47543436  164.16977349  195.01871817
  -344.18665726]
 [ 381.61844124  413.1029509  -229.00985579 -291.78408799   92.79456727
   139.32338933]
 [-350.88781541  407.69907763  495.98661548  201.29647449  237.34322572
   232.01575726]
 [ 131.50756459  126.83254324 -132.61705633   32.57162524  421.86214662
   401.99859905]
 [-349.0559286   408.12226325  -49.73915198  135.74125105   29.54614742
   444.88203602]
 [ 118.44092695  266.27390474  417.25927742   70.46985785  443.37111628
   240.03248461]
 [-292.94999267  157.4576749  -261.55265238   33.92449815  148.4143111
   456.84693127]
 [ 250.64314846  264.82669546  417.46476679    0.64866727   31.9720929
   442.8610111 ]
 [ 118.96097195  478.86288785  417.21247645 -314.03219459 -177.23745363
   239.19783509]]","[-1584.0341648  -1401.7227926  -1359.40579328 -1288.49542774
 -1254.19644632 -1167.58656416 -1166.49332108 -1154.8290527
 -1112.7461922  -1033.59505321 -1030.75783015  -999.54283122
  -996.01546817  -963.47461368  -887.1826797   -879.1122768
  -873.07626987  -873.02140613  -817.98256363  -806.5454153
  -739.15415431  -731.37430918  -730.03337786  -729.02073633
  -717.65532218  -709.89132028  -704.1915133   -698.97412741
  -679.27628952  -651.4519045   -640.09612794  -615.33231444
  -597.20028061  -585.67552766  -571.18495188]","[[3.63375869 1.94159564 1.26856273 3.12170916 0.9744772  2.14832343]
 [3.63375869 1.94159564 1.26856273 3.12170916 0.9744772  2.14832343]
 [3.63375869 1.94159564 1.26856273 3.12170916 0.9744772  2.14832343]
 [3.63375869 1.94159564 1.26856273 3.12170916 0.9744772  2.14832343]
 [3.63375869 1.94159564 1.26856273 3.12170916 0.9744772  2.14832343]
 [3.63375869 1.94159564 1.26856273 3.12170916 0.9744772  2.14832343]
 [3.63375869 1.94159564 1.26856273 3.12170916 0.9744772  2.14832343]
 [3.63375869 1.94159564 1.26856273 3.12170916 0.9744772  2.14832343]
 [3.63375869 1.94159564 1.26856273 3.12170916 0.9744772  2.14832343]
 [3.63375869 1.94159564 1.26856273 3.12170916 0.9744772  2.14832343]
 [3.63375869 1.94159564 1.26856273 3.12170916 0.9744772  2.14832343]
 [3.63375869 1.94159564 1.26856273 3.12170916 0.9744772  2.14832343]
 [3.63375869 1.94159564 1.26856273 3.12170916 0.9744772  2.14832343]
 [3.63375869 1.94159564 1.26856273 3.12170916 0.9744772  2.14832343]
 [3.63375869 1.94159564 1.26856273 3.12170916 0.9744772  2.14832343]
 [3.63375869 1.94159564 1.26856273 3.12170916 0.9744772  2.14832343]
 [3.63375869 1.94159564 1.26856273 3.12170916 0.9744772  2.14832343]
 [3.63375869 1.94159564 1.26856273 3.12170916 0.9744772  2.14832343]
 [3.63375869 1.94159564 1.26856273 3.12170916 0.9744772  2.14832343]
 [3.63375869 1.94159564 1.26856273 3.12170916 0.9744772  2.14832343]
 [3.63375869 1.94159564 1.26856273 3.12170916 0.9744772  2.14832343]
 [3.63375869 1.94159564 1.26856273 3.12170916 0.9744772  2.14832343]
 [3.63375869 1.94159564 1.26856273 3.12170916 0.9744772  2.14832343]
 [3.63375869 1.94159564 1.26856273 3.12170916 0.9744772  2.14832343]
 [3.63375869 1.94159564 1.26856273 3.12170916 0.9744772  2.14832343]
 [3.63375869 1.94159564 1.26856273 3.12170916 0.9744772  2.14832343]
 [3.63375869 1.94159564 1.26856273 3.12170916 0.9744772  2.14832343]
 [3.63375869 1.94159564 1.26856273 3.12170916 0.9744772  2.14832343]
 [3.63375869 1.94159564 1.26856273 3.12170916 0.9744772  2.14832343]
 [3.63375869 1.94159564 1.26856273 3.12170916 0.9744772  2.14832343]
 [3.63375869 1.94159564 1.26856273 3.12170916 0.9744772  2.14832343]
 [3.63375869 1.94159564 1.26856273 3.12170916 0.9744772  2.14832343]
 [3.63375869 1.94159564 1.26856273 3.12170916 0.9744772  2.14832343]
 [3.63375869 1.94159564 1.26856273 3.12170916 0.9744772  2.14832343]
 [3.63375869 1.94159564 1.26856273 3.12170916 0.9744772  2.14832343]]"
2,3,"[[ 405.0016157   412.29307452  450.04395056  198.52053925  416.85983833
   456.61031097]
 [ 392.2294804   414.12359129  446.52019615 -305.56216969  416.29388065
  -105.83232779]
 [-288.79218432 -306.21679476  218.99232822 -306.11360783  423.16265581
   451.25831108]
 [-285.06575361 -287.79355325  420.37629287   32.63044405  423.54387518
   450.1413594 ]
 [ -51.55115211  413.7412433   217.08465187 -289.43095511  417.13947425
   408.42746273]
 [ 436.26046845  216.29198868  373.54225803 -302.733871    442.76228506
  -274.80446463]
 [ 384.89390068  410.37224257  450.35629185  175.78968949  417.27773711
  -108.11892907]
 [ 411.20134864  416.78399524  217.94335257 -294.93664733  414.96642074
   265.61061925]
 [-290.09304731 -279.24619226  417.22787676 -322.751357    446.88220415
    47.49076366]
 [ 379.54012234  414.41926699  417.70165445  142.51744268  443.94649002
   463.56095582]
 [ 106.68283658  415.24084338 -130.6403428  -303.34139402  415.94980002
   399.68040989]
 [ 402.03543615  411.39486925  216.78039516 -150.53376625  417.50134739
  -112.74430675]
 [-284.70283319  416.05442693 -134.60425536   36.5129783   422.83085789
   448.56863238]
 [ 422.49661688  215.71408888  215.5016392  -320.15955192  418.55407349
    57.32315157]
 [-293.54832073  415.55910811  217.90616479 -297.51534368  415.4180087
   255.92663133]
 [ 440.69592382  262.47662182  415.03900254  455.40499575  443.94178945
  -272.89692224]
 [ 435.5240926   207.55506354  375.01739596 -305.06441292  423.65425405
   484.64311215]
 [ 119.34489069 -298.04354219  417.75133909 -496.97234808  444.94253104
   405.29602741]
 [-260.15479847 -294.95125596 -129.46505365  220.12752898  424.158904
   446.87138092]
 [ 439.48501163  218.45733406 -130.60907454   25.53744463  423.22566047
   442.50366175]
 [ 444.25398191  403.77074991  374.10621598 -315.44753992 -267.90089722
   237.44114581]
 [ 377.69438569  413.37431846  449.31947768   74.62157362  416.71516079
   245.37012276]
 [-303.5395857  -278.48186974  421.09554     130.34211313  447.49825402
   458.84848413]
 [-273.85731362 -297.32796529 -133.09525821  226.29113414  423.26606167
   460.27512177]
 [ 233.74059139 -303.51037951 -128.56816601  211.9082077   425.24880819
   454.65240801]
 [ 426.00123083  221.07341963  375.66869427 -483.87931049  425.21782248
  -274.65792855]
 [-318.07608774 -281.55796172  418.81427479   78.3616067   444.17071828
   238.05992762]
 [-300.30314148 -280.37154791  417.20506109   65.57871849  444.17531044
   244.11103655]
 [ 414.79781756  461.4926725   372.33331111 -498.93414183 -270.02044445
  -275.76655166]
 [-311.25479327  219.0987628   375.42227174 -317.06207449 -264.64759194
   455.42311668]
 [ 424.91260735  417.32468191 -128.86262894 -169.07171382 -267.9616999
   453.18430295]
 [-303.4502217  -280.00369263   76.15140028 -483.14777362  446.60109368
   415.34725888]
 [-300.64649088 -282.02476223 -138.57477638 -329.26314752  447.53665361
   471.53177302]
 [ 450.82661292  214.33577     218.42012227 -319.6394004   197.56829884
  -271.25407037]
 [ 383.68084325  415.94142541  449.75520256 -193.35554694  416.5958835
  -110.14938545]]","[-1993.95974462 -1867.76133617 -1773.13063281 -1671.12465828
 -1647.50223603 -1613.90481747 -1604.8663554  -1560.55559389
 -1546.88058008 -1531.33819076 -1529.39167671 -1529.33886186
 -1523.42234611 -1522.04306113 -1521.89977688 -1488.18448665
 -1483.84194628 -1480.7300772  -1442.22842034 -1425.11509959
 -1424.65133658 -1420.91964154 -1411.78371937 -1408.72639738
 -1408.66213131 -1399.75391456 -1396.00199654 -1394.70704074
 -1363.43275946 -1342.26186601 -1341.26257167 -1336.62482595
 -1322.31613877 -1320.82833074 -1316.54312164]","[[13.2042022   3.76979364  1.60925139  9.74506805  0.94960582  4.61529356]
 [13.2042022   3.76979364  1.60925139  9.74506805  0.94960582  4.61529356]
 [13.2042022   3.76979364  1.60925139  9.74506805  0.94960582  4.61529356]
 [13.2042022   3.76979364  1.60925139  9.74506805  0.94960582  4.61529356]
 [13.2042022   3.76979364  1.60925139  9.74506805  0.94960582  4.61529356]
 [13.2042022   3.76979364  1.60925139  9.74506805  0.94960582  4.61529356]
 [13.2042022   3.76979364  1.60925139  9.74506805  0.94960582  4.61529356]
 [13.2042022   3.76979364  1.60925139  9.74506805  0.94960582  4.61529356]
 [13.2042022   3.76979364  1.60925139  9.74506805  0.94960582  4.61529356]
 [13.2042022   3.76979364  1.60925139  9.74506805  0.94960582  4.61529356]
 [13.2042022   3.76979364  1.60925139  9.74506805  0.94960582  4.61529356]
 [13.2042022   3.76979364  1.60925139  9.74506805  0.94960582  4.61529356]
 [13.2042022   3.76979364  1.60925139  9.74506805  0.94960582  4.61529356]
 [13.2042022   3.76979364  1.60925139  9.74506805  0.94960582  4.61529356]
 [13.2042022   3.76979364  1.60925139  9.74506805  0.94960582  4.61529356]
 [13.2042022   3.76979364  1.60925139  9.74506805  0.94960582  4.61529356]
 [13.2042022   3.76979364  1.60925139  9.74506805  0.94960582  4.61529356]
 [13.2042022   3.76979364  1.60925139  9.74506805  0.94960582  4.61529356]
 [13.2042022   3.76979364  1.60925139  9.74506805  0.94960582  4.61529356]
 [13.2042022   3.76979364  1.60925139  9.74506805  0.94960582  4.61529356]
 [13.2042022   3.76979364  1.60925139  9.74506805  0.94960582  4.61529356]
 [13.2042022   3.76979364  1.60925139  9.74506805  0.94960582  4.61529356]
 [13.2042022   3.76979364  1.60925139  9.74506805  0.94960582  4.61529356]
 [13.2042022   3.76979364  1.60925139  9.74506805  0.94960582  4.61529356]
 [13.2042022   3.76979364  1.60925139  9.74506805  0.94960582  4.61529356]
 [13.2042022   3.76979364  1.60925139  9.74506805  0.94960582  4.61529356]
 [13.2042022   3.76979364  1.60925139  9.74506805  0.94960582  4.61529356]
 [13.2042022   3.76979364  1.60925139  9.74506805  0.94960582  4.61529356]
 [13.2042022   3.76979364  1.60925139  9.74506805  0.94960582  4.61529356]
 [13.2042022   3.76979364  1.60925139  9.74506805  0.94960582  4.61529356]
 [13.2042022   3.76979364  1.60925139  9.74506805  0.94960582  4.61529356]
 [13.2042022   3.76979364  1.60925139  9.74506805  0.94960582  4.61529356]
 [13.2042022   3.76979364  1.60925139  9.74506805  0.94960582  4.61529356]
 [13.2042022   3.76979364  1.60925139  9.74506805  0.94960582  4.61529356]
 [13.2042022   3.76979364  1.60925139  9.74506805  0.94960582  4.61529356]]"
3,4,"[[ 411.20134864  416.78399524  417.75133909 -496.97234808  414.96642074
   405.29602741]
 [ 199.91023795  410.73483558  419.51245868 -288.50729294  414.55127697
   406.92221957]
 [ 459.96415141  404.32265091  449.59517993  426.98203966  415.74955551
   456.7833664 ]
 [ 399.60669161  420.32670782  451.54199773  224.7182442   422.27048222
   438.43248989]
 [-323.78532594 -284.69093329  423.73520913 -319.68850148  415.37432559
   448.88871881]
 [ 420.52269562  411.46232433 -129.74516917 -301.63065194  415.30723601
   381.74654874]
 [-279.87304157  428.50599858  377.98623368 -278.54947033  422.83701268
   442.66339874]
 [-284.70283319 -298.04354219  417.75133909 -496.97234808  422.83085789
   448.56863238]
 [ 385.17125563  412.50589838  419.66179526  243.31045513  417.37629288
   448.85744311]
 [ 416.16048485 -291.49219427  422.7023306   -17.00513857  423.45900919
   450.55209945]
 [-303.4502217  -280.00369263  417.75133909 -496.97234808  444.94253104
   405.29602741]
 [-293.07905474  417.96276717 -131.16416124 -269.07758248  417.3700409
   408.26759739]
 [ 420.05648486  425.19958593  450.53774355  212.43030366  417.93715303
   -98.58109518]
 [ 467.67990588  212.91693082  416.49450351 -289.28295609  444.63779991
   436.97144671]
 [ 443.37142468 -309.54137931  218.67466811 -290.55929996  425.20850734
  -284.51049775]
 [ 389.83772377  419.49856857  223.04454804 -325.56960116  417.68983651
  -282.85858178]
 [ 405.59601323  412.78874561 -125.68185604  191.49720104  415.60913152
   457.49195285]
 [ 429.96015821  414.56729709  374.39875213 -266.65586613  444.45144813
  -287.12203469]
 [ 421.10986296  218.98898745  419.71182448 -269.80945957  443.12753279
  -278.79548779]
 [-306.80971546 -297.51279935 -137.72467411 -305.86571823  416.5169845
   442.43165421]
 [  30.20457101  424.86989682  446.78513581 -328.07844157  417.21581763
   405.33015019]
 [ 456.31479225  417.30458098  213.10719156  215.85078636  417.56256759
   455.78528077]
 [ 433.06878034  413.25738749  418.45131948 -283.50141195  442.74677203
   259.64559308]
 [ 416.77618913  221.38545452  376.78427409 -274.87691067  414.82542324
   446.42188626]
 [ 415.01127568  419.42958032  417.95346709  160.58953351  441.96288083
   231.27174751]
 [ 414.12271459  224.38480117  448.98300068   78.91202009  421.78401668
   435.83460152]
 [ 418.05313365 -293.90365415  453.55001247 -477.62703889  416.98315279
   402.65643005]
 [-304.97965302 -282.5336181   418.22291296 -288.81977386  448.43393876
   468.91798103]
 [ 414.79781756 -303.51037951 -128.56816601 -498.93414183  425.24880819
   454.65240801]
 [ 430.27146968  197.69545141  374.02861253 -266.5930443   416.97225833
   396.56834432]
 [-200.94702368  411.4545079   418.28477748 -295.66069733  424.72690708
   443.36596637]
 [-321.88473985 -283.22833282  417.98532164   13.83730007  423.64347552
   445.13577278]
 [ 444.25398191  403.77074991  374.10621598 -315.44753992  418.55407349
   237.44114581]
 [ 416.63932444  253.48249692  413.93017035 -283.69401614  417.19315315
  -277.98736551]
 [ 456.98794859 -297.90382332  421.11130581 -321.22437019  444.17315618
  -108.06990147]]","[-2192.20549821 -2108.98315638 -2036.39719247 -2034.46136616
 -1926.01080654 -1904.41864928 -1872.16720507 -1868.94271898
 -1866.09864163 -1864.37582378 -1841.57264305 -1813.60037394
 -1805.53197145 -1790.05260065 -1785.20473758 -1784.5473575
 -1780.5553598  -1779.26156927 -1779.05415151 -1774.61058771
 -1758.75559027 -1750.78578855 -1744.20698358 -1744.18445428
 -1743.11291043 -1735.9821276  -1729.07194748 -1728.14640051
 -1703.24129557 -1699.92042753 -1693.45254116 -1684.01793166
 -1678.70512677 -1678.67588453 -1678.39442179]","[[47.98088445  7.3194149   2.04143633 30.42126815  0.92536923  9.91514328]
 [47.98088445  7.3194149   2.04143633 30.42126815  0.92536923  9.91514328]
 [47.98088445  7.3194149   2.04143633 30.42126815  0.92536923  9.91514328]
 [47.98088445  7.3194149   2.04143633 30.42126815  0.92536923  9.91514328]
 [47.98088445  7.3194149   2.04143633 30.42126815  0.92536923  9.91514328]
 [47.98088445  7.3194149   2.04143633 30.42126815  0.92536923  9.91514328]
 [47.98088445  7.3194149   2.04143633 30.42126815  0.92536923  9.91514328]
 [47.98088445  7.3194149   2.04143633 30.42126815  0.92536923  9.91514328]
 [47.98088445  7.3194149   2.04143633 30.42126815  0.92536923  9.91514328]
 [47.98088445  7.3194149   2.04143633 30.42126815  0.92536923  9.91514328]
 [47.98088445  7.3194149   2.04143633 30.42126815  0.92536923  9.91514328]
 [47.98088445  7.3194149   2.04143633 30.42126815  0.92536923  9.91514328]
 [47.98088445  7.3194149   2.04143633 30.42126815  0.92536923  9.91514328]
 [47.98088445  7.3194149   2.04143633 30.42126815  0.92536923  9.91514328]
 [47.98088445  7.3194149   2.04143633 30.42126815  0.92536923  9.91514328]
 [47.98088445  7.3194149   2.04143633 30.42126815  0.92536923  9.91514328]
 [47.98088445  7.3194149   2.04143633 30.42126815  0.92536923  9.91514328]
 [47.98088445  7.3194149   2.04143633 30.42126815  0.92536923  9.91514328]
 [47.98088445  7.3194149   2.04143633 30.42126815  0.92536923  9.91514328]
 [47.98088445  7.3194149   2.04143633 30.42126815  0.92536923  9.91514328]
 [47.98088445  7.3194149   2.04143633 30.42126815  0.92536923  9.91514328]
 [47.98088445  7.3194149   2.04143633 30.42126815  0.92536923  9.91514328]
 [47.98088445  7.3194149   2.04143633 30.42126815  0.92536923  9.91514328]
 [47.98088445  7.3194149   2.04143633 30.42126815  0.92536923  9.91514328]
 [47.98088445  7.3194149   2.04143633 30.42126815  0.92536923  9.91514328]
 [47.98088445  7.3194149   2.04143633 30.42126815  0.92536923  9.91514328]
 [47.98088445  7.3194149   2.04143633 30.42126815  0.92536923  9.91514328]
 [47.98088445  7.3194149   2.04143633 30.42126815  0.92536923  9.91514328]
 [47.98088445  7.3194149   2.04143633 30.42126815  0.92536923  9.91514328]
 [47.98088445  7.3194149   2.04143633 30.42126815  0.92536923  9.91514328]
 [47.98088445  7.3194149   2.04143633 30.42126815  0.92536923  9.91514328]
 [47.98088445  7.3194149   2.04143633 30.42126815  0.92536923  9.91514328]
 [47.98088445  7.3194149   2.04143633 30.42126815  0.92536923  9.91514328]
 [47.98088445  7.3194149   2.04143633 30.42126815  0.92536923  9.91514328]
 [47.98088445  7.3194149   2.04143633 30.42126815  0.92536923  9.91514328]]"
4,5,"[[ 421.10986296  411.4545079   418.28477748 -295.66069733  424.72690708
   443.36596637]
 [ 444.25398191  403.77074991  417.75133909 -315.44753992  418.55407349
   405.29602741]
 [-293.07905474  417.96276717  413.93017035 -283.69401614  417.3700409
   408.26759739]
 [ 409.54157659  421.53018707  423.70156308 -126.4175546   416.88064502
   412.18945101]
 [ 399.60669161  420.32670782  418.22291296 -288.81977386  448.43393876
   438.43248989]
 [ 405.59601323  412.78874561  417.98532164  191.49720104  423.64347552
   445.13577278]
 [ 444.25398191  403.77074991  422.7023306  -315.44753992  423.45900919
   450.55209945]
 [ 456.98794859  416.78399524  417.75133909 -321.22437019  414.96642074
   405.29602741]
 [ 420.05648486  425.19958593  450.53774355  212.43030366  421.78401668
   435.83460152]
 [ 411.20134864  416.78399524  417.75133909 -496.97234808  423.45900919
   450.55209945]
 [ 404.83874334  432.55194292  421.28795518   58.03966201  423.46311716
   426.71358572]
 [ 433.06878034 -297.51279935  418.45131948 -283.50141195  442.74677203
   442.43165421]
 [ 199.91023795  410.73483558  419.51245868 -288.50729294  416.5169845
   442.43165421]
 [ 416.77618913  424.86989682  376.78427409 -328.07844157  414.82542324
   405.33015019]
 [ 456.31479225  411.4545079   418.28477748  215.85078636  417.56256759
   443.36596637]
 [ 421.10986296  212.91693082  419.71182448 -289.28295609  444.63779991
   436.97144671]
 [ 459.96415141  404.32265091  449.59517993  426.98203966  425.20850734
   456.7833664 ]
 [ 456.98794859 -297.90382332  421.11130581  426.98203966  444.17315618
   456.7833664 ]
 [ 420.52269562  411.46232433  448.98300068   78.91202009  421.78401668
   435.83460152]
 [ 405.59601323  404.32265091 -125.68185604  426.98203966  415.60913152
   457.49195285]
 [ 414.79781756  424.86989682 -128.56816601 -328.07844157  425.24880819
   405.33015019]
 [ 459.96415141  404.32265091  418.45131948 -283.50141195  415.74955551
   456.7833664 ]
 [ 421.10986296 -297.90382332  419.71182448 -321.22437019  444.17315618
  -278.79548779]
 [ 429.96015821  414.56729709  374.39875213 -266.65586613  422.27048222
   438.43248989]
 [ 444.25398191  403.77074991  374.10621598 -315.44753992  414.82542324
   446.42188626]
 [ 444.25398191  410.73483558  419.51245868 -315.44753992  414.55127697
   237.44114581]
 [ 405.59601323  419.42958032  417.95346709  191.49720104  415.60913152
   231.27174751]
 [-284.70283319 -298.04354219  417.75133909 -496.97234808  414.55127697
   406.92221957]
 [-303.4502217  -280.00369263  417.75133909 -498.93414183  425.24880819
   405.29602741]
 [ 459.96415141  404.32265091  421.11130581 -321.22437019  444.17315618
   456.7833664 ]
 [-311.94700677  407.93069807  414.02337998   76.17812239  422.33082617
   447.10374455]
 [ 467.67990588  414.56729709  416.49450351 -289.28295609  444.63779991
  -287.12203469]
 [-120.13379036  415.1875507   420.7179366  -264.21330036  423.60603656
   438.56787683]
 [ 459.96415141 -297.90382332  449.59517993  426.98203966  444.17315618
   456.7833664 ]
 [-303.4502217  -280.00369263  417.75133909 -496.97234808  422.83701268
   442.66339874]]","[-2313.23171455 -2238.2251881  -2193.4343707  -2188.42716492
 -2184.53191381 -2165.95188606 -2162.54582409 -2157.60232513
 -2150.23985198 -2119.39417492 -2097.29769834 -2094.19469209
 -2078.8898137  -2057.74251463 -2052.13746566 -2044.30987149
 -2037.55292802 -2011.63219775 -2000.13283866 -1986.10394263
 -1978.08723337 -1977.93387702 -1977.69541997 -1956.94642089
 -1943.82326462 -1939.59358397 -1935.54004778 -1933.25522404
 -1931.77676344 -1915.94834582 -1902.51458012 -1896.95346379
 -1889.5085896  -1886.19310043 -1884.19243162]","[[174.35095572  14.21134407   2.58969003  94.96635131   0.90175122
   21.30093461]
 [174.35095572  14.21134407   2.58969003  94.96635131   0.90175122
   21.30093461]
 [174.35095572  14.21134407   2.58969003  94.96635131   0.90175122
   21.30093461]
 [174.35095572  14.21134407   2.58969003  94.96635131   0.90175122
   21.30093461]
 [174.35095572  14.21134407   2.58969003  94.96635131   0.90175122
   21.30093461]
 [174.35095572  14.21134407   2.58969003  94.96635131   0.90175122
   21.30093461]
 [174.35095572  14.21134407   2.58969003  94.96635131   0.90175122
   21.30093461]
 [174.35095572  14.21134407   2.58969003  94.96635131   0.90175122
   21.30093461]
 [174.35095572  14.21134407   2.58969003  94.96635131   0.90175122
   21.30093461]
 [174.35095572  14.21134407   2.58969003  94.96635131   0.90175122
   21.30093461]
 [174.35095572  14.21134407   2.58969003  94.96635131   0.90175122
   21.30093461]
 [174.35095572  14.21134407   2.58969003  94.96635131   0.90175122
   21.30093461]
 [174.35095572  14.21134407   2.58969003  94.96635131   0.90175122
   21.30093461]
 [174.35095572  14.21134407   2.58969003  94.96635131   0.90175122
   21.30093461]
 [174.35095572  14.21134407   2.58969003  94.96635131   0.90175122
   21.30093461]
 [174.35095572  14.21134407   2.58969003  94.96635131   0.90175122
   21.30093461]
 [174.35095572  14.21134407   2.58969003  94.96635131   0.90175122
   21.30093461]
 [174.35095572  14.21134407   2.58969003  94.96635131   0.90175122
   21.30093461]
 [174.35095572  14.21134407   2.58969003  94.96635131   0.90175122
   21.30093461]
 [174.35095572  14.21134407   2.58969003  94.96635131   0.90175122
   21.30093461]
 [174.35095572  14.21134407   2.58969003  94.96635131   0.90175122
   21.30093461]
 [174.35095572  14.21134407   2.58969003  94.96635131   0.90175122
   21.30093461]
 [174.35095572  14.21134407   2.58969003  94.96635131   0.90175122
   21.30093461]
 [174.35095572  14.21134407   2.58969003  94.96635131   0.90175122
   21.30093461]
 [174.35095572  14.21134407   2.58969003  94.96635131   0.90175122
   21.30093461]
 [174.35095572  14.21134407   2.58969003  94.96635131   0.90175122
   21.30093461]
 [174.35095572  14.21134407   2.58969003  94.96635131   0.90175122
   21.30093461]
 [174.35095572  14.21134407   2.58969003  94.96635131   0.90175122
   21.30093461]
 [174.35095572  14.21134407   2.58969003  94.96635131   0.90175122
   21.30093461]
 [174.35095572  14.21134407   2.58969003  94.96635131   0.90175122
   21.30093461]
 [174.35095572  14.21134407   2.58969003  94.96635131   0.90175122
   21.30093461]
 [174.35095572  14.21134407   2.58969003  94.96635131   0.90175122
   21.30093461]
 [174.35095572  14.21134407   2.58969003  94.96635131   0.90175122
   21.30093461]
 [174.35095572  14.21134407   2.58969003  94.96635131   0.90175122
   21.30093461]
 [174.35095572  14.21134407   2.58969003  94.96635131   0.90175122
   21.30093461]]"
5,6,"[[ 409.54157659  421.53018707  423.70156308 -288.50729294  416.5169845
   412.18945101]
 [ 409.54157659  421.53018707  423.70156308  426.98203966  416.88064502
   456.7833664 ]
 [ 404.83874334  432.55194292  421.28795518 -315.44753992  423.46311716
   426.71358572]
 [ 421.10986296  410.73483558  419.51245868 -295.66069733  424.72690708
   442.43165421]
 [ 421.10986296  416.78399524  417.75133909 -321.22437019  414.96642074
   405.29602741]
 [ 421.10986296  403.77074991  419.71182448 -315.44753992  414.82542324
   436.97144671]
 [ 405.59601323  412.78874561  417.98532164 -283.69401614  423.64347552
   408.26759739]
 [ 429.96015821  414.56729709  413.93017035 -283.69401614  422.27048222
   438.43248989]
 [ 404.83874334  404.32265091  421.28795518 -283.50141195  423.46311716
   426.71358572]
 [ 444.25398191  424.86989682  417.75133909 -315.44753992  418.55407349
   405.33015019]
 [ 444.25398191  416.78399524  419.51245868 -315.44753992  414.55127697
   405.29602741]
 [ 433.06878034  411.4545079   418.28477748 -283.50141195  424.72690708
   443.36596637]
 [ 444.25398191  411.4545079   418.28477748 -295.66069733  414.82542324
   443.36596637]
 [ 399.60669161  420.32670782  418.22291296 -288.81977386  423.64347552
   445.13577278]
 [ 420.52269562  411.46232433  418.22291296 -288.81977386  448.43393876
   435.83460152]
 [ 444.25398191  403.77074991  417.75133909 -315.44753992  418.55407349
   405.29602741]
 [ 444.25398191  403.77074991  417.75133909 -315.44753992  425.24880819
   405.29602741]
 [ 399.60669161  420.32670782  418.22291296 -288.81977386  422.33082617
   447.10374455]
 [ 444.25398191  415.1875507   420.7179366  -315.44753992  423.60603656
   446.42188626]
 [-293.07905474  417.96276717  419.51245868 -315.44753992  417.3700409
   408.26759739]
 [ 420.52269562  404.32265091  449.59517993  426.98203966  425.20850734
   456.7833664 ]
 [ 433.06878034  417.96276717  413.93017035 -283.69401614  442.74677203
   442.43165421]
 [ 405.59601323  412.78874561  417.98532164  191.49720104  423.64347552
   405.29602741]
 [ 405.59601323  420.32670782  418.22291296  191.49720104  415.60913152
   438.43248989]
 [ 414.79781756  414.56729709  416.49450351 -328.07844157  444.63779991
   405.33015019]
 [ 409.54157659  421.53018707  418.28477748  215.85078636  416.88064502
   443.36596637]
 [ 399.60669161  420.32670782  419.71182448 -321.22437019  444.17315618
   438.43248989]
 [ 399.60669161  420.32670782  417.75133909 -288.81977386  448.43393876
   438.43248989]
 [ 456.31479225  411.4545079   449.59517993  426.98203966  417.56256759
   443.36596637]
 [ 414.79781756  424.86989682  449.59517993  426.98203966  444.17315618
   456.7833664 ]
 [ 456.98794859  416.78399524  421.11130581  426.98203966  444.17315618
   450.55209945]
 [-311.94700677  407.93069807  414.02337998 -288.81977386  422.33082617
   438.43248989]
 [-311.94700677  403.77074991  417.75133909 -315.44753992  422.33082617
   405.29602741]
 [ 399.60669161  412.78874561  418.22291296 -288.81977386  448.43393876
   438.43248989]
 [ 456.98794859  416.78399524  417.75133909 -321.22437019  414.96642074
   435.83460152]]","[-2341.6767333  -2335.87470067 -2320.35777428 -2317.09944855
 -2313.34076272 -2300.84727295 -2292.33189051 -2292.18718573
 -2279.84793446 -2272.95142637 -2269.13693439 -2256.53560436
 -2243.07081555 -2242.20185949 -2239.45604915 -2238.2251881
 -2236.64679025 -2230.96772893 -2222.16601889 -2221.67311446
 -2218.30335475 -2210.10478022 -2207.79516411 -2205.85744276
 -2203.18127756 -2196.77391594 -2190.85611686 -2184.17800378
 -2183.56949653 -2181.39444302 -2177.65532566 -2176.88303717
 -2176.26311509 -2176.19573925 -2160.28739635]","[[633.54930001  27.59268372   3.28518425 296.45732835   0.87873601
   45.76129689]
 [633.54930001  27.59268372   3.28518425 296.45732835   0.87873601
   45.76129689]
 [633.54930001  27.59268372   3.28518425 296.45732835   0.87873601
   45.76129689]
 [633.54930001  27.59268372   3.28518425 296.45732835   0.87873601
   45.76129689]
 [633.54930001  27.59268372   3.28518425 296.45732835   0.87873601
   45.76129689]
 [633.54930001  27.59268372   3.28518425 296.45732835   0.87873601
   45.76129689]
 [633.54930001  27.59268372   3.28518425 296.45732835   0.87873601
   45.76129689]
 [633.54930001  27.59268372   3.28518425 296.45732835   0.87873601
   45.76129689]
 [633.54930001  27.59268372   3.28518425 296.45732835   0.87873601
   45.76129689]
 [633.54930001  27.59268372   3.28518425 296.45732835   0.87873601
   45.76129689]
 [633.54930001  27.59268372   3.28518425 296.45732835   0.87873601
   45.76129689]
 [633.54930001  27.59268372   3.28518425 296.45732835   0.87873601
   45.76129689]
 [633.54930001  27.59268372   3.28518425 296.45732835   0.87873601
   45.76129689]
 [633.54930001  27.59268372   3.28518425 296.45732835   0.87873601
   45.76129689]
 [633.54930001  27.59268372   3.28518425 296.45732835   0.87873601
   45.76129689]
 [633.54930001  27.59268372   3.28518425 296.45732835   0.87873601
   45.76129689]
 [633.54930001  27.59268372   3.28518425 296.45732835   0.87873601
   45.76129689]
 [633.54930001  27.59268372   3.28518425 296.45732835   0.87873601
   45.76129689]
 [633.54930001  27.59268372   3.28518425 296.45732835   0.87873601
   45.76129689]
 [633.54930001  27.59268372   3.28518425 296.45732835   0.87873601
   45.76129689]
 [633.54930001  27.59268372   3.28518425 296.45732835   0.87873601
   45.76129689]
 [633.54930001  27.59268372   3.28518425 296.45732835   0.87873601
   45.76129689]
 [633.54930001  27.59268372   3.28518425 296.45732835   0.87873601
   45.76129689]
 [633.54930001  27.59268372   3.28518425 296.45732835   0.87873601
   45.76129689]
 [633.54930001  27.59268372   3.28518425 296.45732835   0.87873601
   45.76129689]
 [633.54930001  27.59268372   3.28518425 296.45732835   0.87873601
   45.76129689]
 [633.54930001  27.59268372   3.28518425 296.45732835   0.87873601
   45.76129689]
 [633.54930001  27.59268372   3.28518425 296.45732835   0.87873601
   45.76129689]
 [633.54930001  27.59268372   3.28518425 296.45732835   0.87873601
   45.76129689]
 [633.54930001  27.59268372   3.28518425 296.45732835   0.87873601
   45.76129689]
 [633.54930001  27.59268372   3.28518425 296.45732835   0.87873601
   45.76129689]
 [633.54930001  27.59268372   3.28518425 296.45732835   0.87873601
   45.76129689]
 [633.54930001  27.59268372   3.28518425 296.45732835   0.87873601
   45.76129689]
 [633.54930001  27.59268372   3.28518425 296.45732835   0.87873601
   45.76129689]
 [633.54930001  27.59268372   3.28518425 296.45732835   0.87873601
   45.76129689]]"
6,7,"[[ 414.79781756  421.53018707  423.70156308  426.98203966  416.5169845
   412.18945101]
 [ 409.54157659  420.32670782  423.70156308  426.98203966  416.88064502
   438.43248989]
 [ 444.25398191  416.78399524  419.51245868  426.98203966  425.20850734
   405.29602741]
 [ 414.79781756  414.56729709  416.49450351  426.98203966  444.63779991
   405.33015019]
 [ 404.83874334  432.55194292  421.28795518  426.98203966  417.56256759
   443.36596637]
 [ 420.52269562  416.78399524  421.11130581  426.98203966  448.43393876
   435.83460152]
 [ 399.60669161  420.32670782  418.22291296  426.98203966  423.64347552
   445.13577278]
 [ 409.54157659  421.53018707  418.28477748  426.98203966  444.17315618
   443.36596637]
 [ 421.10986296  416.78399524  417.75133909 -315.44753992  414.96642074
   426.71358572]
 [ 420.52269562  411.46232433  421.28795518 -288.81977386  423.46311716
   426.71358572]
 [ 421.10986296  410.73483558  419.51245868 -295.66069733  424.72690708
   408.26759739]
 [ 421.10986296  420.32670782  419.51245868 -295.66069733  415.60913152
   438.43248989]
 [ 421.10986296  410.73483558  423.70156308 -288.50729294  416.5169845
   412.18945101]
 [ 414.79781756  414.56729709  418.28477748 -295.66069733  414.82542324
   405.33015019]
 [ 420.52269562  404.32265091  449.59517993  426.98203966  414.96642074
   435.83460152]
 [ 456.31479225  411.4545079   421.28795518  426.98203966  417.56256759
   426.71358572]
 [ 420.52269562  403.77074991  449.59517993  426.98203966  418.55407349
   405.29602741]
 [ 421.10986296  411.4545079   419.71182448 -295.66069733  414.82542324
   436.97144671]
 [ 421.10986296  404.32265091  449.59517993  426.98203966  414.96642074
   405.29602741]
 [ 421.10986296  410.73483558  419.51245868 -315.44753992  424.72690708
   408.26759739]
 [ 421.10986296  416.78399524  419.51245868 -315.44753992  414.96642074
   405.29602741]
 [ 409.54157659  421.53018707  417.98532164  426.98203966  423.64347552
   456.7833664 ]
 [ 420.52269562  420.32670782  449.59517993  426.98203966  423.64347552
   445.13577278]
 [ 409.54157659  420.32670782  423.70156308  426.98203966  415.60913152
   456.7833664 ]
 [ 433.06878034  421.53018707  423.70156308  426.98203966  424.72690708
   456.7833664 ]
 [ 409.54157659  414.56729709  413.93017035 -288.50729294  422.27048222
   412.18945101]
 [ 420.52269562  411.46232433  417.75133909 -288.81977386  418.55407349
   435.83460152]
 [ 414.79781756  414.56729709  416.49450351 -315.44753992  414.82542324
   405.33015019]
 [ 404.83874334  411.46232433  421.28795518 -288.81977386  423.46311716
   426.71358572]
 [ 409.54157659  421.53018707  419.51245868 -288.50729294  416.5169845
   405.29602741]
 [ 404.83874334  432.55194292  421.28795518 -315.44753992  416.5169845
   426.71358572]
 [ 421.10986296  410.73483558  419.51245868 -295.66069733  418.55407349
   442.43165421]
 [ 409.54157659  407.93069807  414.02337998 -288.50729294  422.33082617
   412.18945101]
 [ 421.10986296  416.78399524  417.98532164 -321.22437019  423.64347552
   405.29602741]
 [ 421.10986296  410.73483558  418.28477748 -295.66069733  424.72690708
   442.43165421]]","[-2491.41599289 -2451.77680719 -2406.96171337 -2397.19990187
 -2396.49085488 -2386.68148629 -2379.37432414 -2363.05955706
 -2362.20591523 -2355.85970195 -2354.29552854 -2347.43880488
 -2344.91636832 -2343.65809267 -2342.38187236 -2342.07658176
 -2341.22347753 -2341.15939607 -2339.71938928 -2339.17292392
 -2336.98516936 -2336.89678304 -2335.67745713 -2334.35428317
 -2334.06521052 -2333.57338724 -2331.04725605 -2326.92405438
 -2323.68935924 -2321.58336694 -2318.64943449 -2318.14811811
 -2317.70504377 -2317.14736418 -2316.45915835]","[[2.30216527e+03 5.35738345e+01 4.16746228e+00 9.25453556e+02
  8.56308206e-01 9.83100663e+01]
 [2.30216527e+03 5.35738345e+01 4.16746228e+00 9.25453556e+02
  8.56308206e-01 9.83100663e+01]
 [2.30216527e+03 5.35738345e+01 4.16746228e+00 9.25453556e+02
  8.56308206e-01 9.83100663e+01]
 [2.30216527e+03 5.35738345e+01 4.16746228e+00 9.25453556e+02
  8.56308206e-01 9.83100663e+01]
 [2.30216527e+03 5.35738345e+01 4.16746228e+00 9.25453556e+02
  8.56308206e-01 9.83100663e+01]
 [2.30216527e+03 5.35738345e+01 4.16746228e+00 9.25453556e+02
  8.56308206e-01 9.83100663e+01]
 [2.30216527e+03 5.35738345e+01 4.16746228e+00 9.25453556e+02
  8.56308206e-01 9.83100663e+01]
 [2.30216527e+03 5.35738345e+01 4.16746228e+00 9.25453556e+02
  8.56308206e-01 9.83100663e+01]
 [2.30216527e+03 5.35738345e+01 4.16746228e+00 9.25453556e+02
  8.56308206e-01 9.83100663e+01]
 [2.30216527e+03 5.35738345e+01 4.16746228e+00 9.25453556e+02
  8.56308206e-01 9.83100663e+01]
 [2.30216527e+03 5.35738345e+01 4.16746228e+00 9.25453556e+02
  8.56308206e-01 9.83100663e+01]
 [2.30216527e+03 5.35738345e+01 4.16746228e+00 9.25453556e+02
  8.56308206e-01 9.83100663e+01]
 [2.30216527e+03 5.35738345e+01 4.16746228e+00 9.25453556e+02
  8.56308206e-01 9.83100663e+01]
 [2.30216527e+03 5.35738345e+01 4.16746228e+00 9.25453556e+02
  8.56308206e-01 9.83100663e+01]
 [2.30216527e+03 5.35738345e+01 4.16746228e+00 9.25453556e+02
  8.56308206e-01 9.83100663e+01]
 [2.30216527e+03 5.35738345e+01 4.16746228e+00 9.25453556e+02
  8.56308206e-01 9.83100663e+01]
 [2.30216527e+03 5.35738345e+01 4.16746228e+00 9.25453556e+02
  8.56308206e-01 9.83100663e+01]
 [2.30216527e+03 5.35738345e+01 4.16746228e+00 9.25453556e+02
  8.56308206e-01 9.83100663e+01]
 [2.30216527e+03 5.35738345e+01 4.16746228e+00 9.25453556e+02
  8.56308206e-01 9.83100663e+01]
 [2.30216527e+03 5.35738345e+01 4.16746228e+00 9.25453556e+02
  8.56308206e-01 9.83100663e+01]
 [2.30216527e+03 5.35738345e+01 4.16746228e+00 9.25453556e+02
  8.56308206e-01 9.83100663e+01]
 [2.30216527e+03 5.35738345e+01 4.16746228e+00 9.25453556e+02
  8.56308206e-01 9.83100663e+01]
 [2.30216527e+03 5.35738345e+01 4.16746228e+00 9.25453556e+02
  8.56308206e-01 9.83100663e+01]
 [2.30216527e+03 5.35738345e+01 4.16746228e+00 9.25453556e+02
  8.56308206e-01 9.83100663e+01]
 [2.30216527e+03 5.35738345e+01 4.16746228e+00 9.25453556e+02
  8.56308206e-01 9.83100663e+01]
 [2.30216527e+03 5.35738345e+01 4.16746228e+00 9.25453556e+02
  8.56308206e-01 9.83100663e+01]
 [2.30216527e+03 5.35738345e+01 4.16746228e+00 9.25453556e+02
  8.56308206e-01 9.83100663e+01]
 [2.30216527e+03 5.35738345e+01 4.16746228e+00 9.25453556e+02
  8.56308206e-01 9.83100663e+01]
 [2.30216527e+03 5.35738345e+01 4.16746228e+00 9.25453556e+02
  8.56308206e-01 9.83100663e+01]
 [2.30216527e+03 5.35738345e+01 4.16746228e+00 9.25453556e+02
  8.56308206e-01 9.83100663e+01]
 [2.30216527e+03 5.35738345e+01 4.16746228e+00 9.25453556e+02
  8.56308206e-01 9.83100663e+01]
 [2.30216527e+03 5.35738345e+01 4.16746228e+00 9.25453556e+02
  8.56308206e-01 9.83100663e+01]
 [2.30216527e+03 5.35738345e+01 4.16746228e+00 9.25453556e+02
  8.56308206e-01 9.83100663e+01]
 [2.30216527e+03 5.35738345e+01 4.16746228e+00 9.25453556e+02
  8.56308206e-01 9.83100663e+01]
 [2.30216527e+03 5.35738345e+01 4.16746228e+00 9.25453556e+02
  8.56308206e-01 9.83100663e+01]]"
7,8,"[[420.52269562 420.32670782 421.28795518 426.98203966 423.64347552
  426.71358572]
 [420.52269562 420.32670782 423.70156308 426.98203966 416.5169845
  412.18945101]
 [421.10986296 421.53018707 423.70156308 426.98203966 414.82542324
  412.18945101]
 [420.52269562 411.46232433 421.28795518 426.98203966 418.55407349
  426.71358572]
 [420.52269562 411.46232433 421.28795518 426.98203966 423.46311716
  426.71358572]
 [414.79781756 421.53018707 423.70156308 426.98203966 416.5169845
  412.18945101]
 [414.79781756 421.53018707 423.70156308 426.98203966 416.5169845
  412.18945101]
 [421.10986296 410.73483558 423.70156308 426.98203966 417.56256759
  412.18945101]
 [433.06878034 421.53018707 423.70156308 426.98203966 424.72690708
  426.71358572]
 [414.79781756 414.56729709 413.93017035 426.98203966 422.27048222
  412.18945101]
 [420.52269562 421.53018707 423.70156308 426.98203966 424.72690708
  435.83460152]
 [420.52269562 416.78399524 421.11130581 426.98203966 418.55407349
  435.83460152]
 [414.79781756 410.73483558 423.70156308 426.98203966 416.5169845
  412.18945101]
 [409.54157659 414.56729709 417.98532164 426.98203966 422.27048222
  412.18945101]
 [409.54157659 411.46232433 421.28795518 426.98203966 423.46311716
  426.71358572]
 [421.10986296 416.78399524 417.98532164 426.98203966 423.64347552
  405.29602741]
 [420.52269562 416.78399524 417.98532164 426.98203966 423.64347552
  405.29602741]
 [421.10986296 416.78399524 423.70156308 426.98203966 416.5169845
  405.29602741]
 [404.83874334 421.53018707 421.28795518 426.98203966 423.46311716
  426.71358572]
 [421.10986296 416.78399524 419.71182448 426.98203966 414.82542324
  405.29602741]
 [414.79781756 421.53018707 416.49450351 426.98203966 424.72690708
  405.33015019]
 [414.79781756 421.53018707 416.49450351 426.98203966 414.82542324
  405.33015019]
 [420.52269562 411.46232433 421.28795518 426.98203966 423.46311716
  405.29602741]
 [420.52269562 411.4545079  419.71182448 426.98203966 418.55407349
  405.29602741]
 [420.52269562 404.32265091 421.28795518 426.98203966 414.96642074
  426.71358572]
 [409.54157659 432.55194292 421.28795518 426.98203966 422.27048222
  412.18945101]
 [420.52269562 411.4545079  421.28795518 426.98203966 414.96642074
  435.83460152]
 [414.79781756 414.56729709 423.70156308 426.98203966 416.5169845
  405.33015019]
 [420.52269562 432.55194292 421.28795518 426.98203966 418.55407349
  405.29602741]
 [409.54157659 416.78399524 419.51245868 426.98203966 416.5169845
  435.83460152]
 [409.54157659 421.53018707 423.70156308 426.98203966 416.5169845
  405.29602741]
 [414.79781756 414.56729709 423.70156308 426.98203966 416.88064502
  438.43248989]
 [421.10986296 411.4545079  419.51245868 426.98203966 417.56256759
  438.43248989]
 [404.83874334 432.55194292 421.28795518 426.98203966 416.5169845
  426.71358572]
 [409.54157659 420.32670782 417.98532164 426.98203966 423.64347552
  438.43248989]]","[-2504.17219571 -2496.16315443 -2493.95000622 -2493.0829425
 -2493.03216661 -2491.41599289 -2491.41599289 -2484.17677395
 -2483.97338841 -2483.31264682 -2478.80193889 -2478.62660322
 -2478.36207295 -2476.89849569 -2476.76119978 -2474.6768281
 -2474.65423996 -2473.26455668 -2472.13180689 -2471.76037594
 -2469.91161668 -2466.95321656 -2466.77493182 -2466.62084155
 -2466.34826168 -2466.26211086 -2465.69975201 -2465.66969428
 -2461.2432043  -2460.33165709 -2459.13545472 -2458.19299649
 -2458.11223964 -2453.57098068 -2452.79888956]","[[8.36551306e+03 1.04018724e+02 5.28668731e+00 2.88899684e+03
  8.34452827e-01 2.11201819e+02]
 [8.36551306e+03 1.04018724e+02 5.28668731e+00 2.88899684e+03
  8.34452827e-01 2.11201819e+02]
 [8.36551306e+03 1.04018724e+02 5.28668731e+00 2.88899684e+03
  8.34452827e-01 2.11201819e+02]
 [8.36551306e+03 1.04018724e+02 5.28668731e+00 2.88899684e+03
  8.34452827e-01 2.11201819e+02]
 [8.36551306e+03 1.04018724e+02 5.28668731e+00 2.88899684e+03
  8.34452827e-01 2.11201819e+02]
 [8.36551306e+03 1.04018724e+02 5.28668731e+00 2.88899684e+03
  8.34452827e-01 2.11201819e+02]
 [8.36551306e+03 1.04018724e+02 5.28668731e+00 2.88899684e+03
  8.34452827e-01 2.11201819e+02]
 [8.36551306e+03 1.04018724e+02 5.28668731e+00 2.88899684e+03
  8.34452827e-01 2.11201819e+02]
 [8.36551306e+03 1.04018724e+02 5.28668731e+00 2.88899684e+03
  8.34452827e-01 2.11201819e+02]
 [8.36551306e+03 1.04018724e+02 5.28668731e+00 2.88899684e+03
  8.34452827e-01 2.11201819e+02]
 [8.36551306e+03 1.04018724e+02 5.28668731e+00 2.88899684e+03
  8.34452827e-01 2.11201819e+02]
 [8.36551306e+03 1.04018724e+02 5.28668731e+00 2.88899684e+03
  8.34452827e-01 2.11201819e+02]
 [8.36551306e+03 1.04018724e+02 5.28668731e+00 2.88899684e+03
  8.34452827e-01 2.11201819e+02]
 [8.36551306e+03 1.04018724e+02 5.28668731e+00 2.88899684e+03
  8.34452827e-01 2.11201819e+02]
 [8.36551306e+03 1.04018724e+02 5.28668731e+00 2.88899684e+03
  8.34452827e-01 2.11201819e+02]
 [8.36551306e+03 1.04018724e+02 5.28668731e+00 2.88899684e+03
  8.34452827e-01 2.11201819e+02]
 [8.36551306e+03 1.04018724e+02 5.28668731e+00 2.88899684e+03
  8.34452827e-01 2.11201819e+02]
 [8.36551306e+03 1.04018724e+02 5.28668731e+00 2.88899684e+03
  8.34452827e-01 2.11201819e+02]
 [8.36551306e+03 1.04018724e+02 5.28668731e+00 2.88899684e+03
  8.34452827e-01 2.11201819e+02]
 [8.36551306e+03 1.04018724e+02 5.28668731e+00 2.88899684e+03
  8.34452827e-01 2.11201819e+02]
 [8.36551306e+03 1.04018724e+02 5.28668731e+00 2.88899684e+03
  8.34452827e-01 2.11201819e+02]
 [8.36551306e+03 1.04018724e+02 5.28668731e+00 2.88899684e+03
  8.34452827e-01 2.11201819e+02]
 [8.36551306e+03 1.04018724e+02 5.28668731e+00 2.88899684e+03
  8.34452827e-01 2.11201819e+02]
 [8.36551306e+03 1.04018724e+02 5.28668731e+00 2.88899684e+03
  8.34452827e-01 2.11201819e+02]
 [8.36551306e+03 1.04018724e+02 5.28668731e+00 2.88899684e+03
  8.34452827e-01 2.11201819e+02]
 [8.36551306e+03 1.04018724e+02 5.28668731e+00 2.88899684e+03
  8.34452827e-01 2.11201819e+02]
 [8.36551306e+03 1.04018724e+02 5.28668731e+00 2.88899684e+03
  8.34452827e-01 2.11201819e+02]
 [8.36551306e+03 1.04018724e+02 5.28668731e+00 2.88899684e+03
  8.34452827e-01 2.11201819e+02]
 [8.36551306e+03 1.04018724e+02 5.28668731e+00 2.88899684e+03
  8.34452827e-01 2.11201819e+02]
 [8.36551306e+03 1.04018724e+02 5.28668731e+00 2.88899684e+03
  8.34452827e-01 2.11201819e+02]
 [8.36551306e+03 1.04018724e+02 5.28668731e+00 2.88899684e+03
  8.34452827e-01 2.11201819e+02]
 [8.36551306e+03 1.04018724e+02 5.28668731e+00 2.88899684e+03
  8.34452827e-01 2.11201819e+02]
 [8.36551306e+03 1.04018724e+02 5.28668731e+00 2.88899684e+03
  8.34452827e-01 2.11201819e+02]
 [8.36551306e+03 1.04018724e+02 5.28668731e+00 2.88899684e+03
  8.34452827e-01 2.11201819e+02]
 [8.36551306e+03 1.04018724e+02 5.28668731e+00 2.88899684e+03
  8.34452827e-01 2.11201819e+02]]"
8,9,"[[420.52269562 420.32670782 421.28795518 426.98203966 418.55407349
  426.71358572]
 [420.52269562 420.32670782 421.28795518 426.98203966 423.46311716
  426.71358572]
 [421.10986296 420.32670782 421.28795518 426.98203966 423.64347552
  426.71358572]
 [420.52269562 420.32670782 421.28795518 426.98203966 423.64347552
  426.71358572]
 [420.52269562 420.32670782 419.51245868 426.98203966 423.64347552
  426.71358572]
 [420.52269562 421.53018707 421.28795518 426.98203966 424.72690708
  426.71358572]
 [420.52269562 416.78399524 421.28795518 426.98203966 423.64347552
  426.71358572]
 [421.10986296 421.53018707 423.70156308 426.98203966 414.96642074
  426.71358572]
 [414.79781756 421.53018707 421.28795518 426.98203966 423.46311716
  426.71358572]
 [421.10986296 421.53018707 423.70156308 426.98203966 414.82542324
  426.71358572]
 [414.79781756 421.53018707 421.28795518 426.98203966 423.64347552
  426.71358572]
 [420.52269562 416.78399524 421.11130581 426.98203966 414.96642074
  426.71358572]
 [420.52269562 416.78399524 419.71182448 426.98203966 414.96642074
  426.71358572]
 [420.52269562 421.53018707 423.70156308 426.98203966 418.55407349
  412.18945101]
 [421.10986296 421.53018707 423.70156308 426.98203966 423.46311716
  412.18945101]
 [421.10986296 421.53018707 419.51245868 426.98203966 417.56256759
  412.18945101]
 [414.79781756 421.53018707 423.70156308 426.98203966 424.72690708
  426.71358572]
 [420.52269562 420.32670782 423.70156308 426.98203966 416.5169845
  412.18945101]
 [420.52269562 420.32670782 423.70156308 426.98203966 416.5169845
  412.18945101]
 [414.79781756 414.56729709 421.28795518 426.98203966 423.46311716
  426.71358572]
 [421.10986296 421.53018707 423.70156308 426.98203966 414.82542324
  412.18945101]
 [421.10986296 421.53018707 423.70156308 426.98203966 414.82542324
  412.18945101]
 [420.52269562 421.53018707 423.70156308 426.98203966 414.82542324
  412.18945101]
 [420.52269562 421.53018707 423.70156308 426.98203966 414.82542324
  412.18945101]
 [414.79781756 421.53018707 423.70156308 426.98203966 422.27048222
  412.18945101]
 [420.52269562 421.53018707 413.93017035 426.98203966 422.27048222
  412.18945101]
 [420.52269562 411.46232433 421.28795518 426.98203966 418.55407349
  426.71358572]
 [420.52269562 411.46232433 421.28795518 426.98203966 418.55407349
  426.71358572]
 [420.52269562 411.4545079  421.28795518 426.98203966 418.55407349
  426.71358572]
 [414.79781756 421.53018707 421.28795518 426.98203966 424.72690708
  412.18945101]
 [420.52269562 411.46232433 421.28795518 426.98203966 423.46311716
  426.71358572]
 [420.52269562 411.46232433 421.28795518 426.98203966 423.46311716
  426.71358572]
 [420.52269562 411.46232433 421.28795518 426.98203966 423.64347552
  426.71358572]
 [420.52269562 411.46232433 421.28795518 426.98203966 423.64347552
  426.71358572]
 [420.52269562 411.46232433 419.71182448 426.98203966 418.55407349
  426.71358572]]","[-2504.34070786 -2504.28993196 -2504.19478385 -2504.17219571
 -2503.9176264  -2503.30425594 -2502.01996034 -2499.65281918
 -2499.54277042 -2499.43829048 -2499.42503417 -2498.40622582
 -2498.20955129 -2497.93448776 -2497.9063     -2497.90627805
 -2497.61472328 -2496.16315443 -2496.16315443 -2494.43515444
 -2493.95000622 -2493.95000622 -2493.92741808 -2493.92741808
 -2493.69603144 -2493.17964199 -2493.0829425  -2493.0829425
 -2493.06445656 -2493.05659249 -2493.03216661 -2493.03216661
 -2492.91443036 -2492.91443036 -2492.89656228]","[[3.03982558e+04 2.01962300e+02 6.70649447e+00 9.01860788e+03
  8.13155258e-01 4.53729815e+02]
 [3.03982558e+04 2.01962300e+02 6.70649447e+00 9.01860788e+03
  8.13155258e-01 4.53729815e+02]
 [3.03982558e+04 2.01962300e+02 6.70649447e+00 9.01860788e+03
  8.13155258e-01 4.53729815e+02]
 [3.03982558e+04 2.01962300e+02 6.70649447e+00 9.01860788e+03
  8.13155258e-01 4.53729815e+02]
 [3.03982558e+04 2.01962300e+02 6.70649447e+00 9.01860788e+03
  8.13155258e-01 4.53729815e+02]
 [3.03982558e+04 2.01962300e+02 6.70649447e+00 9.01860788e+03
  8.13155258e-01 4.53729815e+02]
 [3.03982558e+04 2.01962300e+02 6.70649447e+00 9.01860788e+03
  8.13155258e-01 4.53729815e+02]
 [3.03982558e+04 2.01962300e+02 6.70649447e+00 9.01860788e+03
  8.13155258e-01 4.53729815e+02]
 [3.03982558e+04 2.01962300e+02 6.70649447e+00 9.01860788e+03
  8.13155258e-01 4.53729815e+02]
 [3.03982558e+04 2.01962300e+02 6.70649447e+00 9.01860788e+03
  8.13155258e-01 4.53729815e+02]
 [3.03982558e+04 2.01962300e+02 6.70649447e+00 9.01860788e+03
  8.13155258e-01 4.53729815e+02]
 [3.03982558e+04 2.01962300e+02 6.70649447e+00 9.01860788e+03
  8.13155258e-01 4.53729815e+02]
 [3.03982558e+04 2.01962300e+02 6.70649447e+00 9.01860788e+03
  8.13155258e-01 4.53729815e+02]
 [3.03982558e+04 2.01962300e+02 6.70649447e+00 9.01860788e+03
  8.13155258e-01 4.53729815e+02]
 [3.03982558e+04 2.01962300e+02 6.70649447e+00 9.01860788e+03
  8.13155258e-01 4.53729815e+02]
 [3.03982558e+04 2.01962300e+02 6.70649447e+00 9.01860788e+03
  8.13155258e-01 4.53729815e+02]
 [3.03982558e+04 2.01962300e+02 6.70649447e+00 9.01860788e+03
  8.13155258e-01 4.53729815e+02]
 [3.03982558e+04 2.01962300e+02 6.70649447e+00 9.01860788e+03
  8.13155258e-01 4.53729815e+02]
 [3.03982558e+04 2.01962300e+02 6.70649447e+00 9.01860788e+03
  8.13155258e-01 4.53729815e+02]
 [3.03982558e+04 2.01962300e+02 6.70649447e+00 9.01860788e+03
  8.13155258e-01 4.53729815e+02]
 [3.03982558e+04 2.01962300e+02 6.70649447e+00 9.01860788e+03
  8.13155258e-01 4.53729815e+02]
 [3.03982558e+04 2.01962300e+02 6.70649447e+00 9.01860788e+03
  8.13155258e-01 4.53729815e+02]
 [3.03982558e+04 2.01962300e+02 6.70649447e+00 9.01860788e+03
  8.13155258e-01 4.53729815e+02]
 [3.03982558e+04 2.01962300e+02 6.70649447e+00 9.01860788e+03
  8.13155258e-01 4.53729815e+02]
 [3.03982558e+04 2.01962300e+02 6.70649447e+00 9.01860788e+03
  8.13155258e-01 4.53729815e+02]
 [3.03982558e+04 2.01962300e+02 6.70649447e+00 9.01860788e+03
  8.13155258e-01 4.53729815e+02]
 [3.03982558e+04 2.01962300e+02 6.70649447e+00 9.01860788e+03
  8.13155258e-01 4.53729815e+02]
 [3.03982558e+04 2.01962300e+02 6.70649447e+00 9.01860788e+03
  8.13155258e-01 4.53729815e+02]
 [3.03982558e+04 2.01962300e+02 6.70649447e+00 9.01860788e+03
  8.13155258e-01 4.53729815e+02]
 [3.03982558e+04 2.01962300e+02 6.70649447e+00 9.01860788e+03
  8.13155258e-01 4.53729815e+02]
 [3.03982558e+04 2.01962300e+02 6.70649447e+00 9.01860788e+03
  8.13155258e-01 4.53729815e+02]
 [3.03982558e+04 2.01962300e+02 6.70649447e+00 9.01860788e+03
  8.13155258e-01 4.53729815e+02]
 [3.03982558e+04 2.01962300e+02 6.70649447e+00 9.01860788e+03
  8.13155258e-01 4.53729815e+02]
 [3.03982558e+04 2.01962300e+02 6.70649447e+00 9.01860788e+03
  8.13155258e-01 4.53729815e+02]
 [3.03982558e+04 2.01962300e+02 6.70649447e+00 9.01860788e+03
  8.13155258e-01 4.53729815e+02]]"
9,10,"[[420.52269562 421.53018707 421.28795518 426.98203966 422.27048222
  426.71358572]
 [420.52269562 421.53018707 421.28795518 426.98203966 422.27048222
  426.71358572]
 [420.52269562 420.32670782 421.28795518 426.98203966 422.27048222
  426.71358572]
 [420.52269562 421.53018707 421.28795518 426.98203966 418.55407349
  426.71358572]
 [420.52269562 420.32670782 421.28795518 426.98203966 418.55407349
  426.71358572]
 [420.52269562 420.32670782 421.28795518 426.98203966 418.55407349
  426.71358572]
 [420.52269562 420.32670782 421.28795518 426.98203966 418.55407349
  426.71358572]
 [420.52269562 420.32670782 421.28795518 426.98203966 418.55407349
  426.71358572]
 [421.10986296 421.53018707 421.28795518 426.98203966 423.46311716
  426.71358572]
 [420.52269562 421.53018707 421.28795518 426.98203966 423.46311716
  426.71358572]
 [420.52269562 421.53018707 421.28795518 426.98203966 423.46311716
  426.71358572]
 [420.52269562 421.53018707 421.28795518 426.98203966 423.46311716
  426.71358572]
 [420.52269562 420.32670782 421.28795518 426.98203966 423.46311716
  426.71358572]
 [421.10986296 421.53018707 421.28795518 426.98203966 423.64347552
  426.71358572]
 [421.10986296 421.53018707 421.28795518 426.98203966 423.64347552
  426.71358572]
 [421.10986296 420.32670782 421.28795518 426.98203966 423.64347552
  426.71358572]
 [421.10986296 421.53018707 419.71182448 426.98203966 418.55407349
  426.71358572]
 [420.52269562 421.53018707 421.28795518 426.98203966 423.64347552
  426.71358572]
 [420.52269562 420.32670782 421.28795518 426.98203966 423.64347552
  426.71358572]
 [420.52269562 420.32670782 421.28795518 426.98203966 423.64347552
  426.71358572]
 [420.52269562 420.32670782 421.28795518 426.98203966 423.64347552
  426.71358572]
 [420.52269562 420.32670782 421.28795518 426.98203966 423.64347552
  426.71358572]
 [420.52269562 420.32670782 421.28795518 426.98203966 423.64347552
  426.71358572]
 [420.52269562 420.32670782 421.28795518 426.98203966 423.64347552
  426.71358572]
 [420.52269562 420.32670782 419.71182448 426.98203966 423.64347552
  426.71358572]
 [420.52269562 421.53018707 419.51245868 426.98203966 423.64347552
  426.71358572]
 [420.52269562 420.32670782 419.51245868 426.98203966 423.64347552
  426.71358572]
 [420.52269562 420.32670782 419.51245868 426.98203966 423.64347552
  426.71358572]
 [420.52269562 420.32670782 419.51245868 426.98203966 423.64347552
  426.71358572]
 [420.52269562 420.32670782 419.51245868 426.98203966 423.64347552
  426.71358572]
 [420.52269562 421.53018707 423.70156308 426.98203966 418.55407349
  426.71358572]
 [420.52269562 421.53018707 423.70156308 426.98203966 418.55407349
  426.71358572]
 [420.52269562 421.53018707 423.70156308 426.98203966 423.46311716
  426.71358572]
 [420.52269562 421.53018707 421.28795518 426.98203966 424.72690708
  426.71358572]
 [420.52269562 421.53018707 421.28795518 426.98203966 424.72690708
  426.71358572]]","[-2504.87384836 -2504.87384836 -2504.86163073 -2504.3529255
 -2504.34070786 -2504.34070786 -2504.34070786 -2504.34070786
 -2504.32473774 -2504.3021496  -2504.3021496  -2504.3021496
 -2504.28993196 -2504.20700148 -2504.20700148 -2504.19478385
 -2504.18913341 -2504.18441335 -2504.17219571 -2504.17219571
 -2504.17219571 -2504.17219571 -2504.17219571 -2504.17219571
 -2503.98581549 -2503.92984403 -2503.9176264  -2503.9176264
 -2503.9176264  -2503.9176264  -2503.42277202 -2503.42277202
 -2503.37199612 -2503.30425594 -2503.30425594]","[[1.10459926e+05 3.92129122e+02 8.50760890e+00 2.81534708e+04
  7.92401263e-01 9.74758393e+02]
 [1.10459926e+05 3.92129122e+02 8.50760890e+00 2.81534708e+04
  7.92401263e-01 9.74758393e+02]
 [1.10459926e+05 3.92129122e+02 8.50760890e+00 2.81534708e+04
  7.92401263e-01 9.74758393e+02]
 [1.10459926e+05 3.92129122e+02 8.50760890e+00 2.81534708e+04
  7.92401263e-01 9.74758393e+02]
 [1.10459926e+05 3.92129122e+02 8.50760890e+00 2.81534708e+04
  7.92401263e-01 9.74758393e+02]
 [1.10459926e+05 3.92129122e+02 8.50760890e+00 2.81534708e+04
  7.92401263e-01 9.74758393e+02]
 [1.10459926e+05 3.92129122e+02 8.50760890e+00 2.81534708e+04
  7.92401263e-01 9.74758393e+02]
 [1.10459926e+05 3.92129122e+02 8.50760890e+00 2.81534708e+04
  7.92401263e-01 9.74758393e+02]
 [1.10459926e+05 3.92129122e+02 8.50760890e+00 2.81534708e+04
  7.92401263e-01 9.74758393e+02]
 [1.10459926e+05 3.92129122e+02 8.50760890e+00 2.81534708e+04
  7.92401263e-01 9.74758393e+02]
 [1.10459926e+05 3.92129122e+02 8.50760890e+00 2.81534708e+04
  7.92401263e-01 9.74758393e+02]
 [1.10459926e+05 3.92129122e+02 8.50760890e+00 2.81534708e+04
  7.92401263e-01 9.74758393e+02]
 [1.10459926e+05 3.92129122e+02 8.50760890e+00 2.81534708e+04
  7.92401263e-01 9.74758393e+02]
 [1.10459926e+05 3.92129122e+02 8.50760890e+00 2.81534708e+04
  7.92401263e-01 9.74758393e+02]
 [1.10459926e+05 3.92129122e+02 8.50760890e+00 2.81534708e+04
  7.92401263e-01 9.74758393e+02]
 [1.10459926e+05 3.92129122e+02 8.50760890e+00 2.81534708e+04
  7.92401263e-01 9.74758393e+02]
 [1.10459926e+05 3.92129122e+02 8.50760890e+00 2.81534708e+04
  7.92401263e-01 9.74758393e+02]
 [1.10459926e+05 3.92129122e+02 8.50760890e+00 2.81534708e+04
  7.92401263e-01 9.74758393e+02]
 [1.10459926e+05 3.92129122e+02 8.50760890e+00 2.81534708e+04
  7.92401263e-01 9.74758393e+02]
 [1.10459926e+05 3.92129122e+02 8.50760890e+00 2.81534708e+04
  7.92401263e-01 9.74758393e+02]
 [1.10459926e+05 3.92129122e+02 8.50760890e+00 2.81534708e+04
  7.92401263e-01 9.74758393e+02]
 [1.10459926e+05 3.92129122e+02 8.50760890e+00 2.81534708e+04
  7.92401263e-01 9.74758393e+02]
 [1.10459926e+05 3.92129122e+02 8.50760890e+00 2.81534708e+04
  7.92401263e-01 9.74758393e+02]
 [1.10459926e+05 3.92129122e+02 8.50760890e+00 2.81534708e+04
  7.92401263e-01 9.74758393e+02]
 [1.10459926e+05 3.92129122e+02 8.50760890e+00 2.81534708e+04
  7.92401263e-01 9.74758393e+02]
 [1.10459926e+05 3.92129122e+02 8.50760890e+00 2.81534708e+04
  7.92401263e-01 9.74758393e+02]
 [1.10459926e+05 3.92129122e+02 8.50760890e+00 2.81534708e+04
  7.92401263e-01 9.74758393e+02]
 [1.10459926e+05 3.92129122e+02 8.50760890e+00 2.81534708e+04
  7.92401263e-01 9.74758393e+02]
 [1.10459926e+05 3.92129122e+02 8.50760890e+00 2.81534708e+04
  7.92401263e-01 9.74758393e+02]
 [1.10459926e+05 3.92129122e+02 8.50760890e+00 2.81534708e+04
  7.92401263e-01 9.74758393e+02]
 [1.10459926e+05 3.92129122e+02 8.50760890e+00 2.81534708e+04
  7.92401263e-01 9.74758393e+02]
 [1.10459926e+05 3.92129122e+02 8.50760890e+00 2.81534708e+04
  7.92401263e-01 9.74758393e+02]
 [1.10459926e+05 3.92129122e+02 8.50760890e+00 2.81534708e+04
  7.92401263e-01 9.74758393e+02]
 [1.10459926e+05 3.92129122e+02 8.50760890e+00 2.81534708e+04
  7.92401263e-01 9.74758393e+02]
 [1.10459926e+05 3.92129122e+02 8.50760890e+00 2.81534708e+04
  7.92401263e-01 9.74758393e+02]]"
10,11,"[[421.10986296 421.53018707 421.28795518 426.98203966 422.27048222
  426.71358572]
 [420.52269562 421.53018707 421.28795518 426.98203966 422.27048222
  426.71358572]
 [420.52269562 421.53018707 421.28795518 426.98203966 422.27048222
  426.71358572]
 [420.52269562 421.53018707 421.28795518 426.98203966 422.27048222
  426.71358572]
 [420.52269562 421.53018707 421.28795518 426.98203966 422.27048222
  426.71358572]
 [420.52269562 421.53018707 421.28795518 426.98203966 422.27048222
  426.71358572]
 [420.52269562 421.53018707 421.28795518 426.98203966 422.27048222
  426.71358572]
 [420.52269562 420.32670782 421.28795518 426.98203966 422.27048222
  426.71358572]
 [420.52269562 420.32670782 421.28795518 426.98203966 422.27048222
  426.71358572]
 [420.52269562 420.32670782 421.28795518 426.98203966 422.27048222
  426.71358572]
 [420.52269562 420.32670782 421.28795518 426.98203966 422.27048222
  426.71358572]
 [420.52269562 420.32670782 421.28795518 426.98203966 422.27048222
  426.71358572]
 [420.52269562 420.32670782 421.28795518 426.98203966 422.27048222
  426.71358572]
 [420.52269562 420.32670782 421.28795518 426.98203966 422.27048222
  426.71358572]
 [420.52269562 420.32670782 421.28795518 426.98203966 422.27048222
  426.71358572]
 [420.52269562 421.53018707 419.71182448 426.98203966 422.27048222
  426.71358572]
 [420.52269562 421.53018707 419.71182448 426.98203966 422.27048222
  426.71358572]
 [420.52269562 421.53018707 419.51245868 426.98203966 422.27048222
  426.71358572]
 [420.52269562 421.53018707 419.51245868 426.98203966 422.27048222
  426.71358572]
 [420.52269562 420.32670782 419.51245868 426.98203966 422.27048222
  426.71358572]
 [421.10986296 420.32670782 421.28795518 426.98203966 418.55407349
  426.71358572]
 [420.52269562 421.53018707 421.28795518 426.98203966 418.55407349
  426.71358572]
 [420.52269562 421.53018707 421.28795518 426.98203966 418.55407349
  426.71358572]
 [420.52269562 421.53018707 421.28795518 426.98203966 418.55407349
  426.71358572]
 [420.52269562 421.53018707 421.28795518 426.98203966 418.55407349
  426.71358572]
 [420.52269562 421.53018707 421.28795518 426.98203966 418.55407349
  426.71358572]
 [420.52269562 421.53018707 421.28795518 426.98203966 418.55407349
  426.71358572]
 [420.52269562 421.53018707 421.28795518 426.98203966 418.55407349
  426.71358572]
 [420.52269562 421.53018707 421.28795518 426.98203966 418.55407349
  426.71358572]
 [420.52269562 421.53018707 421.28795518 426.98203966 418.55407349
  426.71358572]
 [420.52269562 421.53018707 421.28795518 426.98203966 418.55407349
  426.71358572]
 [420.52269562 421.53018707 421.28795518 426.98203966 418.55407349
  426.71358572]
 [420.52269562 421.53018707 421.28795518 426.98203966 418.55407349
  426.71358572]
 [420.52269562 421.53018707 421.28795518 426.98203966 418.55407349
  426.71358572]
 [420.52269562 421.53018707 421.28795518 426.98203966 418.55407349
  426.71358572]]","[-2504.8964365  -2504.87384836 -2504.87384836 -2504.87384836
 -2504.87384836 -2504.87384836 -2504.87384836 -2504.86163073
 -2504.86163073 -2504.86163073 -2504.86163073 -2504.86163073
 -2504.86163073 -2504.86163073 -2504.86163073 -2504.68746814
 -2504.68746814 -2504.61927905 -2504.61927905 -2504.60706141
 -2504.363296   -2504.3529255  -2504.3529255  -2504.3529255
 -2504.3529255  -2504.3529255  -2504.3529255  -2504.3529255
 -2504.3529255  -2504.3529255  -2504.3529255  -2504.3529255
 -2504.3529255  -2504.3529255  -2504.3529255 ]","[[4.01384716e+05 7.61356195e+02 1.07924355e+01 8.78869475e+04
  7.72176968e-01 2.09409629e+03]
 [4.01384716e+05 7.61356195e+02 1.07924355e+01 8.78869475e+04
  7.72176968e-01 2.09409629e+03]
 [4.01384716e+05 7.61356195e+02 1.07924355e+01 8.78869475e+04
  7.72176968e-01 2.09409629e+03]
 [4.01384716e+05 7.61356195e+02 1.07924355e+01 8.78869475e+04
  7.72176968e-01 2.09409629e+03]
 [4.01384716e+05 7.61356195e+02 1.07924355e+01 8.78869475e+04
  7.72176968e-01 2.09409629e+03]
 [4.01384716e+05 7.61356195e+02 1.07924355e+01 8.78869475e+04
  7.72176968e-01 2.09409629e+03]
 [4.01384716e+05 7.61356195e+02 1.07924355e+01 8.78869475e+04
  7.72176968e-01 2.09409629e+03]
 [4.01384716e+05 7.61356195e+02 1.07924355e+01 8.78869475e+04
  7.72176968e-01 2.09409629e+03]
 [4.01384716e+05 7.61356195e+02 1.07924355e+01 8.78869475e+04
  7.72176968e-01 2.09409629e+03]
 [4.01384716e+05 7.61356195e+02 1.07924355e+01 8.78869475e+04
  7.72176968e-01 2.09409629e+03]
 [4.01384716e+05 7.61356195e+02 1.07924355e+01 8.78869475e+04
  7.72176968e-01 2.09409629e+03]
 [4.01384716e+05 7.61356195e+02 1.07924355e+01 8.78869475e+04
  7.72176968e-01 2.09409629e+03]
 [4.01384716e+05 7.61356195e+02 1.07924355e+01 8.78869475e+04
  7.72176968e-01 2.09409629e+03]
 [4.01384716e+05 7.61356195e+02 1.07924355e+01 8.78869475e+04
  7.72176968e-01 2.09409629e+03]
 [4.01384716e+05 7.61356195e+02 1.07924355e+01 8.78869475e+04
  7.72176968e-01 2.09409629e+03]
 [4.01384716e+05 7.61356195e+02 1.07924355e+01 8.78869475e+04
  7.72176968e-01 2.09409629e+03]
 [4.01384716e+05 7.61356195e+02 1.07924355e+01 8.78869475e+04
  7.72176968e-01 2.09409629e+03]
 [4.01384716e+05 7.61356195e+02 1.07924355e+01 8.78869475e+04
  7.72176968e-01 2.09409629e+03]
 [4.01384716e+05 7.61356195e+02 1.07924355e+01 8.78869475e+04
  7.72176968e-01 2.09409629e+03]
 [4.01384716e+05 7.61356195e+02 1.07924355e+01 8.78869475e+04
  7.72176968e-01 2.09409629e+03]
 [4.01384716e+05 7.61356195e+02 1.07924355e+01 8.78869475e+04
  7.72176968e-01 2.09409629e+03]
 [4.01384716e+05 7.61356195e+02 1.07924355e+01 8.78869475e+04
  7.72176968e-01 2.09409629e+03]
 [4.01384716e+05 7.61356195e+02 1.07924355e+01 8.78869475e+04
  7.72176968e-01 2.09409629e+03]
 [4.01384716e+05 7.61356195e+02 1.07924355e+01 8.78869475e+04
  7.72176968e-01 2.09409629e+03]
 [4.01384716e+05 7.61356195e+02 1.07924355e+01 8.78869475e+04
  7.72176968e-01 2.09409629e+03]
 [4.01384716e+05 7.61356195e+02 1.07924355e+01 8.78869475e+04
  7.72176968e-01 2.09409629e+03]
 [4.01384716e+05 7.61356195e+02 1.07924355e+01 8.78869475e+04
  7.72176968e-01 2.09409629e+03]
 [4.01384716e+05 7.61356195e+02 1.07924355e+01 8.78869475e+04
  7.72176968e-01 2.09409629e+03]
 [4.01384716e+05 7.61356195e+02 1.07924355e+01 8.78869475e+04
  7.72176968e-01 2.09409629e+03]
 [4.01384716e+05 7.61356195e+02 1.07924355e+01 8.78869475e+04
  7.72176968e-01 2.09409629e+03]
 [4.01384716e+05 7.61356195e+02 1.07924355e+01 8.78869475e+04
  7.72176968e-01 2.09409629e+03]
 [4.01384716e+05 7.61356195e+02 1.07924355e+01 8.78869475e+04
  7.72176968e-01 2.09409629e+03]
 [4.01384716e+05 7.61356195e+02 1.07924355e+01 8.78869475e+04
  7.72176968e-01 2.09409629e+03]
 [4.01384716e+05 7.61356195e+02 1.07924355e+01 8.78869475e+04
  7.72176968e-01 2.09409629e+03]
 [4.01384716e+05 7.61356195e+02 1.07924355e+01 8.78869475e+04
  7.72176968e-01 2.09409629e+03]]"
11,12,"[[421.10986296 421.53018707 421.28795518 426.98203966 422.27048222
  426.71358572]
 [421.10986296 421.53018707 421.28795518 426.98203966 422.27048222
  426.71358572]
 [421.10986296 421.53018707 421.28795518 426.98203966 422.27048222
  426.71358572]
 [421.10986296 421.53018707 421.28795518 426.98203966 422.27048222
  426.71358572]
 [421.10986296 421.53018707 421.28795518 426.98203966 422.27048222
  426.71358572]
 [421.10986296 421.53018707 421.28795518 426.98203966 422.27048222
  426.71358572]
 [421.10986296 421.53018707 421.28795518 426.98203966 422.27048222
  426.71358572]
 [421.10986296 421.53018707 421.28795518 426.98203966 422.27048222
  426.71358572]
 [421.10986296 421.53018707 421.28795518 426.98203966 422.27048222
  426.71358572]
 [421.10986296 421.53018707 421.28795518 426.98203966 422.27048222
  426.71358572]
 [421.10986296 421.53018707 421.28795518 426.98203966 422.27048222
  426.71358572]
 [421.10986296 420.32670782 421.28795518 426.98203966 422.27048222
  426.71358572]
 [421.10986296 420.32670782 421.28795518 426.98203966 422.27048222
  426.71358572]
 [420.52269562 421.53018707 421.28795518 426.98203966 422.27048222
  426.71358572]
 [420.52269562 421.53018707 421.28795518 426.98203966 422.27048222
  426.71358572]
 [420.52269562 421.53018707 421.28795518 426.98203966 422.27048222
  426.71358572]
 [420.52269562 421.53018707 421.28795518 426.98203966 422.27048222
  426.71358572]
 [420.52269562 421.53018707 421.28795518 426.98203966 422.27048222
  426.71358572]
 [420.52269562 421.53018707 421.28795518 426.98203966 422.27048222
  426.71358572]
 [420.52269562 421.53018707 421.28795518 426.98203966 422.27048222
  426.71358572]
 [420.52269562 421.53018707 421.28795518 426.98203966 422.27048222
  426.71358572]
 [420.52269562 421.53018707 421.28795518 426.98203966 422.27048222
  426.71358572]
 [420.52269562 421.53018707 421.28795518 426.98203966 422.27048222
  426.71358572]
 [420.52269562 421.53018707 421.28795518 426.98203966 422.27048222
  426.71358572]
 [420.52269562 421.53018707 421.28795518 426.98203966 422.27048222
  426.71358572]
 [420.52269562 421.53018707 421.28795518 426.98203966 422.27048222
  426.71358572]
 [420.52269562 421.53018707 421.28795518 426.98203966 422.27048222
  426.71358572]
 [420.52269562 421.53018707 421.28795518 426.98203966 422.27048222
  426.71358572]
 [420.52269562 421.53018707 421.28795518 426.98203966 422.27048222
  426.71358572]
 [420.52269562 421.53018707 421.28795518 426.98203966 422.27048222
  426.71358572]
 [420.52269562 421.53018707 421.28795518 426.98203966 422.27048222
  426.71358572]
 [420.52269562 421.53018707 421.28795518 426.98203966 422.27048222
  426.71358572]
 [420.52269562 421.53018707 421.28795518 426.98203966 422.27048222
  426.71358572]
 [420.52269562 421.53018707 421.28795518 426.98203966 422.27048222
  426.71358572]
 [420.52269562 421.53018707 421.28795518 426.98203966 422.27048222
  426.71358572]]","[-2504.8964365  -2504.8964365  -2504.8964365  -2504.8964365
 -2504.8964365  -2504.8964365  -2504.8964365  -2504.8964365
 -2504.8964365  -2504.8964365  -2504.8964365  -2504.88421886
 -2504.88421886 -2504.87384836 -2504.87384836 -2504.87384836
 -2504.87384836 -2504.87384836 -2504.87384836 -2504.87384836
 -2504.87384836 -2504.87384836 -2504.87384836 -2504.87384836
 -2504.87384836 -2504.87384836 -2504.87384836 -2504.87384836
 -2504.87384836 -2504.87384836 -2504.87384836 -2504.87384836
 -2504.87384836 -2504.87384836 -2504.87384836]","[[1.45853520e+06 1.47824587e+03 1.36908814e+01 2.74357489e+05
  7.52468853e-01 4.49879613e+03]
 [1.45853520e+06 1.47824587e+03 1.36908814e+01 2.74357489e+05
  7.52468853e-01 4.49879613e+03]
 [1.45853520e+06 1.47824587e+03 1.36908814e+01 2.74357489e+05
  7.52468853e-01 4.49879613e+03]
 [1.45853520e+06 1.47824587e+03 1.36908814e+01 2.74357489e+05
  7.52468853e-01 4.49879613e+03]
 [1.45853520e+06 1.47824587e+03 1.36908814e+01 2.74357489e+05
  7.52468853e-01 4.49879613e+03]
 [1.45853520e+06 1.47824587e+03 1.36908814e+01 2.74357489e+05
  7.52468853e-01 4.49879613e+03]
 [1.45853520e+06 1.47824587e+03 1.36908814e+01 2.74357489e+05
  7.52468853e-01 4.49879613e+03]
 [1.45853520e+06 1.47824587e+03 1.36908814e+01 2.74357489e+05
  7.52468853e-01 4.49879613e+03]
 [1.45853520e+06 1.47824587e+03 1.36908814e+01 2.74357489e+05
  7.52468853e-01 4.49879613e+03]
 [1.45853520e+06 1.47824587e+03 1.36908814e+01 2.74357489e+05
  7.52468853e-01 4.49879613e+03]
 [1.45853520e+06 1.47824587e+03 1.36908814e+01 2.74357489e+05
  7.52468853e-01 4.49879613e+03]
 [1.45853520e+06 1.47824587e+03 1.36908814e+01 2.74357489e+05
  7.52468853e-01 4.49879613e+03]
 [1.45853520e+06 1.47824587e+03 1.36908814e+01 2.74357489e+05
  7.52468853e-01 4.49879613e+03]
 [1.45853520e+06 1.47824587e+03 1.36908814e+01 2.74357489e+05
  7.52468853e-01 4.49879613e+03]
 [1.45853520e+06 1.47824587e+03 1.36908814e+01 2.74357489e+05
  7.52468853e-01 4.49879613e+03]
 [1.45853520e+06 1.47824587e+03 1.36908814e+01 2.74357489e+05
  7.52468853e-01 4.49879613e+03]
 [1.45853520e+06 1.47824587e+03 1.36908814e+01 2.74357489e+05
  7.52468853e-01 4.49879613e+03]
 [1.45853520e+06 1.47824587e+03 1.36908814e+01 2.74357489e+05
  7.52468853e-01 4.49879613e+03]
 [1.45853520e+06 1.47824587e+03 1.36908814e+01 2.74357489e+05
  7.52468853e-01 4.49879613e+03]
 [1.45853520e+06 1.47824587e+03 1.36908814e+01 2.74357489e+05
  7.52468853e-01 4.49879613e+03]
 [1.45853520e+06 1.47824587e+03 1.36908814e+01 2.74357489e+05
  7.52468853e-01 4.49879613e+03]
 [1.45853520e+06 1.47824587e+03 1.36908814e+01 2.74357489e+05
  7.52468853e-01 4.49879613e+03]
 [1.45853520e+06 1.47824587e+03 1.36908814e+01 2.74357489e+05
  7.52468853e-01 4.49879613e+03]
 [1.45853520e+06 1.47824587e+03 1.36908814e+01 2.74357489e+05
  7.52468853e-01 4.49879613e+03]
 [1.45853520e+06 1.47824587e+03 1.36908814e+01 2.74357489e+05
  7.52468853e-01 4.49879613e+03]
 [1.45853520e+06 1.47824587e+03 1.36908814e+01 2.74357489e+05
  7.52468853e-01 4.49879613e+03]
 [1.45853520e+06 1.47824587e+03 1.36908814e+01 2.74357489e+05
  7.52468853e-01 4.49879613e+03]
 [1.45853520e+06 1.47824587e+03 1.36908814e+01 2.74357489e+05
  7.52468853e-01 4.49879613e+03]
 [1.45853520e+06 1.47824587e+03 1.36908814e+01 2.74357489e+05
  7.52468853e-01 4.49879613e+03]
 [1.45853520e+06 1.47824587e+03 1.36908814e+01 2.74357489e+05
  7.52468853e-01 4.49879613e+03]
 [1.45853520e+06 1.47824587e+03 1.36908814e+01 2.74357489e+05
  7.52468853e-01 4.49879613e+03]
 [1.45853520e+06 1.47824587e+03 1.36908814e+01 2.74357489e+05
  7.52468853e-01 4.49879613e+03]
 [1.45853520e+06 1.47824587e+03 1.36908814e+01 2.74357489e+05
  7.52468853e-01 4.49879613e+03]
 [1.45853520e+06 1.47824587e+03 1.36908814e+01 2.74357489e+05
  7.52468853e-01 4.49879613e+03]
 [1.45853520e+06 1.47824587e+03 1.36908814e+01 2.74357489e+05
  7.52468853e-01 4.49879613e+03]]"
12,13,"[[421.10986296 421.53018707 421.28795518 426.98203966 422.27048222
  426.71358572]
 [421.10986296 421.53018707 421.28795518 426.98203966 422.27048222
  426.71358572]
 [421.10986296 421.53018707 421.28795518 426.98203966 422.27048222
  426.71358572]
 [421.10986296 421.53018707 421.28795518 426.98203966 422.27048222
  426.71358572]
 [421.10986296 421.53018707 421.28795518 426.98203966 422.27048222
  426.71358572]
 [421.10986296 421.53018707 421.28795518 426.98203966 422.27048222
  426.71358572]
 [421.10986296 421.53018707 421.28795518 426.98203966 422.27048222
  426.71358572]
 [421.10986296 421.53018707 421.28795518 426.98203966 422.27048222
  426.71358572]
 [421.10986296 421.53018707 421.28795518 426.98203966 422.27048222
  426.71358572]
 [421.10986296 421.53018707 421.28795518 426.98203966 422.27048222
  426.71358572]
 [421.10986296 421.53018707 421.28795518 426.98203966 422.27048222
  426.71358572]
 [421.10986296 421.53018707 421.28795518 426.98203966 422.27048222
  426.71358572]
 [421.10986296 421.53018707 421.28795518 426.98203966 422.27048222
  426.71358572]
 [421.10986296 421.53018707 421.28795518 426.98203966 422.27048222
  426.71358572]
 [421.10986296 421.53018707 421.28795518 426.98203966 422.27048222
  426.71358572]
 [421.10986296 421.53018707 421.28795518 426.98203966 422.27048222
  426.71358572]
 [421.10986296 421.53018707 421.28795518 426.98203966 422.27048222
  426.71358572]
 [421.10986296 421.53018707 421.28795518 426.98203966 422.27048222
  426.71358572]
 [421.10986296 421.53018707 421.28795518 426.98203966 422.27048222
  426.71358572]
 [421.10986296 421.53018707 421.28795518 426.98203966 422.27048222
  426.71358572]
 [421.10986296 421.53018707 421.28795518 426.98203966 422.27048222
  426.71358572]
 [421.10986296 421.53018707 421.28795518 426.98203966 422.27048222
  426.71358572]
 [421.10986296 421.53018707 421.28795518 426.98203966 422.27048222
  426.71358572]
 [421.10986296 421.53018707 421.28795518 426.98203966 422.27048222
  426.71358572]
 [421.10986296 421.53018707 421.28795518 426.98203966 422.27048222
  426.71358572]
 [421.10986296 421.53018707 421.28795518 426.98203966 422.27048222
  426.71358572]
 [421.10986296 421.53018707 421.28795518 426.98203966 422.27048222
  426.71358572]
 [421.10986296 421.53018707 421.28795518 426.98203966 422.27048222
  426.71358572]
 [421.10986296 421.53018707 421.28795518 426.98203966 422.27048222
  426.71358572]
 [421.10986296 421.53018707 421.28795518 426.98203966 422.27048222
  426.71358572]
 [421.10986296 421.53018707 421.28795518 426.98203966 422.27048222
  426.71358572]
 [421.10986296 421.53018707 421.28795518 426.98203966 422.27048222
  426.71358572]
 [421.10986296 421.53018707 421.28795518 426.98203966 422.27048222
  426.71358572]
 [421.10986296 421.53018707 421.28795518 426.98203966 422.27048222
  426.71358572]
 [421.10986296 421.53018707 421.28795518 426.98203966 422.27048222
  426.71358572]]","[-2504.8964365 -2504.8964365 -2504.8964365 -2504.8964365 -2504.8964365
 -2504.8964365 -2504.8964365 -2504.8964365 -2504.8964365 -2504.8964365
 -2504.8964365 -2504.8964365 -2504.8964365 -2504.8964365 -2504.8964365
 -2504.8964365 -2504.8964365 -2504.8964365 -2504.8964365 -2504.8964365
 -2504.8964365 -2504.8964365 -2504.8964365 -2504.8964365 -2504.8964365
 -2504.8964365 -2504.8964365 -2504.8964365 -2504.8964365 -2504.8964365
 -2504.8964365 -2504.8964365 -2504.8964365 -2504.8964365 -2504.8964365]","[[5.29996494e+06 2.87015574e+03 1.73677419e+01 8.56464284e+05
  7.33263744e-01 9.66486913e+03]
 [5.29996494e+06 2.87015574e+03 1.73677419e+01 8.56464284e+05
  7.33263744e-01 9.66486913e+03]
 [5.29996494e+06 2.87015574e+03 1.73677419e+01 8.56464284e+05
  7.33263744e-01 9.66486913e+03]
 [5.29996494e+06 2.87015574e+03 1.73677419e+01 8.56464284e+05
  7.33263744e-01 9.66486913e+03]
 [5.29996494e+06 2.87015574e+03 1.73677419e+01 8.56464284e+05
  7.33263744e-01 9.66486913e+03]
 [5.29996494e+06 2.87015574e+03 1.73677419e+01 8.56464284e+05
  7.33263744e-01 9.66486913e+03]
 [5.29996494e+06 2.87015574e+03 1.73677419e+01 8.56464284e+05
  7.33263744e-01 9.66486913e+03]
 [5.29996494e+06 2.87015574e+03 1.73677419e+01 8.56464284e+05
  7.33263744e-01 9.66486913e+03]
 [5.29996494e+06 2.87015574e+03 1.73677419e+01 8.56464284e+05
  7.33263744e-01 9.66486913e+03]
 [5.29996494e+06 2.87015574e+03 1.73677419e+01 8.56464284e+05
  7.33263744e-01 9.66486913e+03]
 [5.29996494e+06 2.87015574e+03 1.73677419e+01 8.56464284e+05
  7.33263744e-01 9.66486913e+03]
 [5.29996494e+06 2.87015574e+03 1.73677419e+01 8.56464284e+05
  7.33263744e-01 9.66486913e+03]
 [5.29996494e+06 2.87015574e+03 1.73677419e+01 8.56464284e+05
  7.33263744e-01 9.66486913e+03]
 [5.29996494e+06 2.87015574e+03 1.73677419e+01 8.56464284e+05
  7.33263744e-01 9.66486913e+03]
 [5.29996494e+06 2.87015574e+03 1.73677419e+01 8.56464284e+05
  7.33263744e-01 9.66486913e+03]
 [5.29996494e+06 2.87015574e+03 1.73677419e+01 8.56464284e+05
  7.33263744e-01 9.66486913e+03]
 [5.29996494e+06 2.87015574e+03 1.73677419e+01 8.56464284e+05
  7.33263744e-01 9.66486913e+03]
 [5.29996494e+06 2.87015574e+03 1.73677419e+01 8.56464284e+05
  7.33263744e-01 9.66486913e+03]
 [5.29996494e+06 2.87015574e+03 1.73677419e+01 8.56464284e+05
  7.33263744e-01 9.66486913e+03]
 [5.29996494e+06 2.87015574e+03 1.73677419e+01 8.56464284e+05
  7.33263744e-01 9.66486913e+03]
 [5.29996494e+06 2.87015574e+03 1.73677419e+01 8.56464284e+05
  7.33263744e-01 9.66486913e+03]
 [5.29996494e+06 2.87015574e+03 1.73677419e+01 8.56464284e+05
  7.33263744e-01 9.66486913e+03]
 [5.29996494e+06 2.87015574e+03 1.73677419e+01 8.56464284e+05
  7.33263744e-01 9.66486913e+03]
 [5.29996494e+06 2.87015574e+03 1.73677419e+01 8.56464284e+05
  7.33263744e-01 9.66486913e+03]
 [5.29996494e+06 2.87015574e+03 1.73677419e+01 8.56464284e+05
  7.33263744e-01 9.66486913e+03]
 [5.29996494e+06 2.87015574e+03 1.73677419e+01 8.56464284e+05
  7.33263744e-01 9.66486913e+03]
 [5.29996494e+06 2.87015574e+03 1.73677419e+01 8.56464284e+05
  7.33263744e-01 9.66486913e+03]
 [5.29996494e+06 2.87015574e+03 1.73677419e+01 8.56464284e+05
  7.33263744e-01 9.66486913e+03]
 [5.29996494e+06 2.87015574e+03 1.73677419e+01 8.56464284e+05
  7.33263744e-01 9.66486913e+03]
 [5.29996494e+06 2.87015574e+03 1.73677419e+01 8.56464284e+05
  7.33263744e-01 9.66486913e+03]
 [5.29996494e+06 2.87015574e+03 1.73677419e+01 8.56464284e+05
  7.33263744e-01 9.66486913e+03]
 [5.29996494e+06 2.87015574e+03 1.73677419e+01 8.56464284e+05
  7.33263744e-01 9.66486913e+03]
 [5.29996494e+06 2.87015574e+03 1.73677419e+01 8.56464284e+05
  7.33263744e-01 9.66486913e+03]
 [5.29996494e+06 2.87015574e+03 1.73677419e+01 8.56464284e+05
  7.33263744e-01 9.66486913e+03]
 [5.29996494e+06 2.87015574e+03 1.73677419e+01 8.56464284e+05
  7.33263744e-01 9.66486913e+03]]"
