,population,parents,parents_energy,parents_sigma
0,1,"[[-326.09176825   69.45283962 -328.6680653   226.18245684  479.48090611
   207.14539275]
 [ 165.08605202  219.57708484  456.89063376 -103.70804395 -140.69519549
    51.47085223]
 [ 173.36307346  258.21549959   42.57037173  391.29222689  298.1226613
  -320.74282727]
 [ 109.58762937   85.0783636  -279.54165488  127.28537431  -37.00491264
  -332.76948264]
 [ 217.11464448  128.30536277  391.63982818 -265.89864962 -193.37852935
  -183.45678967]
 [-167.73395315 -116.807032    484.86881252  -33.07937014    9.06089828
  -140.6786649 ]
 [ 402.60586032  482.08036196 -495.26512376 -210.4232184   143.33110368
  -186.58277194]
 [  82.42820733  -74.00895828 -210.40530091 -115.24684531  369.92793416
    47.36707624]
 [ 137.04906601  141.43678174  162.35608867  139.62086029 -468.89302329
  -321.37877072]
 [-346.46795706  221.51410987 -192.67205193 -162.72549527 -404.06450435
    65.10871683]
 [-332.52044003   57.39377203  324.75411431 -369.06828288 -160.31164406
  -194.41657911]
 [-367.71230837   47.14068555  170.46188517 -460.82270719  153.99254992
  -459.06798648]
 [-170.05729021 -455.80050971  440.70439413 -195.87484361 -404.34527788
  -185.1910958 ]
 [ 114.53765782 -125.15275396  279.47694828 -408.78911849  237.52270568
  -186.63741119]
 [-430.19000507 -359.47965844  127.79613367  164.11427079 -219.02531754
   332.62266496]]","[-896.09465251 -683.17336206 -291.88387465 -234.45699509 -183.89105951
 -147.1075994   -80.96531187  -54.07507637  157.85897787  293.54012193
  329.01884414  512.42559924  718.70336932  720.47776764  893.60283237]","[[1. 1. 1. 1. 1. 1.]
 [1. 1. 1. 1. 1. 1.]
 [1. 1. 1. 1. 1. 1.]
 [1. 1. 1. 1. 1. 1.]
 [1. 1. 1. 1. 1. 1.]
 [1. 1. 1. 1. 1. 1.]
 [1. 1. 1. 1. 1. 1.]
 [1. 1. 1. 1. 1. 1.]
 [1. 1. 1. 1. 1. 1.]
 [1. 1. 1. 1. 1. 1.]
 [1. 1. 1. 1. 1. 1.]
 [1. 1. 1. 1. 1. 1.]
 [1. 1. 1. 1. 1. 1.]
 [1. 1. 1. 1. 1. 1.]
 [1. 1. 1. 1. 1. 1.]]"
1,2,"[[-326.15585402   84.80326956 -279.32854905  225.22003869  478.54374095
  -333.34079111]
 [ 401.94603656  483.41537318 -495.59773807  390.66801964  298.49903738
  -319.47759746]
 [-326.12035348  481.89944383 -327.66935153  226.74872709  143.42801023
   207.48397087]
 [ 165.18249549  219.49722614  458.9566981  -102.1354215   368.33117593
    50.94556503]
 [  83.69079457  218.4385544   457.20218589 -104.4074125  -139.99822921
    47.49863186]
 [-325.44682163  140.19281388 -327.87021899  139.52417397  479.86389732
  -320.38919955]
 [-170.32345417  220.86501498  456.40482757 -104.20553213 -140.49576576
    52.17324149]
 [ 173.81308623  -72.66884286 -209.12287255  392.05572097  369.2112431
  -319.71970991]
 [ 109.17415664  -74.4840772  -277.28608294 -115.84074298  371.91122981
  -332.58166189]
 [  82.08339574  478.95757914 -494.90069461 -114.28588102  369.11451082
    46.86287975]
 [ 216.42131281  127.41761345 -280.35718311  127.52029885  -35.8182234
  -331.96380703]
 [ 217.37785908  128.88763416  389.90419248  139.19337571 -194.12566019
  -321.04538717]
 [-345.92284439  220.54990369 -208.79267764 -114.62208941  369.96110646
    46.72765386]
 [ 173.10643853  258.8303523  -278.80491231  127.1249177   -38.77720314
  -331.94145299]
 [-325.17747265   71.8979896   170.45529683  226.51744688  480.54696448
  -459.63870191]]","[-871.96780877 -785.10111389 -730.93249657 -690.77924925 -654.58946593
 -570.15424144 -561.6529706  -559.96892345 -539.04870653 -469.91383652
 -384.99044304 -333.29068321 -327.06483497 -308.96312443 -306.40705258]","[[0.82458928 1.54898883 0.94401958 0.73588169 1.34718522 0.72115221]
 [0.82458928 1.54898883 0.94401958 0.73588169 1.34718522 0.72115221]
 [0.82458928 1.54898883 0.94401958 0.73588169 1.34718522 0.72115221]
 [0.82458928 1.54898883 0.94401958 0.73588169 1.34718522 0.72115221]
 [0.82458928 1.54898883 0.94401958 0.73588169 1.34718522 0.72115221]
 [0.82458928 1.54898883 0.94401958 0.73588169 1.34718522 0.72115221]
 [0.82458928 1.54898883 0.94401958 0.73588169 1.34718522 0.72115221]
 [0.82458928 1.54898883 0.94401958 0.73588169 1.34718522 0.72115221]
 [0.82458928 1.54898883 0.94401958 0.73588169 1.34718522 0.72115221]
 [0.82458928 1.54898883 0.94401958 0.73588169 1.34718522 0.72115221]
 [0.82458928 1.54898883 0.94401958 0.73588169 1.34718522 0.72115221]
 [0.82458928 1.54898883 0.94401958 0.73588169 1.34718522 0.72115221]
 [0.82458928 1.54898883 0.94401958 0.73588169 1.34718522 0.72115221]
 [0.82458928 1.54898883 0.94401958 0.73588169 1.34718522 0.72115221]
 [0.82458928 1.54898883 0.94401958 0.73588169 1.34718522 0.72115221]]"
2,3,"[[ 402.03460665  485.02326274 -496.65831393  391.62922691  366.97782609
  -320.50644711]
 [ 401.76491336  476.41944    -329.50096359  391.12286683  146.47777123
  -318.94835563]
 [ 402.34065597  482.35234921 -495.06677406  390.48869461  475.99545808
  -320.85847627]
 [ 402.35716631  138.31631275 -328.17467329  390.64880572  480.31096478
  -320.12276516]
 [-325.53417427  217.40328073 -277.81983422  224.46506432 -141.03567089
  -335.06007373]
 [-325.63541014  221.45718372  455.70062094  227.1453419   144.0371842
   207.47570727]
 [  81.90623011  477.10698026 -496.05902938  392.80664414  365.22116293
  -319.85349821]
 [-325.25046083   74.13463007 -278.81773272  226.93183552  478.27201909
  -333.83670599]
 [-326.77549229   85.17589738  458.31777814  225.50030361  478.44237127
  -333.08349772]
 [-326.81387903   85.63506756  456.80000078  224.90925865  479.52319402
  -333.36794352]
 [-325.67476797   84.00985393  455.68370294 -105.02281739 -141.91109626
  -333.62351957]
 [-325.85876474  220.90106409 -328.03799354  227.6709043   144.30183534
   207.88820923]
 [-170.6777099   222.06203768 -495.0378286   390.90844649 -141.65246959
  -319.63510134]
 [  82.70328236  215.39733626  455.4390984  -104.19750111  476.62342602
  -333.06916632]
 [-326.52289679  143.23797326 -327.53918161  225.20133744  480.85619796
  -320.22977002]]","[-1190.91359813 -1177.22675295 -1166.31300732 -1103.94943554
 -1053.69176793  -929.11544202  -919.41920142  -900.42917877
  -884.69379942  -884.37368724  -876.91365694  -875.17430247
  -867.86708588  -824.41509915  -809.275059  ]","[[0.67994748 2.39936639 0.89117296 0.54152186 1.81490802 0.52006051]
 [0.67994748 2.39936639 0.89117296 0.54152186 1.81490802 0.52006051]
 [0.67994748 2.39936639 0.89117296 0.54152186 1.81490802 0.52006051]
 [0.67994748 2.39936639 0.89117296 0.54152186 1.81490802 0.52006051]
 [0.67994748 2.39936639 0.89117296 0.54152186 1.81490802 0.52006051]
 [0.67994748 2.39936639 0.89117296 0.54152186 1.81490802 0.52006051]
 [0.67994748 2.39936639 0.89117296 0.54152186 1.81490802 0.52006051]
 [0.67994748 2.39936639 0.89117296 0.54152186 1.81490802 0.52006051]
 [0.67994748 2.39936639 0.89117296 0.54152186 1.81490802 0.52006051]
 [0.67994748 2.39936639 0.89117296 0.54152186 1.81490802 0.52006051]
 [0.67994748 2.39936639 0.89117296 0.54152186 1.81490802 0.52006051]
 [0.67994748 2.39936639 0.89117296 0.54152186 1.81490802 0.52006051]
 [0.67994748 2.39936639 0.89117296 0.54152186 1.81490802 0.52006051]
 [0.67994748 2.39936639 0.89117296 0.54152186 1.81490802 0.52006051]
 [0.67994748 2.39936639 0.89117296 0.54152186 1.81490802 0.52006051]]"
3,4,"[[ 402.28777047  472.183994   -496.56433013  391.94951622  367.18509263
  -320.62435135]
 [ 402.63530843  218.14732944 -327.28098874  390.52394832  479.78835375
   208.6455602 ]
 [ 400.92347383  224.70717838 -496.18831247  390.96501406 -139.24280268
  -319.88643148]
 [ 402.32379517  222.20874751 -328.52918257  391.0615425   479.18011285
   207.16224076]
 [ 402.70631828  484.33161841  456.31886433  390.65858112  477.63331036
  -319.66346351]
 [ 402.50630911  481.92975019 -276.81350885  391.6971992  -144.93969072
  -320.04771548]
 [ 401.91561542  485.21601303 -330.54199738  390.81531105  366.87838738
  -318.96056782]
 [ 401.50374522  476.9958543  -329.01014898  390.83669136  482.58391823
  -319.51743521]
 [ 400.57385326  472.11725813 -328.76736873  390.85960153  147.12525136
  -318.42350565]
 [ 402.01150607   88.40822509  456.8438248   390.65873258  476.69426047
  -333.80787057]
 [ 402.03548705  480.85232386 -329.4964289   391.45775284 -141.24268738
  -333.70332075]
 [ 402.86087202  480.96329755 -495.26412923  389.69387643  473.92408685
  -320.87725729]
 [ 403.79892398  480.92081411 -278.27724717  390.33173709  479.14786401
  -333.17636814]
 [ 401.4909306   479.64404454 -495.50498758  390.60410634  477.8944217
  -320.80194945]
 [ 400.9775084   486.80753099 -497.12547672  391.27700234  364.42075683
  -320.18163457]]","[-1332.15095028 -1328.0857602  -1327.77625494 -1314.65256963
 -1277.05036193 -1269.08683828 -1249.08226725 -1245.45122096
 -1224.58206686 -1208.53211639 -1204.30427725 -1202.09843219
 -1185.4422807  -1177.55942666 -1146.20537134]","[[0.56067741 3.71659173 0.84128473 0.39849603 2.44501726 0.37504279]
 [0.56067741 3.71659173 0.84128473 0.39849603 2.44501726 0.37504279]
 [0.56067741 3.71659173 0.84128473 0.39849603 2.44501726 0.37504279]
 [0.56067741 3.71659173 0.84128473 0.39849603 2.44501726 0.37504279]
 [0.56067741 3.71659173 0.84128473 0.39849603 2.44501726 0.37504279]
 [0.56067741 3.71659173 0.84128473 0.39849603 2.44501726 0.37504279]
 [0.56067741 3.71659173 0.84128473 0.39849603 2.44501726 0.37504279]
 [0.56067741 3.71659173 0.84128473 0.39849603 2.44501726 0.37504279]
 [0.56067741 3.71659173 0.84128473 0.39849603 2.44501726 0.37504279]
 [0.56067741 3.71659173 0.84128473 0.39849603 2.44501726 0.37504279]
 [0.56067741 3.71659173 0.84128473 0.39849603 2.44501726 0.37504279]
 [0.56067741 3.71659173 0.84128473 0.39849603 2.44501726 0.37504279]
 [0.56067741 3.71659173 0.84128473 0.39849603 2.44501726 0.37504279]
 [0.56067741 3.71659173 0.84128473 0.39849603 2.44501726 0.37504279]
 [0.56067741 3.71659173 0.84128473 0.39849603 2.44501726 0.37504279]]"
4,5,"[[ 402.32780335  213.88433083 -328.085719    389.45678952  473.39586837
  -321.2878934 ]
 [ 401.64323847  213.97581016 -326.58409315  390.42332044  364.97463379
  -320.3815905 ]
 [ 402.59693827  208.06384277 -326.84686918  390.24060048 -142.77006656
   208.3504726 ]
 [ 403.15204522  472.66026262 -278.781677    389.77682921  475.7155203
  -320.63063928]
 [ 402.89391397  479.71441323 -329.68531429  391.12284089  372.44087023
  -319.03062432]
 [ 402.04822393  481.78660492  456.7256968   390.83592451  470.86271666
  -319.37263586]
 [ 400.74728086  204.68452912 -496.01663283  390.71885908 -141.31378928
  -320.23134129]
 [ 401.64447866  233.93826544 -277.8443419   391.04932018  475.15581414
  -319.81048407]
 [ 402.23825512  217.90104069 -328.05698144  390.3656119   476.10092369
   208.30821931]
 [ 402.45096015  224.57660303 -497.0415494   391.36618946  372.49785194
   207.4283035 ]
 [ 401.9142      473.33951112 -329.33734057  390.89978409  476.13081658
  -320.79102856]
 [ 402.53245709  470.7836817  -495.85410029  391.9594465   367.52845419
  -320.98121573]
 [ 401.03461922  221.4148302  -495.11701468  391.26285403 -138.26726089
  -319.80316805]
 [ 401.71390057  476.77059104 -329.41878031  391.04840589  364.91379142
  -318.92054215]
 [ 401.68201714  475.44897085 -279.95219352  390.74159622  478.92004543
  -319.62737047]]","[-1453.08922648 -1451.79663899 -1393.43061482 -1378.36812052
 -1372.69900333 -1371.70487157 -1368.01935299 -1361.40465724
 -1361.36235128 -1350.58903401 -1348.23199471 -1341.3889852
 -1337.55838255 -1330.2874807  -1325.79953579]","[[0.46232858 5.75695908 0.79418925 0.29324593 3.29389112 0.27046294]
 [0.46232858 5.75695908 0.79418925 0.29324593 3.29389112 0.27046294]
 [0.46232858 5.75695908 0.79418925 0.29324593 3.29389112 0.27046294]
 [0.46232858 5.75695908 0.79418925 0.29324593 3.29389112 0.27046294]
 [0.46232858 5.75695908 0.79418925 0.29324593 3.29389112 0.27046294]
 [0.46232858 5.75695908 0.79418925 0.29324593 3.29389112 0.27046294]
 [0.46232858 5.75695908 0.79418925 0.29324593 3.29389112 0.27046294]
 [0.46232858 5.75695908 0.79418925 0.29324593 3.29389112 0.27046294]
 [0.46232858 5.75695908 0.79418925 0.29324593 3.29389112 0.27046294]
 [0.46232858 5.75695908 0.79418925 0.29324593 3.29389112 0.27046294]
 [0.46232858 5.75695908 0.79418925 0.29324593 3.29389112 0.27046294]
 [0.46232858 5.75695908 0.79418925 0.29324593 3.29389112 0.27046294]
 [0.46232858 5.75695908 0.79418925 0.29324593 3.29389112 0.27046294]
 [0.46232858 5.75695908 0.79418925 0.29324593 3.29389112 0.27046294]
 [0.46232858 5.75695908 0.79418925 0.29324593 3.29389112 0.27046294]]"
5,6,"[[ 402.55376361  464.27998193 -277.62403944  390.53184408  377.15466688
  -319.13119877]
 [ 401.83668665  212.76267775  456.08748125  391.12134182  467.99216476
  -319.13329752]
 [ 402.17716322  204.80545446 -327.11456404  390.12409026  374.58955033
  -320.66409844]
 [ 403.21489461  465.21859848 -279.79517925  389.72059104  468.53016583
  -319.32724483]
 [ 401.12665985  453.08657975 -279.78813958  390.82579467  477.93123023
  -320.79792965]
 [ 402.35317561  465.19123543 -279.91573417  390.90379508  469.52761406
  -319.65953956]
 [ 401.95441873  212.46277934 -327.49027115  391.15604336  371.99540557
  -319.94960275]
 [ 401.77934018  466.53126533  457.12739812  391.06693402  471.40276474
  -319.36955908]
 [ 402.19062654  456.65791287 -329.07883081  390.87331408  475.31450799
  -320.50402205]
 [ 402.28286588  459.99124302 -328.96697387  391.18620323 -135.34075877
  -320.88427195]
 [ 402.22554255  472.09244959  455.58043478  390.01637879  467.87637983
  -319.43557751]
 [ 402.47349805  210.80852836 -278.00289637  390.9623087   471.30373007
  -319.58710755]
 [ 401.40367739  461.17781011 -278.02727992  390.98042807  474.00941091
  -320.70464976]
 [ 403.06720111  462.58952094 -278.25955758  389.59120444  466.84028301
   208.43824034]
 [ 401.82401387  472.41282425 -280.32372836  390.98138654  374.05823951
  -319.70971554]]","[-1581.81544429 -1579.00811842 -1550.03256448 -1536.20497233
 -1534.0726542  -1530.17847694 -1524.07222273 -1521.46158235
 -1516.63013665 -1509.41402471 -1508.43795858 -1507.95483367
 -1502.63420007 -1501.12142397 -1486.50288184]","[[0.38123119 8.9174653  0.7497302  0.21579431 4.43748143 0.19504494]
 [0.38123119 8.9174653  0.7497302  0.21579431 4.43748143 0.19504494]
 [0.38123119 8.9174653  0.7497302  0.21579431 4.43748143 0.19504494]
 [0.38123119 8.9174653  0.7497302  0.21579431 4.43748143 0.19504494]
 [0.38123119 8.9174653  0.7497302  0.21579431 4.43748143 0.19504494]
 [0.38123119 8.9174653  0.7497302  0.21579431 4.43748143 0.19504494]
 [0.38123119 8.9174653  0.7497302  0.21579431 4.43748143 0.19504494]
 [0.38123119 8.9174653  0.7497302  0.21579431 4.43748143 0.19504494]
 [0.38123119 8.9174653  0.7497302  0.21579431 4.43748143 0.19504494]
 [0.38123119 8.9174653  0.7497302  0.21579431 4.43748143 0.19504494]
 [0.38123119 8.9174653  0.7497302  0.21579431 4.43748143 0.19504494]
 [0.38123119 8.9174653  0.7497302  0.21579431 4.43748143 0.19504494]
 [0.38123119 8.9174653  0.7497302  0.21579431 4.43748143 0.19504494]
 [0.38123119 8.9174653  0.7497302  0.21579431 4.43748143 0.19504494]
 [0.38123119 8.9174653  0.7497302  0.21579431 4.43748143 0.19504494]]"
6,7,"[[ 401.45988949  450.58354111 -278.94974298  390.78393149  387.56384443
  -319.44208031]
 [ 402.96364955  459.09443199 -277.89719437  390.77036717  390.13340876
  -319.06451765]
 [ 401.86329121  452.26482287  455.36664423  390.93484232  464.04006789
  -320.64914409]
 [ 401.9020695   443.29641466  455.6690732   390.95652293  470.72547628
  -319.38252468]
 [ 402.01939803  441.74278904  455.25787824  390.01622375  472.1158695
  -319.44241118]
 [ 400.86699326  441.47879035 -277.43015836  391.15980574  467.49741857
  -319.63962077]
 [ 402.47569962  448.78083046 -279.25368065  391.23890917  464.48893852
  -320.71608992]
 [ 403.06953146  442.27613307 -279.12506226  389.49741348  461.12441795
   208.23762476]
 [ 401.56696064  197.8918273   455.18517991  391.29322053  457.00714975
  -319.054463  ]
 [ 403.18385945  441.47694491 -328.73700409  389.63540326  468.96947153
  -319.16834728]
 [ 402.23164186  441.33895636 -326.7971461   390.40331612  370.56692551
  -320.58452772]
 [ 403.70825531  448.79822492 -279.34893769  390.96020951  467.94070284
  -319.7448934 ]
 [ 400.49635842  415.82861448 -280.03785619  389.83014116  475.51557468
  -320.62076476]
 [ 403.15456347  452.22106455 -328.45294717  389.46412259  463.16889142
  -320.6813104 ]
 [ 402.32106072  461.11066778 -278.29339508  389.51387767  458.39677551
  -318.98727458]]","[-1780.95039175 -1735.62103119 -1722.90722314 -1718.76420312
 -1709.90264285 -1707.22249067 -1706.6714871  -1705.85367116
 -1691.23423877 -1685.84573243 -1683.31298387 -1681.75413694
 -1673.88498769 -1668.5876841  -1654.5558664 ]","[[ 0.31435916 13.81305412  0.70775999  0.15879908  5.97810941  0.14065709]
 [ 0.31435916 13.81305412  0.70775999  0.15879908  5.97810941  0.14065709]
 [ 0.31435916 13.81305412  0.70775999  0.15879908  5.97810941  0.14065709]
 [ 0.31435916 13.81305412  0.70775999  0.15879908  5.97810941  0.14065709]
 [ 0.31435916 13.81305412  0.70775999  0.15879908  5.97810941  0.14065709]
 [ 0.31435916 13.81305412  0.70775999  0.15879908  5.97810941  0.14065709]
 [ 0.31435916 13.81305412  0.70775999  0.15879908  5.97810941  0.14065709]
 [ 0.31435916 13.81305412  0.70775999  0.15879908  5.97810941  0.14065709]
 [ 0.31435916 13.81305412  0.70775999  0.15879908  5.97810941  0.14065709]
 [ 0.31435916 13.81305412  0.70775999  0.15879908  5.97810941  0.14065709]
 [ 0.31435916 13.81305412  0.70775999  0.15879908  5.97810941  0.14065709]
 [ 0.31435916 13.81305412  0.70775999  0.15879908  5.97810941  0.14065709]
 [ 0.31435916 13.81305412  0.70775999  0.15879908  5.97810941  0.14065709]
 [ 0.31435916 13.81305412  0.70775999  0.15879908  5.97810941  0.14065709]
 [ 0.31435916 13.81305412  0.70775999  0.15879908  5.97810941  0.14065709]]"
7,8,"[[ 401.0957901   436.0951393  -278.53743285  389.99506715  393.32123436
  -319.54480939]
 [ 402.1376398   435.6526045  -277.71929729  390.43367961  450.44639543
  -320.5297498 ]
 [ 401.87876907  443.39035336  455.25935839  390.83882252  387.59552019
  -319.04148416]
 [ 400.10568833  424.37193728  456.86587083  391.08057723  459.60467176
  -319.4855712 ]
 [ 401.82195904  437.41056873 -279.5916138   390.52964332  452.18232274
  -320.64607599]
 [ 400.71083837  432.74774345 -279.47341059  391.01864822  385.84952169
  -319.41833987]
 [ 400.53814733  417.56261311 -279.83207705  389.98590723  458.29432623
  -319.22036101]
 [ 401.34993588  427.16308764 -278.08240661  390.81984683  383.13032262
  -319.65189228]
 [ 403.90464744  397.45633623 -279.2753805   390.83835162  453.14042895
  -319.74123747]
 [ 402.07923875  436.70760697 -328.96881701  389.6667132   453.47572493
  -319.05032439]
 [ 403.46902939  416.22267727 -279.84291815  389.5858014   461.31827113
  -319.1577853 ]
 [ 402.7629939   448.06547215 -326.56680321  390.69801573  392.46358969
  -320.56767111]
 [ 401.76543387  442.28677307 -277.51299398  390.71771877  387.45309025
  -319.72385365]
 [ 401.87705374  443.03960736 -278.07964086  390.73282977  454.56216777
  -318.8094019 ]
 [ 403.24131659  421.16606124 -327.76702625  389.54058083  461.88035121
  -319.72054517]]","[-1889.05369355 -1875.25701252 -1873.23045374 -1865.88802595
 -1865.00497347 -1858.80107966 -1847.0053801  -1843.38999129
 -1838.08271831 -1837.98438159 -1830.43048366 -1827.76588079
 -1822.65252414 -1821.73300066 -1808.34931758]","[[ 0.25921719 21.39626652  0.66813929  0.11685734  8.05362064  0.10143517]
 [ 0.25921719 21.39626652  0.66813929  0.11685734  8.05362064  0.10143517]
 [ 0.25921719 21.39626652  0.66813929  0.11685734  8.05362064  0.10143517]
 [ 0.25921719 21.39626652  0.66813929  0.11685734  8.05362064  0.10143517]
 [ 0.25921719 21.39626652  0.66813929  0.11685734  8.05362064  0.10143517]
 [ 0.25921719 21.39626652  0.66813929  0.11685734  8.05362064  0.10143517]
 [ 0.25921719 21.39626652  0.66813929  0.11685734  8.05362064  0.10143517]
 [ 0.25921719 21.39626652  0.66813929  0.11685734  8.05362064  0.10143517]
 [ 0.25921719 21.39626652  0.66813929  0.11685734  8.05362064  0.10143517]
 [ 0.25921719 21.39626652  0.66813929  0.11685734  8.05362064  0.10143517]
 [ 0.25921719 21.39626652  0.66813929  0.11685734  8.05362064  0.10143517]
 [ 0.25921719 21.39626652  0.66813929  0.11685734  8.05362064  0.10143517]
 [ 0.25921719 21.39626652  0.66813929  0.11685734  8.05362064  0.10143517]
 [ 0.25921719 21.39626652  0.66813929  0.11685734  8.05362064  0.10143517]
 [ 0.25921719 21.39626652  0.66813929  0.11685734  8.05362064  0.10143517]]"
8,9,"[[ 402.4538334   428.6498183   457.46931479  391.11630007  439.30165216
  -319.40205379]
 [ 402.86148097  424.89677124 -325.95259932  390.70937554  403.63887626
  -320.61906345]
 [ 401.6194411   414.46718559 -278.92704089  390.84878917  439.94771544
  -318.74242307]
 [ 400.95791168  417.31910634 -279.06186608  390.50732939  438.2390063
  -320.56172654]
 [ 403.80606142  435.8000584  -279.28576367  390.85757709  438.03986776
  -319.72916712]
 [ 400.32604223  421.72173363  455.93908132  390.65615841  446.98630284
  -319.84859363]
 [ 402.18615368  419.32138411 -279.61129604  389.71798718  441.69237301
  -319.32143683]
 [ 401.0406364   414.83296057 -278.56355301  390.8963816   401.45815757
  -319.4563794 ]
 [ 402.01685107  433.22940575 -278.76413812  390.72861264  399.70405948
  -319.55065008]
 [ 403.23285623  411.55632941 -278.7999721   389.7030803   443.2274562
  -319.77262853]
 [ 400.65432038  414.07135572 -328.03688762  389.52260944  439.9345004
  -319.21001506]
 [ 399.85300515  411.7934947   453.79161683  391.07355216  389.59481219
  -319.03676956]
 [ 402.03040917  419.84097487 -327.66885879  390.86768956  396.23640391
  -319.03999358]
 [ 402.02832681  402.48257694 -279.32720477  390.98397474  440.64372285
  -319.09433523]
 [ 401.05579508  419.00430092 -277.96294732  390.89853391  446.20842196
  -318.8329156 ]]","[-2002.30098724 -1980.02054799 -1972.93345815 -1971.80785045
 -1966.6623947  -1965.6646756  -1965.5033476  -1964.43445359
 -1945.82025713 -1944.97965367 -1943.67912514 -1942.63108831
 -1938.97853666 -1936.37726465 -1936.10865354]","[[ 0.21374772 33.14257781  0.63073657  0.08599318 10.8497187   0.0731502 ]
 [ 0.21374772 33.14257781  0.63073657  0.08599318 10.8497187   0.0731502 ]
 [ 0.21374772 33.14257781  0.63073657  0.08599318 10.8497187   0.0731502 ]
 [ 0.21374772 33.14257781  0.63073657  0.08599318 10.8497187   0.0731502 ]
 [ 0.21374772 33.14257781  0.63073657  0.08599318 10.8497187   0.0731502 ]
 [ 0.21374772 33.14257781  0.63073657  0.08599318 10.8497187   0.0731502 ]
 [ 0.21374772 33.14257781  0.63073657  0.08599318 10.8497187   0.0731502 ]
 [ 0.21374772 33.14257781  0.63073657  0.08599318 10.8497187   0.0731502 ]
 [ 0.21374772 33.14257781  0.63073657  0.08599318 10.8497187   0.0731502 ]
 [ 0.21374772 33.14257781  0.63073657  0.08599318 10.8497187   0.0731502 ]
 [ 0.21374772 33.14257781  0.63073657  0.08599318 10.8497187   0.0731502 ]
 [ 0.21374772 33.14257781  0.63073657  0.08599318 10.8497187   0.0731502 ]
 [ 0.21374772 33.14257781  0.63073657  0.08599318 10.8497187   0.0731502 ]
 [ 0.21374772 33.14257781  0.63073657  0.08599318 10.8497187   0.0731502 ]
 [ 0.21374772 33.14257781  0.63073657  0.08599318 10.8497187   0.0731502 ]]"
9,10,"[[ 403.72128544  406.38079592  456.13860458  390.91997651  430.83776163
  -319.83470366]
 [ 402.38829648  415.56049192  457.86580961  391.06427821  435.61824226
  -319.45068411]
 [ 402.28260411  416.25189709 -280.21657761  389.79728573  429.45001143
  -318.74835097]
 [ 401.78300679  421.58024598 -278.17705024  390.77383591  413.34922683
  -319.49593292]
 [ 404.18997766  408.81130136 -278.359502    390.83777903  430.61550035
  -318.81506712]
 [ 400.95791168  428.6498183   457.46931479  391.11630007  438.2390063
  -319.40205379]
 [ 401.3765916   426.71903123 -279.05678024  390.85357812  408.8216864
  -318.80587624]
 [ 402.28978568  443.0893118   457.17846009  391.03749219  418.27193071
  -319.40584348]
 [ 401.98157787  405.76702435 -326.66031981  390.98808813  422.03279531
  -319.17271571]
 [ 402.07680186  412.08713813 -278.99485983  390.83368887  434.5214959
  -319.3334571 ]
 [ 401.84843296  432.88549794 -278.77090356  390.88981929  406.88646647
  -319.45061189]
 [ 402.53235738  423.05059257 -278.30053587  391.16368593  439.99022609
  -319.70229819]
 [ 402.28235661  413.42941039 -327.8447399   389.45955878  434.33175305
  -319.08290698]
 [ 402.03040917  424.89677124 -327.66885879  390.70937554  403.63887626
  -319.03999358]
 [ 402.47863067  432.53323026  454.83685996  391.0300814   447.32125745
  -319.42740952]]","[-2026.2022932  -2016.99931636 -2013.92891032 -2008.94492915
 -2000.80955223 -2000.05559729 -1999.99021843 -1991.16012479
 -1990.37390669 -1990.20255576 -1978.29524422 -1976.39627338
 -1973.83306878 -1973.12170685 -1969.8947584 ]","[[ 0.17625408 51.33748278  0.59542767  0.0632808  14.61658068  0.05275243]
 [ 0.17625408 51.33748278  0.59542767  0.0632808  14.61658068  0.05275243]
 [ 0.17625408 51.33748278  0.59542767  0.0632808  14.61658068  0.05275243]
 [ 0.17625408 51.33748278  0.59542767  0.0632808  14.61658068  0.05275243]
 [ 0.17625408 51.33748278  0.59542767  0.0632808  14.61658068  0.05275243]
 [ 0.17625408 51.33748278  0.59542767  0.0632808  14.61658068  0.05275243]
 [ 0.17625408 51.33748278  0.59542767  0.0632808  14.61658068  0.05275243]
 [ 0.17625408 51.33748278  0.59542767  0.0632808  14.61658068  0.05275243]
 [ 0.17625408 51.33748278  0.59542767  0.0632808  14.61658068  0.05275243]
 [ 0.17625408 51.33748278  0.59542767  0.0632808  14.61658068  0.05275243]
 [ 0.17625408 51.33748278  0.59542767  0.0632808  14.61658068  0.05275243]
 [ 0.17625408 51.33748278  0.59542767  0.0632808  14.61658068  0.05275243]
 [ 0.17625408 51.33748278  0.59542767  0.0632808  14.61658068  0.05275243]
 [ 0.17625408 51.33748278  0.59542767  0.0632808  14.61658068  0.05275243]
 [ 0.17625408 51.33748278  0.59542767  0.0632808  14.61658068  0.05275243]]"
10,11,"[[ 402.42265441  426.8712335   455.30187918  390.95988374  420.87477669
  -319.449661  ]
 [ 403.72128544  406.38079592  456.13860458  390.98808813  422.03279531
  -319.83470366]
 [ 401.78300679  428.6498183   457.46931479  391.11630007  413.34922683
  -319.40205379]
 [ 402.28978568  432.88549794  457.17846009  391.03749219  418.27193071
  -319.45061189]
 [ 403.74940427  408.76170687  456.52209164  391.1361161   410.38661736
  -319.39287622]
 [ 401.92553885  409.31442405  458.1752333   391.05498435  426.42838562
  -319.07587909]
 [ 403.72128544  416.25189709 -280.21657761  390.91997651  430.83776163
  -319.83470366]
 [ 402.28978568  412.08713813  457.17846009  391.03749219  434.5214959
  -319.40584348]
 [ 402.28260411  426.71903123 -280.21657761  389.79728573  429.45001143
  -318.74835097]
 [ 402.28260411  426.71903123 -280.21657761  389.79728573  429.45001143
  -318.80587624]
 [ 404.18997766  426.71903123 -278.359502    390.85357812  408.8216864
  -318.80587624]
 [ 404.28780188  411.38681849 -278.59135624  391.08342064  432.28975914
  -319.44224928]
 [ 402.28260411  408.81130136 -280.21657761  390.83777903  430.61550035
  -318.81506712]
 [ 402.53235738  423.05059257 -278.99485983  390.83368887  434.5214959
  -319.3334571 ]
 [ 404.10014062  434.36585086 -277.80007655  390.91484959  427.88944455
  -319.44955242]]","[-2063.41567619 -2038.79685556 -2033.97889888 -2033.87979001
 -2032.67938928 -2023.724682   -2020.18156185 -2019.89134742
 -2012.55340888 -2012.32214023 -2008.54181624 -2004.09332728
 -2002.53034707 -2001.58281655 -1996.80405264]","[[1.45337223e-01 7.95211873e+01 5.62095379e-01 4.65671847e-02
  1.96912415e+01 3.80425301e-02]
 [1.45337223e-01 7.95211873e+01 5.62095379e-01 4.65671847e-02
  1.96912415e+01 3.80425301e-02]
 [1.45337223e-01 7.95211873e+01 5.62095379e-01 4.65671847e-02
  1.96912415e+01 3.80425301e-02]
 [1.45337223e-01 7.95211873e+01 5.62095379e-01 4.65671847e-02
  1.96912415e+01 3.80425301e-02]
 [1.45337223e-01 7.95211873e+01 5.62095379e-01 4.65671847e-02
  1.96912415e+01 3.80425301e-02]
 [1.45337223e-01 7.95211873e+01 5.62095379e-01 4.65671847e-02
  1.96912415e+01 3.80425301e-02]
 [1.45337223e-01 7.95211873e+01 5.62095379e-01 4.65671847e-02
  1.96912415e+01 3.80425301e-02]
 [1.45337223e-01 7.95211873e+01 5.62095379e-01 4.65671847e-02
  1.96912415e+01 3.80425301e-02]
 [1.45337223e-01 7.95211873e+01 5.62095379e-01 4.65671847e-02
  1.96912415e+01 3.80425301e-02]
 [1.45337223e-01 7.95211873e+01 5.62095379e-01 4.65671847e-02
  1.96912415e+01 3.80425301e-02]
 [1.45337223e-01 7.95211873e+01 5.62095379e-01 4.65671847e-02
  1.96912415e+01 3.80425301e-02]
 [1.45337223e-01 7.95211873e+01 5.62095379e-01 4.65671847e-02
  1.96912415e+01 3.80425301e-02]
 [1.45337223e-01 7.95211873e+01 5.62095379e-01 4.65671847e-02
  1.96912415e+01 3.80425301e-02]
 [1.45337223e-01 7.95211873e+01 5.62095379e-01 4.65671847e-02
  1.96912415e+01 3.80425301e-02]
 [1.45337223e-01 7.95211873e+01 5.62095379e-01 4.65671847e-02
  1.96912415e+01 3.80425301e-02]]"
11,12,"[[ 403.72128544  432.88549794  456.13860458  391.03749219  422.03279531
  -319.45061189]
 [ 403.74645117  418.90872818  456.90579832  391.15286245  432.92299005
  -319.4321898 ]
 [ 403.74940427  408.76170687  456.52209164  391.05498435  426.42838562
  -319.39287622]
 [ 403.72128544  416.25189709  458.1752333   390.91997651  426.42838562
  -319.83470366]
 [ 402.28260411  426.71903123  457.46931479  391.11630007  429.45001143
  -318.74835097]
 [ 403.72128544  406.38079592  456.13860458  390.98808813  422.03279531
  -319.83470366]
 [ 403.73962866  422.74935904  456.661159    391.06069934  406.95930266
  -319.40667684]
 [ 402.28260411  428.6498183   457.46931479  391.11630007  429.45001143
  -318.74835097]
 [ 403.72128544  406.38079592  456.13860458  389.79728573  422.03279531
  -318.80587624]
 [ 404.239823    418.53312159 -280.55797837  389.81342656  419.3289856
  -318.81666966]
 [ 402.28978568  406.38079592  456.13860458  390.98808813  418.27193071
  -319.83470366]
 [ 403.74940427  408.76170687  457.46931479  391.1361161   410.38661736
  -319.40205379]
 [ 402.28978568  412.08713813  457.17846009  390.98808813  434.5214959
  -319.83470366]
 [ 402.28260411  426.71903123 -280.21657761  389.79728573  429.45001143
  -319.83470366]
 [ 402.53235738  423.05059257 -280.21657761  390.83777903  434.5214959
  -319.3334571 ]]","[-2049.29091316 -2043.54713961 -2042.36205088 -2041.65139341
 -2040.40671807 -2038.79685556 -2038.72670668 -2037.13668427
 -2034.89218973 -2034.68110492 -2031.81250704 -2024.9096676
 -2017.74994224 -2008.05654532 -2008.04976219]","[[1.19843517e-01 1.23177431e+02 5.30629043e-01 3.42679387e-02
  2.65277495e+01 2.74344547e-02]
 [1.19843517e-01 1.23177431e+02 5.30629043e-01 3.42679387e-02
  2.65277495e+01 2.74344547e-02]
 [1.19843517e-01 1.23177431e+02 5.30629043e-01 3.42679387e-02
  2.65277495e+01 2.74344547e-02]
 [1.19843517e-01 1.23177431e+02 5.30629043e-01 3.42679387e-02
  2.65277495e+01 2.74344547e-02]
 [1.19843517e-01 1.23177431e+02 5.30629043e-01 3.42679387e-02
  2.65277495e+01 2.74344547e-02]
 [1.19843517e-01 1.23177431e+02 5.30629043e-01 3.42679387e-02
  2.65277495e+01 2.74344547e-02]
 [1.19843517e-01 1.23177431e+02 5.30629043e-01 3.42679387e-02
  2.65277495e+01 2.74344547e-02]
 [1.19843517e-01 1.23177431e+02 5.30629043e-01 3.42679387e-02
  2.65277495e+01 2.74344547e-02]
 [1.19843517e-01 1.23177431e+02 5.30629043e-01 3.42679387e-02
  2.65277495e+01 2.74344547e-02]
 [1.19843517e-01 1.23177431e+02 5.30629043e-01 3.42679387e-02
  2.65277495e+01 2.74344547e-02]
 [1.19843517e-01 1.23177431e+02 5.30629043e-01 3.42679387e-02
  2.65277495e+01 2.74344547e-02]
 [1.19843517e-01 1.23177431e+02 5.30629043e-01 3.42679387e-02
  2.65277495e+01 2.74344547e-02]
 [1.19843517e-01 1.23177431e+02 5.30629043e-01 3.42679387e-02
  2.65277495e+01 2.74344547e-02]
 [1.19843517e-01 1.23177431e+02 5.30629043e-01 3.42679387e-02
  2.65277495e+01 2.74344547e-02]
 [1.19843517e-01 1.23177431e+02 5.30629043e-01 3.42679387e-02
  2.65277495e+01 2.74344547e-02]]"
12,13,"[[ 403.72128544  428.6498183   456.13860458  390.98808813  422.03279531
  -318.74835097]
 [ 403.72128544  416.25189709  456.13860458  390.91997651  426.42838562
  -319.45061189]
 [ 403.74940427  426.71903123  456.52209164  391.05498435  426.42838562
  -318.74835097]
 [ 403.72128544  416.25189709  457.46931479  391.11630007  426.42838562
  -318.74835097]
 [ 403.73962866  422.74935904  457.46931479  391.11630007  429.45001143
  -318.74835097]
 [ 403.74940427  422.74935904  456.661159    391.06069934  410.38661736
  -319.40205379]
 [ 403.72128544  432.88549794  456.13860458  390.98808813  422.03279531
  -319.45061189]
 [ 403.72128544  418.90872818  456.13860458  391.03749219  432.92299005
  -319.45061189]
 [ 403.64178791  418.44035756  456.49970132  391.03147166  431.75373034
  -319.43820054]
 [ 402.28260411  426.71903123  456.13860458  390.98808813  429.45001143
  -319.83470366]
 [ 403.74940427  408.76170687  456.13860458  391.05498435  426.42838562
  -319.39287622]
 [ 402.31950163  428.31922665  456.80009036  391.11977278  414.29835346
  -319.43407956]
 [ 403.72128544  418.90872818  456.90579832  391.15286245  432.92299005
  -319.45061189]
 [ 403.74940427  426.71903123  457.46931479  391.1361161   410.38661736
  -318.74835097]
 [ 403.74940427  408.76170687  456.52209164  391.05498435  426.42838562
  -319.83470366]]","[-2062.26288553 -2059.95136988 -2059.39559803 -2053.33543422
 -2050.50087017 -2049.18053769 -2048.95730184 -2048.78677612
 -2048.62322562 -2045.86223906 -2045.44781374 -2044.11000565
 -2043.36514961 -2041.98143039 -2040.50025536]","[[9.88216794e-02 1.90800464e+02 5.00924206e-01 2.52171487e-02
  3.57377921e+01 1.97844176e-02]
 [9.88216794e-02 1.90800464e+02 5.00924206e-01 2.52171487e-02
  3.57377921e+01 1.97844176e-02]
 [9.88216794e-02 1.90800464e+02 5.00924206e-01 2.52171487e-02
  3.57377921e+01 1.97844176e-02]
 [9.88216794e-02 1.90800464e+02 5.00924206e-01 2.52171487e-02
  3.57377921e+01 1.97844176e-02]
 [9.88216794e-02 1.90800464e+02 5.00924206e-01 2.52171487e-02
  3.57377921e+01 1.97844176e-02]
 [9.88216794e-02 1.90800464e+02 5.00924206e-01 2.52171487e-02
  3.57377921e+01 1.97844176e-02]
 [9.88216794e-02 1.90800464e+02 5.00924206e-01 2.52171487e-02
  3.57377921e+01 1.97844176e-02]
 [9.88216794e-02 1.90800464e+02 5.00924206e-01 2.52171487e-02
  3.57377921e+01 1.97844176e-02]
 [9.88216794e-02 1.90800464e+02 5.00924206e-01 2.52171487e-02
  3.57377921e+01 1.97844176e-02]
 [9.88216794e-02 1.90800464e+02 5.00924206e-01 2.52171487e-02
  3.57377921e+01 1.97844176e-02]
 [9.88216794e-02 1.90800464e+02 5.00924206e-01 2.52171487e-02
  3.57377921e+01 1.97844176e-02]
 [9.88216794e-02 1.90800464e+02 5.00924206e-01 2.52171487e-02
  3.57377921e+01 1.97844176e-02]
 [9.88216794e-02 1.90800464e+02 5.00924206e-01 2.52171487e-02
  3.57377921e+01 1.97844176e-02]
 [9.88216794e-02 1.90800464e+02 5.00924206e-01 2.52171487e-02
  3.57377921e+01 1.97844176e-02]
 [9.88216794e-02 1.90800464e+02 5.00924206e-01 2.52171487e-02
  3.57377921e+01 1.97844176e-02]]"
13,14,"[[ 403.72128544  422.74935904  456.13860458  391.11630007  422.03279531
  -318.74835097]
 [ 403.74940427  428.6498183   456.13860458  391.05498435  422.03279531
  -318.74835097]
 [ 403.72128544  416.25189709  456.13860458  390.91997651  426.42838562
  -319.45061189]
 [ 403.72128544  416.25189709  456.80009036  391.11977278  426.42838562
  -319.43407956]
 [ 403.72128544  422.74935904  457.46931479  391.11630007  426.42838562
  -318.74835097]
 [ 403.74940427  426.71903123  457.46931479  390.98808813  422.03279531
  -318.74835097]
 [ 403.74940427  422.74935904  456.661159    391.11630007  429.45001143
  -319.40205379]
 [ 403.74940427  416.25189709  457.46931479  391.11630007  426.42838562
  -318.74835097]
 [ 403.73962866  416.25189709  457.46931479  391.11630007  426.42838562
  -318.74835097]
 [ 403.72128544  426.71903123  456.13860458  391.03749219  429.45001143
  -319.83470366]
 [ 403.72128544  418.44035756  456.13860458  391.03147166  431.75373034
  -319.45061189]
 [ 402.28260411  426.71903123  456.13860458  390.98808813  426.42838562
  -319.83470366]
 [ 402.31950163  418.90872818  456.80009036  391.15286245  414.29835346
  -319.45061189]
 [ 403.73962866  422.74935904  457.46931479  391.11630007  429.45001143
  -318.74835097]
 [ 403.72128544  428.31922665  456.80009036  391.03749219  414.29835346
  -319.45061189]]","[-2070.17219198 -2062.83192907 -2059.95136988 -2056.03051552
 -2055.73432109 -2054.83306661 -2054.47451416 -2053.4528504
 -2053.41205042 -2052.43899799 -2051.80921854 -2051.17230617
 -2050.54725643 -2050.50087017 -2049.56362773]","[[8.14872977e-02 2.95547787e+02 4.72882257e-01 1.85568381e-02
  4.81454253e+01 1.42675765e-02]
 [8.14872977e-02 2.95547787e+02 4.72882257e-01 1.85568381e-02
  4.81454253e+01 1.42675765e-02]
 [8.14872977e-02 2.95547787e+02 4.72882257e-01 1.85568381e-02
  4.81454253e+01 1.42675765e-02]
 [8.14872977e-02 2.95547787e+02 4.72882257e-01 1.85568381e-02
  4.81454253e+01 1.42675765e-02]
 [8.14872977e-02 2.95547787e+02 4.72882257e-01 1.85568381e-02
  4.81454253e+01 1.42675765e-02]
 [8.14872977e-02 2.95547787e+02 4.72882257e-01 1.85568381e-02
  4.81454253e+01 1.42675765e-02]
 [8.14872977e-02 2.95547787e+02 4.72882257e-01 1.85568381e-02
  4.81454253e+01 1.42675765e-02]
 [8.14872977e-02 2.95547787e+02 4.72882257e-01 1.85568381e-02
  4.81454253e+01 1.42675765e-02]
 [8.14872977e-02 2.95547787e+02 4.72882257e-01 1.85568381e-02
  4.81454253e+01 1.42675765e-02]
 [8.14872977e-02 2.95547787e+02 4.72882257e-01 1.85568381e-02
  4.81454253e+01 1.42675765e-02]
 [8.14872977e-02 2.95547787e+02 4.72882257e-01 1.85568381e-02
  4.81454253e+01 1.42675765e-02]
 [8.14872977e-02 2.95547787e+02 4.72882257e-01 1.85568381e-02
  4.81454253e+01 1.42675765e-02]
 [8.14872977e-02 2.95547787e+02 4.72882257e-01 1.85568381e-02
  4.81454253e+01 1.42675765e-02]
 [8.14872977e-02 2.95547787e+02 4.72882257e-01 1.85568381e-02
  4.81454253e+01 1.42675765e-02]
 [8.14872977e-02 2.95547787e+02 4.72882257e-01 1.85568381e-02
  4.81454253e+01 1.42675765e-02]]"
14,15,"[[ 403.72128544  416.25189709  456.13860458  391.11630007  422.03279531
  -318.74835097]
 [ 403.74940427  422.74935904  456.13860458  391.11630007  426.42838562
  -318.74835097]
 [ 403.72128544  416.25189709  456.13860458  390.91997651  422.03279531
  -318.74835097]
 [ 403.74940427  418.44035756  456.13860458  391.11630007  426.42838562
  -318.74835097]
 [ 403.72128544  418.44035756  456.13860458  391.03147166  426.42838562
  -318.74835097]
 [ 403.72128544  426.71903123  456.13860458  390.98808813  422.03279531
  -318.74835097]
 [ 403.72128544  422.74935904  456.80009036  391.11977278  422.03279531
  -318.74835097]
 [ 403.72128544  426.71903123  456.13860458  391.11630007  426.42838562
  -318.74835097]
 [ 403.72128544  416.25189709  456.80009036  391.11977278  422.03279531
  -318.74835097]
 [ 403.74940427  426.71903123  456.80009036  391.15286245  422.03279531
  -318.74835097]
 [ 403.74940427  426.71903123  456.13860458  390.98808813  422.03279531
  -319.83470366]
 [ 403.72128544  418.44035756  456.13860458  391.03749219  414.29835346
  -319.45061189]
 [ 403.72128544  416.25189709  456.13860458  390.91997651  426.42838562
  -319.45061189]
 [ 403.72128544  416.25189709  456.13860458  391.11630007  429.45001143
  -318.74835097]
 [ 403.74940427  422.74935904  456.13860458  391.11630007  429.45001143
  -319.40205379]]","[-2067.77330512 -2066.66900617 -2066.44777604 -2066.2636764
 -2065.57435535 -2065.53291933 -2064.85679636 -2062.77720169
 -2062.45790949 -2061.42254564 -2061.15347195 -2060.91527816
 -2059.95136988 -2058.84263602 -2058.68565538]","[[6.71935523e-02 4.57800221e+02 4.46410109e-01 1.36556374e-02
  6.48608054e+01 1.02890943e-02]
 [6.71935523e-02 4.57800221e+02 4.46410109e-01 1.36556374e-02
  6.48608054e+01 1.02890943e-02]
 [6.71935523e-02 4.57800221e+02 4.46410109e-01 1.36556374e-02
  6.48608054e+01 1.02890943e-02]
 [6.71935523e-02 4.57800221e+02 4.46410109e-01 1.36556374e-02
  6.48608054e+01 1.02890943e-02]
 [6.71935523e-02 4.57800221e+02 4.46410109e-01 1.36556374e-02
  6.48608054e+01 1.02890943e-02]
 [6.71935523e-02 4.57800221e+02 4.46410109e-01 1.36556374e-02
  6.48608054e+01 1.02890943e-02]
 [6.71935523e-02 4.57800221e+02 4.46410109e-01 1.36556374e-02
  6.48608054e+01 1.02890943e-02]
 [6.71935523e-02 4.57800221e+02 4.46410109e-01 1.36556374e-02
  6.48608054e+01 1.02890943e-02]
 [6.71935523e-02 4.57800221e+02 4.46410109e-01 1.36556374e-02
  6.48608054e+01 1.02890943e-02]
 [6.71935523e-02 4.57800221e+02 4.46410109e-01 1.36556374e-02
  6.48608054e+01 1.02890943e-02]
 [6.71935523e-02 4.57800221e+02 4.46410109e-01 1.36556374e-02
  6.48608054e+01 1.02890943e-02]
 [6.71935523e-02 4.57800221e+02 4.46410109e-01 1.36556374e-02
  6.48608054e+01 1.02890943e-02]
 [6.71935523e-02 4.57800221e+02 4.46410109e-01 1.36556374e-02
  6.48608054e+01 1.02890943e-02]
 [6.71935523e-02 4.57800221e+02 4.46410109e-01 1.36556374e-02
  6.48608054e+01 1.02890943e-02]
 [6.71935523e-02 4.57800221e+02 4.46410109e-01 1.36556374e-02
  6.48608054e+01 1.02890943e-02]]"
15,16,"[[ 403.74940427  422.74935904  456.13860458  391.11977278  422.03279531
  -318.74835097]
 [ 403.72128544  422.74935904  456.13860458  390.98808813  422.03279531
  -318.74835097]
 [ 403.72128544  422.74935904  456.13860458  390.91997651  422.03279531
  -318.74835097]
 [ 403.72128544  416.25189709  456.13860458  391.11977278  422.03279531
  -318.74835097]
 [ 403.72128544  416.25189709  456.13860458  391.11977278  422.03279531
  -318.74835097]
 [ 403.72128544  416.25189709  456.13860458  391.11630007  422.03279531
  -318.74835097]
 [ 403.72128544  416.25189709  456.13860458  391.11630007  422.03279531
  -318.74835097]
 [ 403.72128544  416.25189709  456.13860458  391.11630007  422.03279531
  -318.74835097]
 [ 403.72128544  422.74935904  456.13860458  391.11630007  422.03279531
  -319.40205379]
 [ 403.72128544  418.44035756  456.13860458  391.11977278  422.03279531
  -319.45061189]
 [ 403.74940427  426.71903123  456.13860458  391.15286245  422.03279531
  -318.74835097]
 [ 403.74940427  422.74935904  456.13860458  391.11977278  426.42838562
  -318.74835097]
 [ 403.74940427  422.74935904  456.13860458  391.11630007  426.42838562
  -318.74835097]
 [ 403.74940427  422.74935904  456.13860458  391.11630007  426.42838562
  -318.74835097]
 [ 403.74940427  422.74935904  456.13860458  391.11630007  426.42838562
  -318.74835097]]","[-2070.31299369 -2069.30730763 -2068.8466629  -2067.79669065
 -2067.79669065 -2067.77330512 -2067.77330512 -2067.77330512
 -2067.4989083  -2066.91444357 -2066.76132679 -2066.6923917
 -2066.66900617 -2066.66900617 -2066.66900617]","[[5.54070831e-02 7.09127428e+02 4.21419883e-01 1.00489335e-02
  8.73795185e+01 7.42000313e-03]
 [5.54070831e-02 7.09127428e+02 4.21419883e-01 1.00489335e-02
  8.73795185e+01 7.42000313e-03]
 [5.54070831e-02 7.09127428e+02 4.21419883e-01 1.00489335e-02
  8.73795185e+01 7.42000313e-03]
 [5.54070831e-02 7.09127428e+02 4.21419883e-01 1.00489335e-02
  8.73795185e+01 7.42000313e-03]
 [5.54070831e-02 7.09127428e+02 4.21419883e-01 1.00489335e-02
  8.73795185e+01 7.42000313e-03]
 [5.54070831e-02 7.09127428e+02 4.21419883e-01 1.00489335e-02
  8.73795185e+01 7.42000313e-03]
 [5.54070831e-02 7.09127428e+02 4.21419883e-01 1.00489335e-02
  8.73795185e+01 7.42000313e-03]
 [5.54070831e-02 7.09127428e+02 4.21419883e-01 1.00489335e-02
  8.73795185e+01 7.42000313e-03]
 [5.54070831e-02 7.09127428e+02 4.21419883e-01 1.00489335e-02
  8.73795185e+01 7.42000313e-03]
 [5.54070831e-02 7.09127428e+02 4.21419883e-01 1.00489335e-02
  8.73795185e+01 7.42000313e-03]
 [5.54070831e-02 7.09127428e+02 4.21419883e-01 1.00489335e-02
  8.73795185e+01 7.42000313e-03]
 [5.54070831e-02 7.09127428e+02 4.21419883e-01 1.00489335e-02
  8.73795185e+01 7.42000313e-03]
 [5.54070831e-02 7.09127428e+02 4.21419883e-01 1.00489335e-02
  8.73795185e+01 7.42000313e-03]
 [5.54070831e-02 7.09127428e+02 4.21419883e-01 1.00489335e-02
  8.73795185e+01 7.42000313e-03]
 [5.54070831e-02 7.09127428e+02 4.21419883e-01 1.00489335e-02
  8.73795185e+01 7.42000313e-03]]"
16,17,"[[ 403.74940427  422.74935904  456.13860458  391.15286245  422.03279531
  -318.74835097]
 [ 403.74940427  422.74935904  456.13860458  391.11977278  422.03279531
  -318.74835097]
 [ 403.74940427  422.74935904  456.13860458  391.11977278  422.03279531
  -318.74835097]
 [ 403.74940427  422.74935904  456.13860458  391.11977278  422.03279531
  -318.74835097]
 [ 403.74940427  422.74935904  456.13860458  391.11977278  422.03279531
  -318.74835097]
 [ 403.74940427  422.74935904  456.13860458  391.11977278  422.03279531
  -318.74835097]
 [ 403.74940427  422.74935904  456.13860458  391.11977278  422.03279531
  -318.74835097]
 [ 403.74940427  422.74935904  456.13860458  391.11977278  422.03279531
  -318.74835097]
 [ 403.74940427  422.74935904  456.13860458  391.11630007  422.03279531
  -318.74835097]
 [ 403.74940427  422.74935904  456.13860458  391.11630007  422.03279531
  -318.74835097]
 [ 403.72128544  422.74935904  456.13860458  391.11977278  422.03279531
  -318.74835097]
 [ 403.72128544  422.74935904  456.13860458  391.11977278  422.03279531
  -318.74835097]
 [ 403.72128544  422.74935904  456.13860458  391.11630007  422.03279531
  -318.74835097]
 [ 403.72128544  422.74935904  456.13860458  391.11630007  422.03279531
  -318.74835097]
 [ 403.72128544  422.74935904  456.13860458  391.11630007  422.03279531
  -318.74835097]]","[-2070.53571509 -2070.31299369 -2070.31299369 -2070.31299369
 -2070.31299369 -2070.31299369 -2070.31299369 -2070.31299369
 -2070.28960816 -2070.28960816 -2070.19557751 -2070.19557751
 -2070.17219198 -2070.17219198 -2070.17219198]","[[4.56880869e-02 1.09843046e+03 3.97828621e-01 7.39482622e-03
  1.17716396e+02 5.35095166e-03]
 [4.56880869e-02 1.09843046e+03 3.97828621e-01 7.39482622e-03
  1.17716396e+02 5.35095166e-03]
 [4.56880869e-02 1.09843046e+03 3.97828621e-01 7.39482622e-03
  1.17716396e+02 5.35095166e-03]
 [4.56880869e-02 1.09843046e+03 3.97828621e-01 7.39482622e-03
  1.17716396e+02 5.35095166e-03]
 [4.56880869e-02 1.09843046e+03 3.97828621e-01 7.39482622e-03
  1.17716396e+02 5.35095166e-03]
 [4.56880869e-02 1.09843046e+03 3.97828621e-01 7.39482622e-03
  1.17716396e+02 5.35095166e-03]
 [4.56880869e-02 1.09843046e+03 3.97828621e-01 7.39482622e-03
  1.17716396e+02 5.35095166e-03]
 [4.56880869e-02 1.09843046e+03 3.97828621e-01 7.39482622e-03
  1.17716396e+02 5.35095166e-03]
 [4.56880869e-02 1.09843046e+03 3.97828621e-01 7.39482622e-03
  1.17716396e+02 5.35095166e-03]
 [4.56880869e-02 1.09843046e+03 3.97828621e-01 7.39482622e-03
  1.17716396e+02 5.35095166e-03]
 [4.56880869e-02 1.09843046e+03 3.97828621e-01 7.39482622e-03
  1.17716396e+02 5.35095166e-03]
 [4.56880869e-02 1.09843046e+03 3.97828621e-01 7.39482622e-03
  1.17716396e+02 5.35095166e-03]
 [4.56880869e-02 1.09843046e+03 3.97828621e-01 7.39482622e-03
  1.17716396e+02 5.35095166e-03]
 [4.56880869e-02 1.09843046e+03 3.97828621e-01 7.39482622e-03
  1.17716396e+02 5.35095166e-03]
 [4.56880869e-02 1.09843046e+03 3.97828621e-01 7.39482622e-03
  1.17716396e+02 5.35095166e-03]]"
17,18,"[[ 403.74940427  422.74935904  456.13860458  391.15286245  422.03279531
  -318.74835097]
 [ 403.74940427  422.74935904  456.13860458  391.15286245  422.03279531
  -318.74835097]
 [ 403.74940427  422.74935904  456.13860458  391.15286245  422.03279531
  -318.74835097]
 [ 403.74940427  422.74935904  456.13860458  391.15286245  422.03279531
  -318.74835097]
 [ 403.74940427  422.74935904  456.13860458  391.15286245  422.03279531
  -318.74835097]
 [ 403.74940427  422.74935904  456.13860458  391.15286245  422.03279531
  -318.74835097]
 [ 403.74940427  422.74935904  456.13860458  391.11977278  422.03279531
  -318.74835097]
 [ 403.74940427  422.74935904  456.13860458  391.11977278  422.03279531
  -318.74835097]
 [ 403.74940427  422.74935904  456.13860458  391.11977278  422.03279531
  -318.74835097]
 [ 403.74940427  422.74935904  456.13860458  391.11977278  422.03279531
  -318.74835097]
 [ 403.74940427  422.74935904  456.13860458  391.11977278  422.03279531
  -318.74835097]
 [ 403.74940427  422.74935904  456.13860458  391.11977278  422.03279531
  -318.74835097]
 [ 403.74940427  422.74935904  456.13860458  391.11977278  422.03279531
  -318.74835097]
 [ 403.74940427  422.74935904  456.13860458  391.11977278  422.03279531
  -318.74835097]
 [ 403.74940427  422.74935904  456.13860458  391.11977278  422.03279531
  -318.74835097]]","[-2070.53571509 -2070.53571509 -2070.53571509 -2070.53571509
 -2070.53571509 -2070.53571509 -2070.31299369 -2070.31299369
 -2070.31299369 -2070.31299369 -2070.31299369 -2070.31299369
 -2070.31299369 -2070.31299369 -2070.31299369]","[[3.76739068e-02 1.70145652e+03 3.75558007e-01 5.44171723e-03
  1.58585789e+02 3.85885062e-03]
 [3.76739068e-02 1.70145652e+03 3.75558007e-01 5.44171723e-03
  1.58585789e+02 3.85885062e-03]
 [3.76739068e-02 1.70145652e+03 3.75558007e-01 5.44171723e-03
  1.58585789e+02 3.85885062e-03]
 [3.76739068e-02 1.70145652e+03 3.75558007e-01 5.44171723e-03
  1.58585789e+02 3.85885062e-03]
 [3.76739068e-02 1.70145652e+03 3.75558007e-01 5.44171723e-03
  1.58585789e+02 3.85885062e-03]
 [3.76739068e-02 1.70145652e+03 3.75558007e-01 5.44171723e-03
  1.58585789e+02 3.85885062e-03]
 [3.76739068e-02 1.70145652e+03 3.75558007e-01 5.44171723e-03
  1.58585789e+02 3.85885062e-03]
 [3.76739068e-02 1.70145652e+03 3.75558007e-01 5.44171723e-03
  1.58585789e+02 3.85885062e-03]
 [3.76739068e-02 1.70145652e+03 3.75558007e-01 5.44171723e-03
  1.58585789e+02 3.85885062e-03]
 [3.76739068e-02 1.70145652e+03 3.75558007e-01 5.44171723e-03
  1.58585789e+02 3.85885062e-03]
 [3.76739068e-02 1.70145652e+03 3.75558007e-01 5.44171723e-03
  1.58585789e+02 3.85885062e-03]
 [3.76739068e-02 1.70145652e+03 3.75558007e-01 5.44171723e-03
  1.58585789e+02 3.85885062e-03]
 [3.76739068e-02 1.70145652e+03 3.75558007e-01 5.44171723e-03
  1.58585789e+02 3.85885062e-03]
 [3.76739068e-02 1.70145652e+03 3.75558007e-01 5.44171723e-03
  1.58585789e+02 3.85885062e-03]
 [3.76739068e-02 1.70145652e+03 3.75558007e-01 5.44171723e-03
  1.58585789e+02 3.85885062e-03]]"
18,19,"[[ 403.74940427  422.74935904  456.13860458  391.15286245  422.03279531
  -318.74835097]
 [ 403.74940427  422.74935904  456.13860458  391.15286245  422.03279531
  -318.74835097]
 [ 403.74940427  422.74935904  456.13860458  391.15286245  422.03279531
  -318.74835097]
 [ 403.74940427  422.74935904  456.13860458  391.15286245  422.03279531
  -318.74835097]
 [ 403.74940427  422.74935904  456.13860458  391.15286245  422.03279531
  -318.74835097]
 [ 403.74940427  422.74935904  456.13860458  391.15286245  422.03279531
  -318.74835097]
 [ 403.74940427  422.74935904  456.13860458  391.15286245  422.03279531
  -318.74835097]
 [ 403.74940427  422.74935904  456.13860458  391.15286245  422.03279531
  -318.74835097]
 [ 403.74940427  422.74935904  456.13860458  391.15286245  422.03279531
  -318.74835097]
 [ 403.74940427  422.74935904  456.13860458  391.15286245  422.03279531
  -318.74835097]
 [ 403.74940427  422.74935904  456.13860458  391.15286245  422.03279531
  -318.74835097]
 [ 403.74940427  422.74935904  456.13860458  391.15286245  422.03279531
  -318.74835097]
 [ 403.74940427  422.74935904  456.13860458  391.15286245  422.03279531
  -318.74835097]
 [ 403.74940427  422.74935904  456.13860458  391.15286245  422.03279531
  -318.74835097]
 [ 403.74940427  422.74935904  456.13860458  391.15286245  422.03279531
  -318.74835097]]","[-2070.53571509 -2070.53571509 -2070.53571509 -2070.53571509
 -2070.53571509 -2070.53571509 -2070.53571509 -2070.53571509
 -2070.53571509 -2070.53571509 -2070.53571509 -2070.53571509
 -2070.53571509 -2070.53571509 -2070.53571509]","[[3.10654998e-02 2.63553714e+03 3.54534111e-01 4.00446008e-03
  2.13644431e+02 2.78281866e-03]
 [3.10654998e-02 2.63553714e+03 3.54534111e-01 4.00446008e-03
  2.13644431e+02 2.78281866e-03]
 [3.10654998e-02 2.63553714e+03 3.54534111e-01 4.00446008e-03
  2.13644431e+02 2.78281866e-03]
 [3.10654998e-02 2.63553714e+03 3.54534111e-01 4.00446008e-03
  2.13644431e+02 2.78281866e-03]
 [3.10654998e-02 2.63553714e+03 3.54534111e-01 4.00446008e-03
  2.13644431e+02 2.78281866e-03]
 [3.10654998e-02 2.63553714e+03 3.54534111e-01 4.00446008e-03
  2.13644431e+02 2.78281866e-03]
 [3.10654998e-02 2.63553714e+03 3.54534111e-01 4.00446008e-03
  2.13644431e+02 2.78281866e-03]
 [3.10654998e-02 2.63553714e+03 3.54534111e-01 4.00446008e-03
  2.13644431e+02 2.78281866e-03]
 [3.10654998e-02 2.63553714e+03 3.54534111e-01 4.00446008e-03
  2.13644431e+02 2.78281866e-03]
 [3.10654998e-02 2.63553714e+03 3.54534111e-01 4.00446008e-03
  2.13644431e+02 2.78281866e-03]
 [3.10654998e-02 2.63553714e+03 3.54534111e-01 4.00446008e-03
  2.13644431e+02 2.78281866e-03]
 [3.10654998e-02 2.63553714e+03 3.54534111e-01 4.00446008e-03
  2.13644431e+02 2.78281866e-03]
 [3.10654998e-02 2.63553714e+03 3.54534111e-01 4.00446008e-03
  2.13644431e+02 2.78281866e-03]
 [3.10654998e-02 2.63553714e+03 3.54534111e-01 4.00446008e-03
  2.13644431e+02 2.78281866e-03]
 [3.10654998e-02 2.63553714e+03 3.54534111e-01 4.00446008e-03
  2.13644431e+02 2.78281866e-03]]"
