,population,best_x,best_energy,running_time
0,19,"[420.8761675  422.62295009 426.13563501 421.03717382 420.83029446
 433.56307353]",-2490.223217798941,1.082239
1,21,"[421.00934708 420.59997976 420.96743534 414.30250207 420.9976253
 420.42357798]",-2508.2618598973995,1.311724
2,24,"[422.39191026 422.57506564 435.80157768 420.21104056 418.77995838
 421.91863655]",-2484.9088927991306,1.324984
3,18,"[423.79233813 420.25199238 421.87745437 420.98751129 420.97126554
 424.14717118]",-2511.4458677268453,0.939998
4,17,"[410.45533305 414.44905357 421.62367271 420.26691758 423.7333892
 420.59776942]",-2493.6468218264436,0.900003
5,17,"[422.57279615 422.70051839 420.59284544 420.377318   416.42878685
 423.32264623]",-2509.8387647939585,0.899897
6,16,"[419.66301178 421.64491647 421.10556397 421.05881468 420.94102167
 404.75800808]",-2481.1079729154053,0.837729
7,20,"[419.54664457 420.91857417 429.99064578 419.62804106 421.17339898
 421.17690895]",-2503.140019972451,1.064117
8,17,"[428.23227643 426.0723609  421.27384877 413.48004427 419.75405636
 420.85615385]",-2496.714672192111,0.896787
9,18,"[421.5400312  408.45812203 421.98437993 421.56588636 418.9577356
 420.72710964]",-2493.6650791493716,0.949048
10,24,"[419.8279145  419.69106641 421.79650204 424.13715071 421.01779468
 421.92575076]",-2512.0572815775495,1.293023
11,24,"[445.31710097 416.31254946 415.72217722 433.4677579  420.9604516
 420.84222114]",-2414.722275821804,1.277094
12,19,"[420.69415151 436.39531224 421.41215669 420.31271143 420.18566902
 410.00470486]",-2468.866534755734,1.013575
13,24,"[420.86199699 424.07056623 420.96669009 416.48621677 421.29309398
 424.3795037 ]",-2508.6702281018183,1.328288
14,24,"[406.26455496 416.06915435 419.42078333 420.93418742 432.75377979
 420.89744808]",-2466.260652958439,1.31204
15,16,"[421.15540345 421.15507295 419.28166142 420.13807587 422.07640018
 421.1931102 ]",-2513.281419292727,0.848942
16,24,"[421.58813956 416.06484701 418.54004443 399.71040555 400.75634571
 420.51978846]",-2404.7062054017492,1.299041
17,15,"[422.47508196 427.33014158 422.21693604 421.48690431 426.86308715
 424.77676786]",-2502.0543813564295,0.772997
18,16,"[424.73419286 421.93136808 421.38883016 421.24536412 420.57925455
 421.34641811]",-2511.920868049903,0.837076
19,19,"[420.9629473  420.67696051 421.17311237 425.63030636 420.89049942
 423.11103806]",-2510.557166377725,0.996493
20,18,"[425.72910141 421.11036644 422.96456887 419.60885727 420.80436107
 421.03992756]",-2510.2931930445116,0.944997
21,24,"[431.70229764 421.07593758 420.79142812 421.09277367 421.01726821
 404.20689305]",-2464.654272766805,1.285993
22,21,"[421.09606567 429.67695094 422.30744892 424.01826042 421.47212658
 420.99872188]",-2502.898041149512,1.273936
23,16,"[420.13773275 420.93373955 438.5769604  418.13611122 420.91541744
 424.16823712]",-2472.719037687709,0.884779
24,24,"[421.24085761 415.0518233  416.85757981 400.60644564 421.6196042
 421.08727689]",-2456.489765796671,1.299181
25,16,"[421.04100277 429.30332216 419.2959836  420.7659781  421.12460013
 405.08295585]",-2473.5291311778933,0.880002
26,20,"[421.0899503  420.35548352 420.8890436  421.02922527 419.81311663
 420.6707125 ]",-2513.6671261719193,1.104995
27,23,"[418.14537521 420.47525985 420.72580817 420.81063778 424.6266658
 412.2473495 ]",-2501.633172532381,1.304
28,23,"[421.03645619 420.85310125 421.12384523 421.09403017 421.02199556
 413.50952288]",-2506.908680597425,1.284154
29,19,"[420.47576212 403.21970783 421.01020871 424.02480337 425.54247166
 420.90490636]",-2471.1966707323436,1.014
30,21,"[420.0732588  399.82489774 420.40609004 420.61499246 422.06741899
 420.77299196]",-2458.9007776279113,1.096019
31,15,"[418.87823761 421.28761721 422.3887473  425.87197436 419.20997829
 414.52700679]",-2504.4411565111373,0.79298
32,19,"[446.78295392 410.4671843  421.0250225  430.38361616 421.03002281
 421.17318357]",-2406.7591751011887,1.014002
33,24,"[421.30730255 415.36381414 421.02716569 408.43897848 420.89505082
 421.36147709]",-2490.3552498800927,1.300015
34,14,"[422.1367203  423.11461405 420.99592869 422.25195388 420.62593128
 431.45484503]",-2499.0662138512016,0.721768
35,24,"[420.32711944 442.52783303 425.1940791  421.15020637 418.3057081
 406.49382754]",-2426.889801888391,1.352753
36,24,"[420.45145598 420.91565687 420.91745483 431.63167988 420.85429466
 420.99519953]",-2499.536862484401,1.317395
37,21,"[420.98725582 420.91263734 425.03480289 420.66211925 416.32427643
 420.83676744]",-2509.0810260485164,1.129099
38,24,"[421.21093047 401.7413796  434.35706211 418.41345103 422.38078928
 423.17118819]",-2444.2356696240477,1.311642
39,21,"[420.94932306 420.90657686 421.09876979 420.74986837 421.07996911
 424.18449101]",-2512.5812465335202,1.140347
40,19,"[424.22121937 432.91756737 421.74708636 420.94333411 420.91277001
 420.93257263]",-2494.51405286198,1.083383
41,24,"[434.72629851 420.70091913 428.27341981 420.34307747 421.08563427
 412.7660938 ]",-2474.8845729713717,1.380158
42,17,"[420.74285217 420.88129351 422.01582273 423.08551998 419.44616489
 418.37503893]",-2512.045738787981,0.870002
43,20,"[420.32318258 421.1135269  421.16594922 420.78532864 420.68065081
 420.40061979]",-2513.781762755347,1.089833
44,24,"[423.69037053 419.97505285 420.21065744 421.23728897 421.5145298
 423.19559141]",-2512.0921840368565,1.297096
45,16,"[421.1955221  415.69074436 420.90314708 401.62196832 400.70615346
 420.28947874]",-2414.0097723883678,0.835
46,24,"[420.74735059 420.53719621 421.22842313 430.03957267 421.02515988
 421.48242952]",-2503.4495268403653,1.318555
47,20,"[421.00276943 421.09957139 421.96244921 420.9598995  421.10133326
 420.86428512]",-2513.766771924965,1.085179
48,24,"[407.138778   420.61763173 419.68405489 421.33107598 416.51806487
 420.84297895]",-2487.3887908386373,1.327513
49,17,"[422.04149543 421.49999493 420.93498107 420.34741506 419.92461142
 415.26113187]",-2509.43520728411,0.908775
