,population,best_x,best_energy,ave_energy
0,1,"[-323.10895411  160.20601365  388.69494879  163.74319593 -357.04699351
   36.11916676]",-569.5258972151238,-409.02608699650733
1,2,"[  63.83865155 -336.43428889  487.76567256 -298.15182039  387.24174353
  423.01677644]",-1182.8711555260138,-954.8591931953372
2,3,"[  63.76135019 -129.01235805  387.39235695 -294.63724618  387.38001491
  422.75321898]",-1468.2152629789614,-1308.1458272978748
3,4,"[  64.7293165  -130.62961953  388.72987448 -300.40169731  387.28286009
  423.5087065 ]",-1482.2791519592245,-1460.202883407182
4,5,"[  63.54127029 -121.15497414  389.92503003 -293.47583212  386.20000833
  426.75797755]",-1471.680618105167,-1464.312528580437
5,6,"[  63.76217141 -128.55675217  388.67399493 -308.12566069  389.91213295
  428.15710369]",-1493.8212912322128,-1468.3409767480111
6,7,"[  63.6405898  -132.56332516  386.96614402  441.61494827  385.04980023
  432.55808312]",-1498.6383127595416,-1489.4607478558758
7,8,"[  63.63527979 -123.88296847  386.91563728  415.84470501  388.77423945
  429.81989661]",-1590.3509827328653,-1545.9109390733831
8,9,"[  63.74296821 -124.62821906  386.96614402  415.84470501  389.22002077
  429.81989661]",-1594.0538932580264,-1590.4435434931706
9,10,"[  63.74296821 -123.88296847  387.50150278  415.84470501  389.22002077
  429.81989661]",-1597.898241892521,-1596.1771687977714
10,11,"[  63.74296821 -123.88296847  387.50150278  415.84470501  389.22002077
  429.81989661]",-1597.898241892521,-1597.898241892521
