,population,best_x,best_energy,ave_energy
0,1,"[-338.67766166  -86.73023451  393.26250414 -476.99763179 -453.1367404
  390.16371273]",-404.71450948700465,156.97636626430625
1,2,"[ 207.62065155  216.95232012  395.41840709 -476.56106773 -200.73447744
  390.70918281]",-753.2513117205726,-375.00555096154795
2,3,"[ 205.25808624  215.39160182  395.75006435 -184.87308402  221.80841492
  390.48481075]",-1039.9045283107218,-784.8690689337103
3,4,"[394.87574885 446.42908226 394.48582408 347.67512332 206.12089871
 456.10708884]",-1411.6260539276607,-1132.6014487053296
4,5,"[ 394.08624227  216.82140125  394.7702258  -271.98936312 -282.22447282
  455.90114449]",-1563.2520222648457,-1458.5943077189438
5,6,"[ 395.47088753  444.31231055  395.67911802 -271.89552061 -282.19718493
 -304.39257582]",-1775.41504545393,-1652.8901447808744
6,7,"[ 396.39206396  444.44218549  395.32904806 -272.78704968 -282.03768856
 -304.34523788]",-1783.0266527690244,-1764.0290284008518
7,8,"[ 395.98827297  444.20429511  396.86470848 -272.80317378 -282.21657475
  390.20671432]",-1798.425967672426,-1785.8684495328964
8,9,"[ 396.25098556  445.29678224  400.20441582 -272.61346109 -281.90727282
  390.62622631]",-1811.5370850078812,-1803.798915714241
9,10,"[ 396.97622646  443.97501827  400.99530538 -272.61657297 -281.85985068
  390.62790642]",-1826.888190861327,-1817.844366368005
10,11,"[ 396.89933528  444.00449945  403.78793627 -272.67871058 -281.84479555
  390.63036513]",-1839.1296305758424,-1832.0342965942696
11,12,"[ 397.37764242  444.38101548  406.00070294 -272.61828541 -282.57886432
  390.61074598]",-1851.3133635388483,-1845.4894385452396
12,13,"[ 397.11470006  444.09761128  408.20244497 -272.9393572  -282.57209862
  390.6620459 ]",-1861.3234940854186,-1855.4660827492003
13,14,"[ 396.93223341  443.89123142  413.1429409  -272.54247401 -282.39863351
  390.61287463]",-1870.361471013593,-1865.5967295372016
14,15,"[ 397.15520606  443.86371496  414.62181842 -272.84761751 -282.24892223
  390.63662108]",-1875.802926822581,-1873.5705616031066
15,16,"[ 397.09159029  443.89151597  417.01870576 -272.83780091 -282.62139696
  390.63672307]",-1880.083663620011,-1878.8153549104115
16,17,"[ 397.26568152  443.88768745  417.63563111 -272.9648567  -282.57703297
  390.6597127 ]",-1882.404793740437,-1881.5840058935985
17,18,"[ 397.40613225  443.88281511  421.31544551 -272.9423917  -282.659122
  390.61412679]",-1884.5248623091188,-1883.586996483726
18,19,"[ 397.43073989  443.87994119  422.37795719 -272.94224654 -282.70796628
  390.6353419 ]",-1884.8132017087441,-1884.3089512120562
19,20,"[ 397.44887523  443.88275653  419.49172363 -272.96895192 -282.70501961
  390.63521864]",-1885.0297682570454,-1884.647448385549
20,21,"[ 397.41756815  443.8579504   420.96889116 -272.95001332 -282.70328653
  390.66077644]",-1885.314607284416,-1885.0028653956138
21,22,"[ 397.45147451  443.85631445  420.46932187 -272.9700347  -282.72296723
  390.63538199]",-1885.5264724520678,-1885.189421652742
22,23,"[ 397.49904352  443.88498864  420.54512074 -272.97055655 -282.72138251
  390.63537201]",-1885.6343419537666,-1885.4096486507071
23,24,"[ 397.49770564  443.86240195  420.64159435 -272.96403728 -282.72135133
  390.63521974]",-1885.7187893709402,-1885.5599290351593
24,25,"[ 397.50569999  443.86002279  420.53236502 -272.94730408 -282.72447631
  390.66084339]",-1885.8476865150565,-1885.7026352670437
25,26,"[ 397.50652172  443.8597747   420.70516775 -272.97048646 -282.72431123
  390.66060863]",-1886.014887519262,-1885.8395366793852
26,27,"[ 397.50714267  443.85908905  421.0677799  -272.97160708 -282.72471819
  390.66060483]",-1886.0386913081209,-1885.9421016243914
27,28,"[ 397.51358936  443.85311735  421.1681357  -272.9717034  -282.7062947
  390.66081632]",-1886.019821095596,-1885.9836809057517
28,29,"[ 397.50913678  443.8547043   420.68488281 -272.97181845 -282.72388671
  390.66079581]",-1886.0639026725066,-1885.995232438584
29,30,"[ 397.5134044   443.85533745  420.93058346 -272.9722051  -282.72030919
  390.66081008]",-1886.079794992912,-1886.014931017457
30,31,"[ 397.51438124  443.85560406  420.99057864 -272.97219943 -282.72333475
  390.66080918]",-1886.0978776157935,-1886.0388214682653
31,32,"[ 397.51759299  443.85607948  421.33186098 -272.97168868 -282.72287447
  390.66079382]",-1886.0908409009885,-1886.0551130214274
32,33,"[ 397.51749752  443.8561601   420.85770731 -272.97167358 -282.72257433
  390.66079345]",-1886.1034530383613,-1886.0679425210683
33,34,"[ 397.51581258  443.85365128  420.82625033 -272.97229162 -282.72207288
  390.66079352]",-1886.1087193119693,-1886.0795509699794
34,35,"[ 397.51590118  443.85449185  420.87648389 -272.97218475 -282.72304397
  390.66081003]",-1886.1099785705735,-1886.0577565298283
35,36,"[ 397.51674079  443.85446281  421.22353968 -272.97230406 -282.72280253
  390.66079327]",-1886.1071735136456,-1886.0663441263837
36,37,"[ 397.51653439  443.85446353  421.05892743 -272.97231184 -282.72289938
  390.6607933 ]",-1886.1136994297008,-1886.0732767756765
37,38,"[ 397.51765914  443.85441176  420.86270034 -272.97213517 -282.72320794
  390.66079073]",-1886.120083129241,-1886.0801089375839
38,39,"[ 397.51828306  443.85451649  420.70269416 -272.97223234 -282.72311372
  390.66079329]",-1886.1156282340337,-1886.0962522380325
39,40,"[ 397.51783187  443.85452103  421.04440823 -272.97223503 -282.72315459
  390.66079329]",-1886.1215324497452,-1886.09148790631
40,41,"[ 397.51752211  443.85360664  421.14478312 -272.97224843 -282.7231112
  390.66079329]",-1886.121601281537,-1886.076315278476
41,42,"[ 397.51715186  443.85454446  420.98119526 -272.97223699 -282.72242166
  390.6607934 ]",-1886.1149554895942,-1886.0511318970914
42,43,"[ 397.51658158  443.85358001  420.77374548 -272.9723236  -282.72292777
  390.66079323]",-1886.1153041456896,-1886.033528814933
43,44,"[ 397.51808828  443.85446489  420.80767194 -272.97239032 -282.72288323
  390.66079342]",-1886.1204365131641,-1886.1012220018185
44,45,"[ 397.51714285  443.85442231  420.86909333 -272.97232846 -282.72309611
  390.6607908 ]",-1886.1180612283888,-1886.0658703449324
45,46,"[ 397.51757053  443.85359502  420.81910682 -272.97239    -282.72243022
  390.66079341]",-1886.1207516034212,-1886.0362588792711
46,47,"[ 397.51780178  443.85359052  421.09736652 -272.97223961 -282.72240957
  390.66079338]",-1886.1217301228055,-1886.0725728117297
47,48,"[ 397.51787667  443.8535913   420.90690857 -272.97223541 -282.72243593
  390.66079337]",-1886.1238395580951,-1886.0682605813747
48,49,"[ 397.51206263  443.85359441  420.7962281  -272.9723895  -282.72290698
  390.6607934 ]",-1886.0916837129603,-1886.05675311007
49,50,"[ 397.51772747  443.85359205  421.44074623 -272.97223517 -282.72240073
  390.66079338]",-1886.0952135601735,-1886.01145453022
50,51,"[ 397.51729567  443.85453954  420.56852026 -272.97223716 -282.72239869
  390.66079338]",-1886.0954798855446,-1886.0215264773108
51,52,"[ 397.51191845  443.85453045  420.87043269 -272.97223588 -282.72239806
  390.66079341]",-1886.084869252134,-1886.0087471591848
52,53,"[ 397.51725188  443.85453307  420.72521407 -272.97223957 -282.72243892
  390.66079337]",-1886.1082033126472,-1886.0794847479656
53,54,"[ 397.51726425  443.85453024  420.59778743 -272.97223592 -282.72239699
  390.66079341]",-1886.098190080176,-1885.949605751335
54,55,"[ 397.51196692  443.8535915   420.94361681 -272.97223494 -282.72239971
  390.66079341]",-1886.0914951654813,-1885.881134204235
55,56,"[ 397.5172465   443.85453319  420.58194749 -272.97223473 -282.72244245
  390.66079341]",-1886.0967658084587,-1886.0466132593024
56,57,"[ 397.51197099  443.85453371  420.83163972 -272.97223508 -282.72240091
  390.66079341]",-1886.0839966623582,-1885.9480176787913
57,58,"[ 397.51724886  443.8545333   420.68964588 -272.97223488 -282.72240309
  390.66079341]",-1886.1056432954101,-1886.05139752616
58,59,"[ 397.51198234  443.85453048  421.00382396 -272.97223499 -282.72240298
  390.66079341]",-1886.0863028910371,-1885.9269363160286
59,60,"[ 397.51199546  443.85453326  420.56528996 -272.97223514 -282.72240364
  390.66079341]",-1886.065982608329,-1885.5547286683475
60,61,"[ 397.51198439  443.85453366  420.92401498 -272.97223487 -282.72240265
  390.66079341]",-1886.0861969773255,-1885.9683476869936
61,62,"[ 397.51197793  443.85453051  421.03808324 -272.97223495 -282.72240304
  390.66079341]",-1886.085827021191,-1885.800654994577
62,63,"[ 397.51198442  443.85453045  421.17756861 -272.972235   -282.72240293
  390.66079341]",-1886.0809666488053,-1885.908839927685
63,64,"[ 397.51199599  443.85453061  420.95831494 -272.97223511 -282.7224025
  390.66079341]",-1886.0865174377939,-1885.8803591575897
64,65,"[ 397.51198396  443.85453045  420.88300861 -272.97223513 -282.72240302
  390.66079341]",-1886.0855407819263,-1885.909055344741
65,66,"[ 397.51198894  443.85359202  420.82088682 -272.97223496 -282.72240276
  390.66079341]",-1886.0889491261546,-1885.8466895086974
66,67,"[ 397.51198426  443.85453355  421.08889779 -272.97223501 -282.72240279
  390.66079341]",-1886.0846291896096,-1885.881645016648
67,68,"[ 397.51198269  443.85453355  421.203581   -272.97223501 -282.72240275
  390.66079341]",-1886.0794827973584,-1885.8388239072133
68,69,"[ 397.51199235  443.85359203  421.68913075 -272.97223496 -282.72240269
  390.66079341]",-1886.0262262529423,-1885.6314778100582
69,70,"[ 397.51199112  443.85453355  420.68915092 -272.97223496 -282.72240308
  390.66079341]",-1886.076626627393,-1885.6622112410935
70,71,"[ 397.5119915   443.85453356  420.98409664 -272.97223496 -282.72240284
  390.66079341]",-1886.08646096655,-1885.6684869647804
71,72,"[ 397.51199169  443.85359202  421.75058469 -272.97223495 -282.72240275
  390.66079341]",-1886.0145695764131,-1885.0259728110652
72,73,"[ 397.51199243  443.85453356  420.870948   -272.97223496 -282.72240271
  390.66079341]",-1886.0852883464202,-1885.8045833820474
73,74,"[ 397.51199258  443.85453355  421.37402094 -272.97223495 -282.72240276
  390.66079341]",-1886.0657678512944,-1885.7223534300574
74,75,"[ 397.51199013  443.85453355  420.9929465  -272.97223495 -282.72240311
  390.66079341]",-1886.0864105244325,-1885.9377755644045
75,76,"[ 397.5119905   443.85453355  420.75368075 -272.97223496 -282.72240277
  390.66079341]",-1886.080649004019,-1885.1404078442413
76,77,"[ 397.51199089  443.85453355  421.93000382 -272.97223499 -282.72240277
  390.66079341]",-1885.9698539075607,-1885.3801425976483
77,78,"[ 397.51199267  443.85453355  420.9020579  -272.97223501 -282.72240271
  390.66079341]",-1886.0859356940086,-1885.6412325585638
78,79,"[ 397.51199095  443.85453355  421.08622461 -272.97223495 -282.72240271
  390.66079341]",-1886.0847454671202,-1885.7242464751143
79,80,"[ 397.51199021  443.85359202  421.19580687 -272.97223495 -282.7224027
  390.66079341]",-1886.0852082331053,-1885.8778637004757
80,81,"[ 397.51199033  443.85359202  420.72925996 -272.97223495 -282.7224027
  390.66079341]",-1886.084478623748,-1885.58300296481
81,82,"[ 397.51199005  443.85359202  420.84879325 -272.97223495 -282.72240271
  390.66079341]",-1886.0898979393764,-1885.0776105534349
82,83,"[ 397.51199024  443.85359202  420.9320039  -272.97223495 -282.7224027
  390.66079341]",-1886.0915442017592,-1883.95539858103
83,84,"[ 397.51199051  443.85359202  421.53733317 -272.97223495 -282.7224027
  390.66079341]",-1886.0509137722684,-1884.6598733485996
84,85,"[ 397.51199085  443.85359202  422.65415901 -272.97223501 -282.7224027
  390.66079341]",-1885.733098059324,-1884.4959123860895
85,86,"[ 397.51199034  443.85359202  421.12618055 -272.97223495 -282.7224027
  390.66079341]",-1886.0885873657194,-1885.5409778677488
86,87,"[ 397.51199032  443.85359202  419.26845754 -272.97223495 -282.7224027
  390.66079341]",-1885.7272124049293,-1884.4219720060205
87,88,"[ 397.51199032  443.85359202  421.00062507 -272.97223495 -282.7224027
  390.66079341]",-1886.0915867485285,-1885.314773999195
88,89,"[ 397.51199082  443.85359202  420.72987629 -272.97223495 -282.7224027
  390.66079341]",-1886.0845185138867,-1884.6766544195061
89,90,"[ 397.51199085  443.85359202  421.92971771 -272.97223495 -282.7224027
  390.66079341]",-1885.9751540192185,-1884.4621777469224
90,91,"[ 397.51199088  443.85359202  421.36445492 -272.97223495 -282.72240271
  390.66079341]",-1886.0719567384797,-1885.138109807857
91,92,"[ 397.51199085  443.85359202  420.70319373 -272.97223495 -282.7224027
  390.66079341]",-1886.0828205977277,-1884.785584251954
92,93,"[ 397.51199081  443.85359202  421.23134996 -272.97223495 -282.7224027
  390.66079341]",-1886.0830151436794,-1884.6023747699046
93,94,"[ 397.51199089  443.85359202  421.34614105 -272.97223495 -282.7224027
  390.66079341]",-1886.0737437353887,-1884.0497932666801
94,95,"[ 397.51199031  443.85359202  420.38965657 -272.97223495 -282.7224027
  390.66079341]",-1886.0494100727335,-1883.7340381727165
95,96,"[ 397.51199031  443.85359202  420.4130635  -272.97223495 -282.7224027
  390.66079341]",-1886.0527604891538,-1885.0664349907606
96,97,"[ 397.51199089  443.85359202  420.10538496 -272.97223495 -282.7224027
  390.66079341]",-1885.9976966036115,-1884.7273671873843
97,98,"[ 397.51199088  443.85359202  420.78579108 -272.97223495 -282.7224027
  390.66079341]",-1886.0874946600823,-1885.4255338015475
98,99,"[ 397.51199081  443.85359202  421.15274857 -272.97223495 -282.72240271
  390.66079341]",-1886.0874452327275,-1883.6520507655225
99,100,"[ 397.51199084  443.85359202  420.6074611  -272.97223495 -282.7224027
  390.66079341]",-1886.0752498690001,-1884.4597063271126
100,101,"[ 397.51199082  443.85359202  419.75402727 -272.97223495 -282.7224027
  390.66079341]",-1885.9056294245313,-1883.701005632226
101,102,"[ 397.51199082  443.85359202  421.25778637 -272.97223495 -282.7224027
  390.66079341]",-1886.0811747134612,-1883.9432717129182
102,103,"[ 397.51199031  443.85359202  420.28494292 -272.97223495 -282.7224027
  390.66079341]",-1886.032730047896,-1884.234299694305
103,104,"[ 397.51199031  443.85359202  420.28494292 -272.97223495 -282.7224027
  390.66079341]",-1886.032730050591,-1885.174403911219
104,105,"[ 397.51199084  443.85359202  421.2052228  -272.97223495 -282.7224027
  390.66079341]",-1886.0846608843103,-1885.113214542776
105,106,"[ 397.51199082  443.85359202  421.53142004 -272.97223495 -282.7224027
  390.66079341]",-1886.0517597974026,-1884.7948952370703
106,107,"[ 397.51199082  443.85359202  420.75558006 -272.97223495 -282.7224027
  390.66079341]",-1886.085984447217,-1885.1795085462882
107,108,"[ 397.51199084  443.85359202  420.75558006 -272.97223495 -282.7224027
  390.66079341]",-1886.085984548541,-1884.3886045577633
108,109,"[ 397.51199084  443.85359202  420.75558006 -272.97223495 -282.7224027
  390.66079341]",-1886.0859845544614,-1885.6151849649382
109,110,"[ 397.51199084  443.85359202  420.08673747 -272.97223495 -282.7224027
  390.66079341]",-1885.9935918120373,-1885.556216973918
110,111,"[ 397.51199084  443.85359202  421.58162641 -272.97223495 -282.7224027
  390.66079341]",-1886.0443102504494,-1885.8471410452532
111,112,"[ 397.51199084  443.85359202  420.92355739 -272.97223495 -282.7224027
  390.66079341]",-1886.0914601678712,-1885.9026032809404
112,113,"[ 397.51199082  443.85359202  420.92355739 -272.97223495 -282.7224027
  390.66079341]",-1886.091460061836,-1885.9672285163876
113,114,"[ 397.51199084  443.85359202  420.68915928 -272.97223495 -282.7224027
  390.66079341]",-1886.081855305004,-1885.9240438787297
114,115,"[ 397.51199084  443.85359202  420.68915928 -272.97223495 -282.7224027
  390.66079341]",-1886.0818553051122,-1886.062933938086
115,116,"[ 397.51199084  443.85359202  420.68915928 -272.97223495 -282.7224027
  390.66079341]",-1886.0818553045715,-1885.9452094491924
116,117,"[ 397.51199084  443.85359202  420.68915928 -272.97223495 -282.7224027
  390.66079341]",-1886.0818553046522,-1886.0739547068645
117,118,"[ 397.51199084  443.85359202  421.1167014  -272.97223495 -282.7224027
  390.66079341]",-1886.0889554352966,-1886.0823286459029
