,population,best_x,best_energy,ave_energy
0,1,"[ 436.64001915  373.37227867 -362.8570464    51.94562673  377.83485818
  222.77399621]",-894.7689680490107,-63.581003091950265
1,2,"[-270.55347455  -15.02780569 -341.8397051   -27.54785357  405.08816498
  412.15053879]",-1133.9295982528918,-801.3181132285558
2,3,"[437.32454258 440.57623021 431.26601109 435.54594318 379.17385151
 222.71834848]",-1932.8984867675356,-1389.4862754279159
3,4,"[438.83901381 439.95017467 431.89576308 435.74765955 405.43416303
 412.08173163]",-2346.728325204782,-1854.7263971655768
4,5,"[430.77628424 440.7570858  432.64462541 435.74492671 405.63785762
 410.73573824]",-2366.1489122154208,-2275.3077720515475
5,6,"[420.50208912 440.53396667 431.51428405 435.70407498 405.56925016
 412.34739814]",-2386.1469398420136,-2372.6876360763235
6,7,"[425.8184348  439.72769826 428.315319   435.76083817 405.15296531
 412.06439332]",-2391.7951600890697,-2386.6792089618293
7,8,"[421.05431847 440.18759037 428.29196957 435.76616217 405.19262186
 413.53344028]",-2395.7844013431218,-2392.990014568437
8,9,"[420.21490611 439.83030703 427.90955294 435.76693385 405.15209616
 413.03109463]",-2396.952532141667,-2395.185186557726
9,10,"[420.69339184 439.77374008 427.27175829 435.75978685 405.18343903
 412.86300567]",-2398.1528241240476,-2396.5333785199637
10,11,"[423.77365378 439.86575685 427.14529503 435.56657819 405.65002525
 413.75586361]",-2401.1261979179126,-2398.050581177935
11,12,"[421.87718424 439.86931365 427.06608708 435.56637187 405.46303866
 413.80657982]",-2401.5100384820635,-2399.397311540387
12,13,"[419.41069481 439.8050615  426.41505559 435.53244701 405.45812523
 413.44854266]",-2402.0027317498116,-2400.4895094270805
13,14,"[422.43983993 439.85597265 426.36050852 435.56663584 405.65812598
 413.27193445]",-2402.166164094141,-2401.053675915225
14,15,"[422.43983993 439.85597265 426.36050852 435.56663584 405.65812598
 413.27193445]",-2402.166164094141,-2401.2012356082887
15,16,"[421.53526456 439.8555477  425.96428536 435.53243393 405.65976404
 413.64634273]",-2403.7531589925607,-2401.961479893034
16,17,"[420.71893101 439.85478285 425.568185   435.56651818 405.65181704
 413.59095359]",-2404.0138447353283,-2402.5158359175166
17,18,"[422.47540918 439.85590662 424.97335244 435.56651848 405.65964462
 413.59442438]",-2404.4117866904057,-2403.0752304754374
18,19,"[419.9254193  439.85488201 425.03169091 435.56651521 405.66010461
 413.58533471]",-2404.4913746779,-2403.6871076124107
19,20,"[421.69748993 439.8529092  424.64634294 435.56652679 405.66002754
 413.67072427]",-2405.103796138095,-2403.883984169377
20,21,"[421.69748993 439.8529092  424.64634294 435.56652679 405.66002754
 413.67072427]",-2405.103796138095,-2404.110800688696
21,22,"[421.69748993 439.8529092  424.64634294 435.56652679 405.66002754
 413.67072427]",-2405.103796138095,-2404.3981605151157
22,23,"[419.77067115 439.8015834  424.24750213 435.53243784 405.65006688
 413.63443468]",-2405.598802548399,-2404.8205185040906
23,24,"[421.32960263 439.8015834  424.24750213 435.53243248 405.65006688
 413.63443468]",-2405.763413827746,-2405.2182414565195
24,25,"[421.32960263 439.8015058  424.24750213 435.53243248 405.65006688
 413.63513679]",-2405.765060742521,-2405.509711855759
25,26,"[421.32960263 439.8015834  424.24750213 435.53243248 405.65006688
 413.67072427]",-2405.8297726811193,-2405.750037549199
26,27,"[421.65437915 439.80155403 424.04860014 435.53243779 405.65006868
 413.67384416]",-2405.952407744856,-2405.8162456560626
27,28,"[420.65558929 439.80149288 423.97481801 435.53243245 405.66000401
 413.62644085]",-2406.0068170569225,-2405.8756322310137
28,29,"[420.65558929 439.80149288 423.97481801 435.53243245 405.66000401
 413.62644085]",-2406.0068170569225,-2405.952951276903
29,30,"[420.96603763 439.8015834  423.97481801 435.53243803 405.66000401
 413.67072427]",-2406.0997687803383,-2406.0136254238773
30,31,"[420.96603763 439.8015834  423.97481801 435.53243803 405.66000401
 413.67072427]",-2406.0997687803383,-2406.0411517704306
31,32,"[420.96603763 439.8015834  423.97481801 435.53243803 405.66000401
 413.67072427]",-2406.0997687803383,-2406.06718328638
32,33,"[420.96603763 439.8015058  423.97481801 435.53243803 405.66000401
 413.67384416]",-2406.1058186100604,-2406.1011336431634
33,34,"[420.96603763 439.8015058  423.97481801 435.53243803 405.66000401
 413.67384416]",-2406.1058186100604,-2406.105653880255
