,population,parents,parents_energy,parents_sigma
0,1,"[[ 411.43133557  -41.04843678 -352.22242769 -270.60981659 -302.93383239
  -491.91643871]
 [ 475.41100478  348.40902505  438.46870834 -291.65710575  377.55839063
   102.34948252]
 [ 450.34518404  198.64594412  226.49468304  -27.78894105  440.50862673
   309.1826754 ]
 [  25.04965657 -258.3023599  -260.07390332 -298.35096128  110.98669378
   441.19351096]
 [ 228.66218907 -330.54926849 -449.97194236 -333.95120113  438.09979324
  -141.44470329]
 [ 408.6352825    16.81158027  463.7854442   226.16937193 -114.59726806
   330.53967116]
 [-107.9806585  -274.1819314    98.93315327  131.55371254  379.5987711
  -286.08733438]
 [-204.18525352  -13.45902216  381.20288235  442.93183532 -288.52928011
   260.79325476]
 [ 414.43427358 -352.5895308  -484.13853007  235.67909758  133.14929267
  -487.69001104]
 [ 185.5731362   266.05597648 -314.04987311    1.64726769   36.64572839
   473.71861686]
 [-101.09930681  382.74105667  -17.71549175 -137.95173027  344.67185997
   360.90186255]
 [ 278.18333338 -266.81542062 -319.88721019  122.67339634   87.03141327
   452.88470075]
 [-107.02556429 -250.63146614 -198.67837217  192.38865788 -303.78653639
   -59.66502412]
 [ 176.67825495  -65.79558943  467.55231667  482.13008177  -66.60335997
   183.50550723]
 [ 100.54351636  -55.78604546 -286.6540502   144.82692354  -70.06228806
  -301.98162025]
 [-150.59910089 -122.11159953  326.02447548  -79.77854545  228.80810317
   457.76363128]
 [  35.0155584    97.97671317  208.09503785  281.40350615  458.82148275
    67.48073058]
 [ 360.09172396   28.51994739  427.88578078  153.59268565  327.04971142
    14.57765567]
 [ 472.69517597 -138.42815516 -483.32031768   57.8241159   109.27295289
   -44.75877719]
 [ -35.11178287 -292.03366248   17.4237202     2.47720748 -375.71862052
    70.81951618]
 [ 484.45692865  269.79170007 -248.87890248 -457.70223839 -268.46671874
   407.50122994]
 [ 322.09694977  423.22717822  231.02224248  357.81389239   15.4144014
  -465.04120788]
 [-165.17227036  369.71610287  229.32754442 -187.63304082  -69.92671041
   230.90570505]
 [ 137.9408015   432.51783079  297.30346723 -173.2337429   132.69892879
  -281.96227231]
 [ 156.53176169    1.63251455  -30.69673822  -49.04022318  192.98397697
  -188.30532762]
 [ 428.40644044 -479.82640759 -400.03432531 -184.56495222  377.49210119
   348.72333491]
 [-262.89053358   22.07381178  -22.89509718  222.22602868  299.53545854
   -11.42751787]
 [ 227.29670008 -261.18433907    2.66046258  -21.68131475 -438.61485855
  -143.94473217]
 [ 202.59236504 -109.02978141  237.47574167 -355.44593978 -226.33368037
   291.9967395 ]
 [ 124.93154352 -300.06509503   74.60153489  306.53571333 -144.17503706
  -368.48333958]
 [-419.6395106   145.81833635  188.64052649 -213.16862595 -336.96365556
  -277.36617896]
 [-143.59935551  142.00500735  483.65185559  477.32067887  -58.59675797
   270.16215272]
 [ 141.37527313 -234.39266487  410.19607371  145.35873933   82.21179276
  -431.88885657]
 [ -11.79411101  418.90532072 -424.90539767 -461.11748105   84.43816918
   128.11001322]
 [ 352.11151629  333.45462018  -16.28153839 -171.55801343 -334.30403557
  -446.66434995]
 [-403.22460194  314.49500789  234.27449973 -258.49771958  322.01407207
  -331.72929104]
 [-483.50028525   -7.6897071   -46.73300287  311.36175732  -16.63283008
  -455.07469345]
 [ 301.05022005 -356.04748629  168.45979924  122.10618034 -417.15847517
   357.76419079]
 [-385.51473277 -413.65049378  119.67719182 -339.83734491  149.97965304
  -220.3507298 ]
 [  26.08123885  350.62574602 -210.38944837  331.02940895 -437.34627088
   290.51965659]]","[-1006.77161833  -833.2783776   -750.43274425  -740.63805925
  -667.53506041  -635.40015421  -620.64832105  -567.07927907
  -458.13581649  -393.7931401   -383.27360831  -370.91252891
  -344.2883322   -327.06561339  -326.92968364  -278.0672013
  -206.9724727   -173.21866947  -157.66271681  -155.34439165
  -137.4503224    -98.5641561    -95.03475717   -41.19532161
     3.75822956     5.95496264     9.01840781    29.64041997
    63.37922586   117.35673679   120.14945579   176.38232232
   220.98123865   325.05968583   447.73154876   533.64699378
   584.32602138   755.48838722   881.9279281   1133.67433793]","[[1. 1. 1. 1. 1. 1.]
 [1. 1. 1. 1. 1. 1.]
 [1. 1. 1. 1. 1. 1.]
 [1. 1. 1. 1. 1. 1.]
 [1. 1. 1. 1. 1. 1.]
 [1. 1. 1. 1. 1. 1.]
 [1. 1. 1. 1. 1. 1.]
 [1. 1. 1. 1. 1. 1.]
 [1. 1. 1. 1. 1. 1.]
 [1. 1. 1. 1. 1. 1.]
 [1. 1. 1. 1. 1. 1.]
 [1. 1. 1. 1. 1. 1.]
 [1. 1. 1. 1. 1. 1.]
 [1. 1. 1. 1. 1. 1.]
 [1. 1. 1. 1. 1. 1.]
 [1. 1. 1. 1. 1. 1.]
 [1. 1. 1. 1. 1. 1.]
 [1. 1. 1. 1. 1. 1.]
 [1. 1. 1. 1. 1. 1.]
 [1. 1. 1. 1. 1. 1.]
 [1. 1. 1. 1. 1. 1.]
 [1. 1. 1. 1. 1. 1.]
 [1. 1. 1. 1. 1. 1.]
 [1. 1. 1. 1. 1. 1.]
 [1. 1. 1. 1. 1. 1.]
 [1. 1. 1. 1. 1. 1.]
 [1. 1. 1. 1. 1. 1.]
 [1. 1. 1. 1. 1. 1.]
 [1. 1. 1. 1. 1. 1.]
 [1. 1. 1. 1. 1. 1.]
 [1. 1. 1. 1. 1. 1.]
 [1. 1. 1. 1. 1. 1.]
 [1. 1. 1. 1. 1. 1.]
 [1. 1. 1. 1. 1. 1.]
 [1. 1. 1. 1. 1. 1.]
 [1. 1. 1. 1. 1. 1.]
 [1. 1. 1. 1. 1. 1.]
 [1. 1. 1. 1. 1. 1.]
 [1. 1. 1. 1. 1. 1.]
 [1. 1. 1. 1. 1. 1.]]"
1,2,"[[ 447.57641892  197.80947905 -259.04724434  -25.57654568  439.89900339
   444.60314677]
 [ 474.12035719  199.43039046  216.01119819 -295.91723528  441.04417016
    99.33967703]
 [ 404.72813722 -353.09382694 -348.52177831 -268.54925599 -302.94488139
  -493.50747912]
 [ 409.47930481  147.0588614   195.31236001 -267.68101663 -303.3831218
  -485.20183138]
 [ 409.66213064 -354.30337554 -486.8446745  -297.88615773  134.64563041
   439.76800884]
 [ 451.75347328  198.42829403  229.36345444  -28.41244794  439.396153
   -46.08626504]
 [ 408.50323268  -14.26241055 -352.20811824 -269.430495   -302.77032917
  -486.30064495]
 [ 230.10229742 -261.27530728   -1.0927403   442.24384697 -288.92902816
  -147.51690224]
 [-103.05761458 -266.7568551  -317.82495207  123.18070866  379.63693159
   453.08044064]
 [  99.44732275 -258.04074    -289.11299501 -297.99100525  111.58201262
   443.69002429]
 [ 143.38360999 -234.59368543  412.00432502 -296.85109512  110.33924113
   439.26229316]
 [ 475.53372247   16.82670206  431.33915927 -295.81086619 -114.69490812
   103.97150338]
 [ 199.68058224 -109.47489091  239.8611939  -351.33146565 -335.72975423
  -283.30315584]
 [  28.1946659  -260.44863689  472.48017751  223.76962793 -115.05183886
   447.06382996]
 [-210.23420795 -274.70213224  101.42365252  441.58454077  380.56133011
  -281.80637693]
 [  25.85365936 -257.96183877 -318.3621178  -297.9629508   110.65539112
   457.39843653]
 [ 411.28684605  -40.88469656 -350.81287019  235.56252486 -303.89093879
  -480.25298196]
 [ 159.81029578 -267.05707544 -320.89343242  121.32355213  191.89424455
   453.83737078]
 [ 175.18695131  -66.09883591  464.75931165  -26.673124    439.66817879
   178.90009585]
 [ 200.32842991  -13.02481487  376.32823784  445.05151473 -289.24098915
   288.80308284]
 [ 453.76236201  200.54427567  222.47745294  -27.18379274  440.23050277
   305.37542578]
 [-108.38341994 -329.73257867 -204.7540824  -335.83837057  436.97079522
  -141.56969115]
 [ 186.28913612  347.29453227  435.31767117   -1.69299987  377.20028646
   478.60639268]
 [ 175.40628784 -267.32612248  465.19200123  480.3014605   -67.12247266
   453.00081839]
 [ 475.42760686 -139.50819761 -480.255733   -296.77400894  110.31816513
   444.6973598 ]
 [ 483.88719261  384.16761977  -21.6383214  -137.8801743   344.00552501
   408.16784288]
 [ 410.20731845   17.25568197  -17.21373527 -138.76502016 -115.73376378
   361.86017026]
 [-110.56180127 -273.6570944    97.42022316  129.96633156  380.45365999
  -294.69790279]
 [ 100.41621618 -301.056004   -277.15987846  150.52754006  -70.7690695
  -304.3857141 ]
 [ 321.60719538  423.18101629  231.71693751  448.64066005 -288.40614749
  -463.17334652]
 [ 416.70397346 -351.67330218   95.96879958  238.71707667  134.04430393
  -286.11327402]
 [ 180.73635204 -256.64364394  472.33990136  486.49080107  -67.41838158
   437.60408533]
 [-205.95648997  424.36722049  381.33962577  358.28340475 -289.2101508
   265.12308352]
 [-200.31210347  370.16904824  227.42283575  438.1345493  -288.35690876
   261.90749891]
 [ 431.69282537 -257.635816   -408.3831965  -299.79658599  377.94623817
   355.42987979]
 [ 476.40546386 -274.03918967  102.18721297  137.64641059  378.08164157
  -286.50871726]
 [ 225.20382942 -260.82789113  188.86489015 -210.13516992 -335.3710179
  -271.49324532]
 [ -16.06785083  419.30203752  459.88731707  481.97734342   85.19698946
   132.46344555]
 [ 136.15327594  -13.05561209  381.0399382   447.56847263  132.50063339
  -279.29702991]
 [ 407.80122086 -257.76991126 -255.98896018 -297.24551103  112.09954796
   335.48698174]]","[-1374.98151387 -1096.95464296 -1048.61278368 -1013.31174689
 -1010.32685299 -1001.51861755  -942.1557147   -932.72977843
  -892.00053196  -867.86310418  -815.73981855  -811.23361779
  -807.72232555  -802.67889734  -798.96088203  -793.67458796
  -791.15227867  -779.53383255  -768.82333766  -751.40086316
  -744.52652994  -741.30391179  -741.0353949   -728.20562337
  -695.67548262  -678.00269536  -677.46071751  -664.19367479
  -663.72926104  -662.57704364  -631.97462027  -627.59110607
  -618.2052725   -611.88818396  -603.35788794  -597.41341206
  -594.73201357  -588.7671242   -588.5264317   -582.3324802 ]","[[2.72475437 0.9944353  4.10714378 2.66201732 0.78847751 4.64669252]
 [2.72475437 0.9944353  4.10714378 2.66201732 0.78847751 4.64669252]
 [2.72475437 0.9944353  4.10714378 2.66201732 0.78847751 4.64669252]
 [2.72475437 0.9944353  4.10714378 2.66201732 0.78847751 4.64669252]
 [2.72475437 0.9944353  4.10714378 2.66201732 0.78847751 4.64669252]
 [2.72475437 0.9944353  4.10714378 2.66201732 0.78847751 4.64669252]
 [2.72475437 0.9944353  4.10714378 2.66201732 0.78847751 4.64669252]
 [2.72475437 0.9944353  4.10714378 2.66201732 0.78847751 4.64669252]
 [2.72475437 0.9944353  4.10714378 2.66201732 0.78847751 4.64669252]
 [2.72475437 0.9944353  4.10714378 2.66201732 0.78847751 4.64669252]
 [2.72475437 0.9944353  4.10714378 2.66201732 0.78847751 4.64669252]
 [2.72475437 0.9944353  4.10714378 2.66201732 0.78847751 4.64669252]
 [2.72475437 0.9944353  4.10714378 2.66201732 0.78847751 4.64669252]
 [2.72475437 0.9944353  4.10714378 2.66201732 0.78847751 4.64669252]
 [2.72475437 0.9944353  4.10714378 2.66201732 0.78847751 4.64669252]
 [2.72475437 0.9944353  4.10714378 2.66201732 0.78847751 4.64669252]
 [2.72475437 0.9944353  4.10714378 2.66201732 0.78847751 4.64669252]
 [2.72475437 0.9944353  4.10714378 2.66201732 0.78847751 4.64669252]
 [2.72475437 0.9944353  4.10714378 2.66201732 0.78847751 4.64669252]
 [2.72475437 0.9944353  4.10714378 2.66201732 0.78847751 4.64669252]
 [2.72475437 0.9944353  4.10714378 2.66201732 0.78847751 4.64669252]
 [2.72475437 0.9944353  4.10714378 2.66201732 0.78847751 4.64669252]
 [2.72475437 0.9944353  4.10714378 2.66201732 0.78847751 4.64669252]
 [2.72475437 0.9944353  4.10714378 2.66201732 0.78847751 4.64669252]
 [2.72475437 0.9944353  4.10714378 2.66201732 0.78847751 4.64669252]
 [2.72475437 0.9944353  4.10714378 2.66201732 0.78847751 4.64669252]
 [2.72475437 0.9944353  4.10714378 2.66201732 0.78847751 4.64669252]
 [2.72475437 0.9944353  4.10714378 2.66201732 0.78847751 4.64669252]
 [2.72475437 0.9944353  4.10714378 2.66201732 0.78847751 4.64669252]
 [2.72475437 0.9944353  4.10714378 2.66201732 0.78847751 4.64669252]
 [2.72475437 0.9944353  4.10714378 2.66201732 0.78847751 4.64669252]
 [2.72475437 0.9944353  4.10714378 2.66201732 0.78847751 4.64669252]
 [2.72475437 0.9944353  4.10714378 2.66201732 0.78847751 4.64669252]
 [2.72475437 0.9944353  4.10714378 2.66201732 0.78847751 4.64669252]
 [2.72475437 0.9944353  4.10714378 2.66201732 0.78847751 4.64669252]
 [2.72475437 0.9944353  4.10714378 2.66201732 0.78847751 4.64669252]
 [2.72475437 0.9944353  4.10714378 2.66201732 0.78847751 4.64669252]
 [2.72475437 0.9944353  4.10714378 2.66201732 0.78847751 4.64669252]
 [2.72475437 0.9944353  4.10714378 2.66201732 0.78847751 4.64669252]
 [2.72475437 0.9944353  4.10714378 2.66201732 0.78847751 4.64669252]]"
2,3,"[[ 404.30976492 -301.60250666 -259.17696076 -273.75082427 -302.58026143
  -300.79229789]
 [ 176.84316017 -267.98203575  465.09021388 -298.79734066  440.43404638
   424.08953483]
 [ 469.63306608  197.71451461 -259.39300218 -293.45519458  440.95817169
   422.08614339]
 [ 231.70692415 -261.4792341   379.16257815  441.46245915 -288.80630517
   419.79874027]
 [ 193.6291203   198.96544599  197.36928463 -293.38462355  440.06532252
  -324.02723542]
 [ -12.7182431   417.14247626  437.66311984 -287.05709649  440.79120203
    85.88288306]
 [ 438.36389913 -355.09374676 -265.05387789 -296.81442319  439.86079798
   458.75419442]
 [ 477.7546414   199.66692327  192.73309474 -283.9705678   440.80207629
   395.77161298]
 [ 406.5583089  -261.22350458  189.37457752 -263.27143682 -302.81805381
  -311.89443814]
 [ 471.15325442  195.65320528 -240.46473001 -300.60869406  439.94771253
   421.65580434]
 [ 445.19284081 -275.7853932    93.17244891  444.43257283  438.89920821
  -258.09472734]
 [ 449.06531902  196.84370496 -254.72161186  236.52745109  438.99223174
  -303.40622536]
 [ 415.56201312  197.69170406 -239.17294217  -27.19262337  440.01550814
   439.15728526]
 [ 418.60285193 -275.12724871  102.61916743  422.97603855  380.62507021
  -258.44209584]
 [ 408.50323268  199.43039046  216.01119819 -269.430495   -302.77032917
  -486.30064495]
 [ 445.56873658  199.08219662 -259.04077346  -32.64903593  440.48643089
   458.61410621]
 [ 421.98675732 -257.66951233  378.1290342  -304.84925083  378.38915169
   359.93459198]
 [ -23.91428982  417.28008923  417.56184711  479.9467442    85.31495451
   442.95032101]
 [ 234.20566475 -268.3227806   456.67254743  440.03936781 -288.60774871
  -141.0525781 ]
 [ 431.58401715  198.67786628  234.70347065 -294.19301969  441.09164824
   111.5221006 ]
 [ 414.77249537  145.7968958   455.54713964 -268.4445214  -303.50061802
  -498.14642132]
 [ 415.23118163  199.80318462  241.20449909 -298.39068759  133.89767594
   431.96798352]
 [ 447.75237969  197.94522238  366.37926454  442.17130919 -289.59422428
   -52.71942899]
 [ 201.76020064  -13.40557914  229.77837011  444.80584313 -288.73898026
  -288.81294497]
 [ 453.67461806  199.1687097   204.6384761  -293.64206316  109.91917595
   446.7621612 ]
 [ 468.51530171  423.14680046  208.72658988 -312.5480287  -289.82583833
  -470.76341369]
 [ 413.78285989 -354.85484021  221.06249925 -273.9730458   440.61681687
    77.614253  ]
 [ 453.53358303  422.88348346  381.57062527  -39.8256362   439.80224125
   262.71586468]
 [ 127.4224725   419.70822338  465.26699994 -307.08300191   85.80453799
   407.54349886]
 [  10.9249646  -257.99766593  219.36520062 -301.85000672 -288.33504623
   444.23601053]
 [ 446.77290754 -260.36507962 -285.5087169   -19.87571727 -114.78755698
   448.756878  ]
 [ 430.54674581   17.40399302  -24.64879672 -307.88907902 -116.46192996
   394.39995522]
 [ 418.06482234 -354.78630471  229.93936057 -302.12392702  135.28964088
   424.24755742]
 [ 161.24964555 -273.41229882 -335.9159857   452.81629892  192.79469864
  -287.06429271]
 [ 192.67529498 -354.28034585  444.69320173 -308.32714392  133.71910017
   413.67375004]
 [ 453.55120402  -13.95231407  225.63982921  -32.14249044  439.74652047
  -298.09371895]
 [ 196.519176   -266.96524991 -289.87223087  130.99895401  380.00642669
   437.17442439]
 [ 483.4378628    16.15607816  420.07924513 -304.99346914 -114.38591246
   452.1598093 ]
 [  28.1946659  -274.70213224  472.48017751  441.58454077 -115.05183886
   447.06382996]
 [ 190.89755248 -109.71315961  475.03737245 -346.96842728  438.78603111
  -292.24464995]]","[-1587.98372286 -1563.04890086 -1523.63169355 -1508.6408752
 -1491.05276259 -1460.91549117 -1446.12035715 -1420.38141725
 -1404.28160986 -1370.97052346 -1360.99829331 -1336.50066495
 -1330.08185502 -1308.50130092 -1287.13180328 -1279.689576
 -1276.32449117 -1273.24604604 -1264.96066775 -1251.29194782
 -1249.08857606 -1246.99386037 -1232.58861056 -1230.80010804
 -1221.90701523 -1207.89598934 -1201.70664056 -1197.59919694
 -1195.2494663  -1187.12537495 -1163.54323772 -1161.29162644
 -1151.15895061 -1143.30094237 -1141.16475937 -1132.61464472
 -1129.61501802 -1117.93913383 -1116.96313172 -1111.90333812]","[[ 7.42428637  0.98890157 16.86863     7.08633623  0.62169678 21.59175134]
 [ 7.42428637  0.98890157 16.86863     7.08633623  0.62169678 21.59175134]
 [ 7.42428637  0.98890157 16.86863     7.08633623  0.62169678 21.59175134]
 [ 7.42428637  0.98890157 16.86863     7.08633623  0.62169678 21.59175134]
 [ 7.42428637  0.98890157 16.86863     7.08633623  0.62169678 21.59175134]
 [ 7.42428637  0.98890157 16.86863     7.08633623  0.62169678 21.59175134]
 [ 7.42428637  0.98890157 16.86863     7.08633623  0.62169678 21.59175134]
 [ 7.42428637  0.98890157 16.86863     7.08633623  0.62169678 21.59175134]
 [ 7.42428637  0.98890157 16.86863     7.08633623  0.62169678 21.59175134]
 [ 7.42428637  0.98890157 16.86863     7.08633623  0.62169678 21.59175134]
 [ 7.42428637  0.98890157 16.86863     7.08633623  0.62169678 21.59175134]
 [ 7.42428637  0.98890157 16.86863     7.08633623  0.62169678 21.59175134]
 [ 7.42428637  0.98890157 16.86863     7.08633623  0.62169678 21.59175134]
 [ 7.42428637  0.98890157 16.86863     7.08633623  0.62169678 21.59175134]
 [ 7.42428637  0.98890157 16.86863     7.08633623  0.62169678 21.59175134]
 [ 7.42428637  0.98890157 16.86863     7.08633623  0.62169678 21.59175134]
 [ 7.42428637  0.98890157 16.86863     7.08633623  0.62169678 21.59175134]
 [ 7.42428637  0.98890157 16.86863     7.08633623  0.62169678 21.59175134]
 [ 7.42428637  0.98890157 16.86863     7.08633623  0.62169678 21.59175134]
 [ 7.42428637  0.98890157 16.86863     7.08633623  0.62169678 21.59175134]
 [ 7.42428637  0.98890157 16.86863     7.08633623  0.62169678 21.59175134]
 [ 7.42428637  0.98890157 16.86863     7.08633623  0.62169678 21.59175134]
 [ 7.42428637  0.98890157 16.86863     7.08633623  0.62169678 21.59175134]
 [ 7.42428637  0.98890157 16.86863     7.08633623  0.62169678 21.59175134]
 [ 7.42428637  0.98890157 16.86863     7.08633623  0.62169678 21.59175134]
 [ 7.42428637  0.98890157 16.86863     7.08633623  0.62169678 21.59175134]
 [ 7.42428637  0.98890157 16.86863     7.08633623  0.62169678 21.59175134]
 [ 7.42428637  0.98890157 16.86863     7.08633623  0.62169678 21.59175134]
 [ 7.42428637  0.98890157 16.86863     7.08633623  0.62169678 21.59175134]
 [ 7.42428637  0.98890157 16.86863     7.08633623  0.62169678 21.59175134]
 [ 7.42428637  0.98890157 16.86863     7.08633623  0.62169678 21.59175134]
 [ 7.42428637  0.98890157 16.86863     7.08633623  0.62169678 21.59175134]
 [ 7.42428637  0.98890157 16.86863     7.08633623  0.62169678 21.59175134]
 [ 7.42428637  0.98890157 16.86863     7.08633623  0.62169678 21.59175134]
 [ 7.42428637  0.98890157 16.86863     7.08633623  0.62169678 21.59175134]
 [ 7.42428637  0.98890157 16.86863     7.08633623  0.62169678 21.59175134]
 [ 7.42428637  0.98890157 16.86863     7.08633623  0.62169678 21.59175134]
 [ 7.42428637  0.98890157 16.86863     7.08633623  0.62169678 21.59175134]
 [ 7.42428637  0.98890157 16.86863     7.08633623  0.62169678 21.59175134]
 [ 7.42428637  0.98890157 16.86863     7.08633623  0.62169678 21.59175134]]"
3,4,"[[ 413.18310443 -259.725768    421.0218869  -295.69813726 -288.62863131
   415.25999202]
 [ 382.24109934  196.92734106 -297.06252315  437.6180144   440.16200315
   421.43943025]
 [ 431.58401715  198.67786628 -259.39300218 -294.19301969  440.95817169
   422.08614339]
 [ 404.30976492 -301.60250666 -259.17696076 -273.75082427  439.94771253
   421.65580434]
 [ 453.67461806 -275.7853932   204.6384761   444.43257283  438.89920821
   446.7621612 ]
 [ 406.5583089  -261.22350458  456.67254743  440.03936781 -302.81805381
  -311.89443814]
 [ 412.77460152 -274.81250087 -292.99013527  419.99063463 -115.20928304
   455.55448106]
 [ 201.76020064  417.28008923  417.56184711  479.9467442  -288.73898026
   442.95032101]
 [ 432.69242361 -258.61308042  385.59748876 -302.32305     378.95952644
   424.1883735 ]
 [ 418.60285193 -275.12724871  465.09021388  422.97603855  440.43404638
  -258.44209584]
 [ 195.65358837  421.30767527 -324.59352057  441.85950054  440.07563905
  -344.79519196]
 [ 176.84316017  417.28008923  417.56184711 -298.79734066   85.31495451
   424.08953483]
 [ 407.83628207  198.21259431  443.14711738 -292.3726209  -302.68549588
  -339.46414036]
 [ 415.23118163  199.80318462  475.03737245 -298.39068759  438.78603111
  -292.24464995]
 [ 418.2263256  -259.46630842  368.05873952 -280.78828026  440.99632004
   415.4329842 ]
 [ 145.86842552  419.44113754  425.04250158 -337.60444415  439.96565566
   442.56721087]
 [ 477.7546414   417.14247626  192.73309474 -287.05709649  440.79120203
   395.77161298]
 [ 473.83963798  423.83910414  435.14197976  450.06521932  440.37754462
   359.88379313]
 [ 410.75728039  198.68359908  449.21644558  -37.37888444 -289.73073728
   431.58203637]
 [ 425.41627198 -269.6981844   142.46847426  436.36345692  439.66713343
  -302.67771416]
 [ 231.70692415 -261.4792341   444.69320173 -308.32714392 -288.80630517
   419.79874027]
 [ 443.56693625 -261.13299668 -352.87604425 -311.46803819  438.89421873
   409.48438355]
 [ 425.18010089  424.51072778  393.26389996 -253.6726724   440.1893305
   351.16451649]
 [ 399.68438889 -274.79604785  -29.53366568  446.08819641  439.11999844
  -278.54608111]
 [ 450.12829359  199.53205427  471.86782385  455.63859571 -288.96327152
   397.59805306]
 [ 429.60680358 -276.08451718  -15.98214959  417.43290671  192.91288458
  -307.14181801]
 [ 239.41323528  199.98052054 -305.42788388 -301.72323464  439.42134928
   451.17224705]
 [ 478.23910168  197.63446605 -346.85552374  412.72000868  438.66019048
   426.49029819]
 [ 417.68646477  199.31636423  239.46291695 -271.38947711 -302.66152207
   400.80185349]
 [ 447.75237969  197.94522238  366.37926454  442.17130919 -289.59422428
   458.75419442]
 [ 421.69345218 -355.88354666  218.22889074 -287.78491158  439.71948724
   385.45006019]
 [ 200.42147375 -269.11417481  457.68878758 -297.03725147  440.32244109
   463.32548027]
 [ 132.91735633  419.73305634  410.4932748  -285.83059078  440.2624346
   372.06256378]
 [ 447.03126571  199.59165722  220.03582209  -35.59306201  440.73453902
   420.71175945]
 [ 192.67529498 -261.22350458  444.69320173 -263.27143682 -302.81805381
   413.67375004]
 [ 438.36113278  145.72070644  206.58413111 -294.35294379 -304.13222523
   404.62885596]
 [ 423.24104659  199.73000099  169.61762187 -286.35155207 -302.94283962
   379.92953805]
 [ 449.67859295  198.68221393  426.17216243  425.58653607 -289.12527856
  -226.25354592]
 [ 176.84316017 -267.98203575  366.37926454 -298.79734066  440.43404638
   424.08953483]
 [ 474.37158656 -276.81500765   29.90454795  417.33168115  439.17735415
   403.12337478]]","[-1919.59846328 -1915.53065006 -1783.58747106 -1780.20755289
 -1773.37851637 -1737.22839385 -1714.58908546 -1712.03120459
 -1706.73301802 -1705.20289935 -1686.2881062  -1685.47013694
 -1681.45279866 -1672.06632632 -1667.69035114 -1656.55594821
 -1650.48253263 -1647.4263913  -1616.86940621 -1574.33784987
 -1566.43806572 -1564.09284151 -1550.4469005  -1546.06978173
 -1544.08900495 -1541.51299538 -1539.7421878  -1538.41732041
 -1530.07089683 -1524.86428978 -1509.82719357 -1507.79243497
 -1506.65299835 -1503.98237644 -1493.44339173 -1491.12569317
 -1489.36485373 -1486.79783613 -1476.48507426 -1474.07439138]","[[ 20.22935674   0.98339863  69.28188873  18.86394981   0.49019393
  100.3302294 ]
 [ 20.22935674   0.98339863  69.28188873  18.86394981   0.49019393
  100.3302294 ]
 [ 20.22935674   0.98339863  69.28188873  18.86394981   0.49019393
  100.3302294 ]
 [ 20.22935674   0.98339863  69.28188873  18.86394981   0.49019393
  100.3302294 ]
 [ 20.22935674   0.98339863  69.28188873  18.86394981   0.49019393
  100.3302294 ]
 [ 20.22935674   0.98339863  69.28188873  18.86394981   0.49019393
  100.3302294 ]
 [ 20.22935674   0.98339863  69.28188873  18.86394981   0.49019393
  100.3302294 ]
 [ 20.22935674   0.98339863  69.28188873  18.86394981   0.49019393
  100.3302294 ]
 [ 20.22935674   0.98339863  69.28188873  18.86394981   0.49019393
  100.3302294 ]
 [ 20.22935674   0.98339863  69.28188873  18.86394981   0.49019393
  100.3302294 ]
 [ 20.22935674   0.98339863  69.28188873  18.86394981   0.49019393
  100.3302294 ]
 [ 20.22935674   0.98339863  69.28188873  18.86394981   0.49019393
  100.3302294 ]
 [ 20.22935674   0.98339863  69.28188873  18.86394981   0.49019393
  100.3302294 ]
 [ 20.22935674   0.98339863  69.28188873  18.86394981   0.49019393
  100.3302294 ]
 [ 20.22935674   0.98339863  69.28188873  18.86394981   0.49019393
  100.3302294 ]
 [ 20.22935674   0.98339863  69.28188873  18.86394981   0.49019393
  100.3302294 ]
 [ 20.22935674   0.98339863  69.28188873  18.86394981   0.49019393
  100.3302294 ]
 [ 20.22935674   0.98339863  69.28188873  18.86394981   0.49019393
  100.3302294 ]
 [ 20.22935674   0.98339863  69.28188873  18.86394981   0.49019393
  100.3302294 ]
 [ 20.22935674   0.98339863  69.28188873  18.86394981   0.49019393
  100.3302294 ]
 [ 20.22935674   0.98339863  69.28188873  18.86394981   0.49019393
  100.3302294 ]
 [ 20.22935674   0.98339863  69.28188873  18.86394981   0.49019393
  100.3302294 ]
 [ 20.22935674   0.98339863  69.28188873  18.86394981   0.49019393
  100.3302294 ]
 [ 20.22935674   0.98339863  69.28188873  18.86394981   0.49019393
  100.3302294 ]
 [ 20.22935674   0.98339863  69.28188873  18.86394981   0.49019393
  100.3302294 ]
 [ 20.22935674   0.98339863  69.28188873  18.86394981   0.49019393
  100.3302294 ]
 [ 20.22935674   0.98339863  69.28188873  18.86394981   0.49019393
  100.3302294 ]
 [ 20.22935674   0.98339863  69.28188873  18.86394981   0.49019393
  100.3302294 ]
 [ 20.22935674   0.98339863  69.28188873  18.86394981   0.49019393
  100.3302294 ]
 [ 20.22935674   0.98339863  69.28188873  18.86394981   0.49019393
  100.3302294 ]
 [ 20.22935674   0.98339863  69.28188873  18.86394981   0.49019393
  100.3302294 ]
 [ 20.22935674   0.98339863  69.28188873  18.86394981   0.49019393
  100.3302294 ]
 [ 20.22935674   0.98339863  69.28188873  18.86394981   0.49019393
  100.3302294 ]
 [ 20.22935674   0.98339863  69.28188873  18.86394981   0.49019393
  100.3302294 ]
 [ 20.22935674   0.98339863  69.28188873  18.86394981   0.49019393
  100.3302294 ]
 [ 20.22935674   0.98339863  69.28188873  18.86394981   0.49019393
  100.3302294 ]
 [ 20.22935674   0.98339863  69.28188873  18.86394981   0.49019393
  100.3302294 ]
 [ 20.22935674   0.98339863  69.28188873  18.86394981   0.49019393
  100.3302294 ]
 [ 20.22935674   0.98339863  69.28188873  18.86394981   0.49019393
  100.3302294 ]
 [ 20.22935674   0.98339863  69.28188873  18.86394981   0.49019393
  100.3302294 ]]"
4,5,"[[ 449.67859295  417.14247626  426.17216243  425.58653607  440.79120203
   395.77161298]
 [ 453.67461806  419.73305634  410.4932748   444.43257283  440.2624346
   446.7621612 ]
 [ 404.30976492 -301.60250666 -297.06252315  437.6180144   440.16200315
   421.65580434]
 [ 447.03126571  419.44113754  425.04250158 -337.60444415  439.96565566
   420.71175945]
 [ 412.77460152  417.14247626 -292.99013527 -287.05709649  440.79120203
   395.77161298]
 [ 410.75728039  196.92734106  449.21644558  437.6180144   440.16200315
   421.43943025]
 [ 407.83628207  198.21259431  443.14711738  412.72000868 -302.68549588
   426.49029819]
 [ 404.30976492 -301.60250666  421.0218869  -273.75082427 -288.62863131
   421.65580434]
 [ 201.76020064  417.28008923  417.56184711 -298.39068759  438.78603111
  -292.24464995]
 [ 410.75728039  423.83910414  435.14197976  -37.37888444  440.37754462
   431.58203637]
 [ 404.30976492 -259.725768    421.0218869  -295.69813726  439.94771253
   421.65580434]
 [ 201.76020064  417.28008923  417.56184711 -280.78828026 -288.73898026
   415.4329842 ]
 [ 432.69242361 -275.7853932   385.59748876  444.43257283  438.89920821
   446.7621612 ]
 [ 432.69242361 -276.81500765  385.59748876  417.33168115  378.95952644
   424.1883735 ]
 [ 404.30976492 -301.60250666  366.37926454  442.17130919  439.94771253
   421.65580434]
 [ 453.67461806  423.83910414  204.6384761   450.06521932  438.89920821
   446.7621612 ]
 [ 415.23118163 -259.725768    421.0218869  -298.39068759 -288.62863131
   415.25999202]
 [ 176.84316017 -301.60250666  417.56184711 -298.79734066  439.94771253
   424.08953483]
 [ 429.60680358  417.14247626  -15.98214959  417.43290671  440.79120203
  -307.14181801]
 [ 382.24109934  196.92734106 -297.06252315  437.6180144   440.16200315
   421.43943025]
 [ 382.24109934  196.92734106 -297.06252315  437.6180144   440.16200315
   421.43943025]
 [ 382.24109934  196.92734106 -297.06252315  437.6180144   440.16200315
   421.43943025]
 [ 382.24109934  196.92734106 -297.06252315  437.6180144   440.16200315
   421.43943025]
 [ 450.12829359  199.53205427  435.14197976  455.63859571  440.37754462
   397.59805306]
 [ 425.41627198 -275.7853932   204.6384761   436.36345692  439.66713343
  -302.67771416]
 [ 382.24109934  196.92734106  444.69320173  437.6180144  -302.81805381
   421.43943025]
 [ 413.18310443  196.92734106 -297.06252315 -295.69813726 -288.62863131
   421.43943025]
 [ 477.7546414   419.44113754  425.04250158 -287.05709649  440.79120203
   395.77161298]
 [ 415.23118163 -274.81250087 -292.99013527 -298.39068759  438.78603111
  -292.24464995]
 [ 477.7546414   417.14247626  410.4932748  -285.83059078  440.79120203
   395.77161298]
 [ 415.23118163  417.14247626  475.03737245 -287.05709649  438.78603111
  -292.24464995]
 [ 407.83628207 -261.22350458  444.69320173 -292.3726209  -302.68549588
   413.67375004]
 [ 176.84316017  417.28008923  417.56184711  417.43290671  192.91288458
  -307.14181801]
 [ 429.60680358 -276.08451718  -15.98214959  417.43290671  439.94771253
   421.65580434]
 [ 407.83628207  198.21259431  426.17216243  425.58653607 -289.12527856
  -339.46414036]
 [ 438.36113278 -301.60250666 -259.17696076 -294.35294379  439.94771253
   404.62885596]
 [ 406.5583089  -275.7853932   204.6384761   444.43257283  438.89920821
  -311.89443814]
 [ 176.84316017  198.68221393  426.17216243 -298.79734066  440.43404638
   424.08953483]
 [ 404.30976492  417.14247626 -259.17696076 -273.75082427  440.79120203
   395.77161298]
 [ 432.69242361  199.53205427  385.59748876 -302.32305     378.95952644
   424.1883735 ]]","[-2279.19451139 -2173.59899398 -2158.08854498 -2118.30313937
 -2100.06397451 -2099.15369839 -2079.41442713 -2003.004858
 -2001.0983182  -2000.70999744 -1994.34078134 -1971.59319643
 -1957.11044744 -1951.01836241 -1946.38755996 -1940.09658314
 -1926.76734249 -1926.68782579 -1924.02022028 -1915.53065006
 -1915.53065006 -1915.53065006 -1915.53065006 -1906.85769255
 -1899.17578656 -1895.55435711 -1894.26709126 -1882.38568379
 -1878.96881273 -1864.46882121 -1862.02099864 -1861.96868783
 -1855.23642486 -1849.58583581 -1845.47457016 -1832.47645886
 -1829.77125941 -1820.5039489  -1816.16778174 -1811.89273124]","[[5.51200282e+01 9.77926314e-01 2.84550678e+02 5.02161612e+01
  3.86506884e-01 4.66203726e+02]
 [5.51200282e+01 9.77926314e-01 2.84550678e+02 5.02161612e+01
  3.86506884e-01 4.66203726e+02]
 [5.51200282e+01 9.77926314e-01 2.84550678e+02 5.02161612e+01
  3.86506884e-01 4.66203726e+02]
 [5.51200282e+01 9.77926314e-01 2.84550678e+02 5.02161612e+01
  3.86506884e-01 4.66203726e+02]
 [5.51200282e+01 9.77926314e-01 2.84550678e+02 5.02161612e+01
  3.86506884e-01 4.66203726e+02]
 [5.51200282e+01 9.77926314e-01 2.84550678e+02 5.02161612e+01
  3.86506884e-01 4.66203726e+02]
 [5.51200282e+01 9.77926314e-01 2.84550678e+02 5.02161612e+01
  3.86506884e-01 4.66203726e+02]
 [5.51200282e+01 9.77926314e-01 2.84550678e+02 5.02161612e+01
  3.86506884e-01 4.66203726e+02]
 [5.51200282e+01 9.77926314e-01 2.84550678e+02 5.02161612e+01
  3.86506884e-01 4.66203726e+02]
 [5.51200282e+01 9.77926314e-01 2.84550678e+02 5.02161612e+01
  3.86506884e-01 4.66203726e+02]
 [5.51200282e+01 9.77926314e-01 2.84550678e+02 5.02161612e+01
  3.86506884e-01 4.66203726e+02]
 [5.51200282e+01 9.77926314e-01 2.84550678e+02 5.02161612e+01
  3.86506884e-01 4.66203726e+02]
 [5.51200282e+01 9.77926314e-01 2.84550678e+02 5.02161612e+01
  3.86506884e-01 4.66203726e+02]
 [5.51200282e+01 9.77926314e-01 2.84550678e+02 5.02161612e+01
  3.86506884e-01 4.66203726e+02]
 [5.51200282e+01 9.77926314e-01 2.84550678e+02 5.02161612e+01
  3.86506884e-01 4.66203726e+02]
 [5.51200282e+01 9.77926314e-01 2.84550678e+02 5.02161612e+01
  3.86506884e-01 4.66203726e+02]
 [5.51200282e+01 9.77926314e-01 2.84550678e+02 5.02161612e+01
  3.86506884e-01 4.66203726e+02]
 [5.51200282e+01 9.77926314e-01 2.84550678e+02 5.02161612e+01
  3.86506884e-01 4.66203726e+02]
 [5.51200282e+01 9.77926314e-01 2.84550678e+02 5.02161612e+01
  3.86506884e-01 4.66203726e+02]
 [5.51200282e+01 9.77926314e-01 2.84550678e+02 5.02161612e+01
  3.86506884e-01 4.66203726e+02]
 [5.51200282e+01 9.77926314e-01 2.84550678e+02 5.02161612e+01
  3.86506884e-01 4.66203726e+02]
 [5.51200282e+01 9.77926314e-01 2.84550678e+02 5.02161612e+01
  3.86506884e-01 4.66203726e+02]
 [5.51200282e+01 9.77926314e-01 2.84550678e+02 5.02161612e+01
  3.86506884e-01 4.66203726e+02]
 [5.51200282e+01 9.77926314e-01 2.84550678e+02 5.02161612e+01
  3.86506884e-01 4.66203726e+02]
 [5.51200282e+01 9.77926314e-01 2.84550678e+02 5.02161612e+01
  3.86506884e-01 4.66203726e+02]
 [5.51200282e+01 9.77926314e-01 2.84550678e+02 5.02161612e+01
  3.86506884e-01 4.66203726e+02]
 [5.51200282e+01 9.77926314e-01 2.84550678e+02 5.02161612e+01
  3.86506884e-01 4.66203726e+02]
 [5.51200282e+01 9.77926314e-01 2.84550678e+02 5.02161612e+01
  3.86506884e-01 4.66203726e+02]
 [5.51200282e+01 9.77926314e-01 2.84550678e+02 5.02161612e+01
  3.86506884e-01 4.66203726e+02]
 [5.51200282e+01 9.77926314e-01 2.84550678e+02 5.02161612e+01
  3.86506884e-01 4.66203726e+02]
 [5.51200282e+01 9.77926314e-01 2.84550678e+02 5.02161612e+01
  3.86506884e-01 4.66203726e+02]
 [5.51200282e+01 9.77926314e-01 2.84550678e+02 5.02161612e+01
  3.86506884e-01 4.66203726e+02]
 [5.51200282e+01 9.77926314e-01 2.84550678e+02 5.02161612e+01
  3.86506884e-01 4.66203726e+02]
 [5.51200282e+01 9.77926314e-01 2.84550678e+02 5.02161612e+01
  3.86506884e-01 4.66203726e+02]
 [5.51200282e+01 9.77926314e-01 2.84550678e+02 5.02161612e+01
  3.86506884e-01 4.66203726e+02]
 [5.51200282e+01 9.77926314e-01 2.84550678e+02 5.02161612e+01
  3.86506884e-01 4.66203726e+02]
 [5.51200282e+01 9.77926314e-01 2.84550678e+02 5.02161612e+01
  3.86506884e-01 4.66203726e+02]
 [5.51200282e+01 9.77926314e-01 2.84550678e+02 5.02161612e+01
  3.86506884e-01 4.66203726e+02]
 [5.51200282e+01 9.77926314e-01 2.84550678e+02 5.02161612e+01
  3.86506884e-01 4.66203726e+02]
 [5.51200282e+01 9.77926314e-01 2.84550678e+02 5.02161612e+01
  3.86506884e-01 4.66203726e+02]]"
5,6,"[[ 447.03126571  419.44113754  425.04250158  417.43290671  439.96565566
   420.71175945]
 [ 447.03126571  417.28008923  417.56184711  417.43290671  439.96565566
   420.71175945]
 [ 404.30976492  419.73305634  410.4932748   444.43257283  439.94771253
   421.65580434]
 [ 407.83628207  423.83910414  435.14197976  412.72000868 -302.68549588
   426.49029819]
 [ 412.77460152  417.14247626 -292.99013527  417.43290671  439.94771253
   421.65580434]
 [ 449.67859295  417.14247626  426.17216243  437.6180144   440.79120203
   421.43943025]
 [ 410.75728039  419.44113754  449.21644558  437.6180144   440.16200315
   421.43943025]
 [ 404.30976492  419.44113754  425.04250158 -295.69813726  439.94771253
   421.65580434]
 [ 407.83628207  419.73305634  443.14711738  412.72000868  440.2624346
   446.7621612 ]
 [ 412.77460152  417.14247626 -292.99013527  437.6180144   440.79120203
   421.43943025]
 [ 382.24109934  417.14247626  426.17216243  425.58653607  440.79120203
   421.43943025]
 [ 404.30976492  419.73305634  410.4932748   444.43257283  440.2624346
   395.77161298]
 [ 410.75728039  417.28008923  417.56184711  417.43290671  192.91288458
   431.58203637]
 [ 410.75728039  417.14247626  449.21644558  437.6180144   440.79120203
   395.77161298]
 [ 410.75728039  417.28008923  435.14197976 -280.78828026  440.37754462
   431.58203637]
 [ 447.03126571 -301.60250666  425.04250158  437.6180144   440.16200315
   420.71175945]
 [ 438.36113278  417.14247626  410.4932748  -285.83059078  440.79120203
   404.62885596]
 [ 407.83628207  198.21259431  425.04250158  425.58653607  439.96565566
   420.71175945]
 [ 382.24109934  423.83910414  435.14197976  437.6180144   440.37754462
   431.58203637]
 [ 407.83628207  196.92734106  426.17216243  425.58653607  440.16200315
   421.43943025]
 [ 415.23118163  417.14247626  417.56184711 -298.39068759  438.78603111
  -292.24464995]
 [ 412.77460152  417.14247626  410.4932748  -287.05709649  440.2624346
   446.7621612 ]
 [ 429.60680358  199.53205427  435.14197976  417.43290671  439.94771253
   421.65580434]
 [ 410.75728039 -301.60250666  417.56184711 -298.79734066  440.37754462
   424.08953483]
 [ 412.77460152  417.14247626  410.4932748  -285.83059078  440.79120203
   395.77161298]
 [ 404.30976492  417.14247626 -297.06252315  437.6180144   440.16200315
   395.77161298]
 [ 410.75728039  196.92734106  417.56184711  437.6180144   440.16200315
   424.08953483]
 [ 415.23118163  419.44113754  425.04250158 -337.60444415  439.96565566
   415.25999202]
 [ 201.76020064  417.28008923  417.56184711  442.17130919  439.94771253
   415.4329842 ]
 [ 415.23118163  417.14247626  417.56184711 -287.05709649  438.78603111
  -292.24464995]
 [ 404.30976492 -301.60250666 -297.06252315  412.72000868  440.16200315
   421.65580434]
 [ 412.77460152 -301.60250666 -297.06252315  437.6180144   440.16200315
   421.65580434]
 [ 438.36113278 -301.60250666  449.21644558  437.6180144   439.94771253
   421.43943025]
 [ 201.76020064  419.73305634  417.56184711  444.43257283  440.2624346
   415.4329842 ]
 [ 410.75728039  417.14247626 -292.99013527 -287.05709649  440.16200315
   421.43943025]
 [ 415.23118163  423.83910414  435.14197976 -287.05709649  438.78603111
  -292.24464995]
 [ 404.30976492 -301.60250666 -297.06252315  437.6180144   440.16200315
   421.43943025]
 [ 404.30976492 -301.60250666 -297.06252315  437.6180144   440.37754462
   421.65580434]
 [ 406.5583089   417.14247626  204.6384761   425.58653607  438.89920821
   395.77161298]
 [ 412.77460152  417.14247626 -292.99013527 -298.39068759  438.78603111
   395.77161298]]","[-2381.1498677  -2380.36464079 -2352.43684407 -2335.34179154
 -2327.20979934 -2323.91718561 -2321.9807885  -2307.87058487
 -2294.1199756  -2290.07174457 -2284.59991429 -2274.23556042
 -2249.9539463  -2240.66418005 -2237.12783533 -2228.82891631
 -2225.73875341 -2221.47313183 -2219.39030096 -2217.19422757
 -2214.50668464 -2213.44426514 -2213.18144553 -2212.42692715
 -2211.42028885 -2198.07196631 -2194.34670017 -2193.7946445
 -2188.2895775  -2187.12454586 -2184.2804301  -2183.97550741
 -2179.91929523 -2176.04211371 -2175.21186057 -2164.15656691
 -2158.12016421 -2157.06541312 -2149.37066457 -2136.74043026]","[[1.50188538e+02 9.72484450e-01 1.16869055e+03 1.33676291e+02
  3.04751984e-01 2.16630537e+03]
 [1.50188538e+02 9.72484450e-01 1.16869055e+03 1.33676291e+02
  3.04751984e-01 2.16630537e+03]
 [1.50188538e+02 9.72484450e-01 1.16869055e+03 1.33676291e+02
  3.04751984e-01 2.16630537e+03]
 [1.50188538e+02 9.72484450e-01 1.16869055e+03 1.33676291e+02
  3.04751984e-01 2.16630537e+03]
 [1.50188538e+02 9.72484450e-01 1.16869055e+03 1.33676291e+02
  3.04751984e-01 2.16630537e+03]
 [1.50188538e+02 9.72484450e-01 1.16869055e+03 1.33676291e+02
  3.04751984e-01 2.16630537e+03]
 [1.50188538e+02 9.72484450e-01 1.16869055e+03 1.33676291e+02
  3.04751984e-01 2.16630537e+03]
 [1.50188538e+02 9.72484450e-01 1.16869055e+03 1.33676291e+02
  3.04751984e-01 2.16630537e+03]
 [1.50188538e+02 9.72484450e-01 1.16869055e+03 1.33676291e+02
  3.04751984e-01 2.16630537e+03]
 [1.50188538e+02 9.72484450e-01 1.16869055e+03 1.33676291e+02
  3.04751984e-01 2.16630537e+03]
 [1.50188538e+02 9.72484450e-01 1.16869055e+03 1.33676291e+02
  3.04751984e-01 2.16630537e+03]
 [1.50188538e+02 9.72484450e-01 1.16869055e+03 1.33676291e+02
  3.04751984e-01 2.16630537e+03]
 [1.50188538e+02 9.72484450e-01 1.16869055e+03 1.33676291e+02
  3.04751984e-01 2.16630537e+03]
 [1.50188538e+02 9.72484450e-01 1.16869055e+03 1.33676291e+02
  3.04751984e-01 2.16630537e+03]
 [1.50188538e+02 9.72484450e-01 1.16869055e+03 1.33676291e+02
  3.04751984e-01 2.16630537e+03]
 [1.50188538e+02 9.72484450e-01 1.16869055e+03 1.33676291e+02
  3.04751984e-01 2.16630537e+03]
 [1.50188538e+02 9.72484450e-01 1.16869055e+03 1.33676291e+02
  3.04751984e-01 2.16630537e+03]
 [1.50188538e+02 9.72484450e-01 1.16869055e+03 1.33676291e+02
  3.04751984e-01 2.16630537e+03]
 [1.50188538e+02 9.72484450e-01 1.16869055e+03 1.33676291e+02
  3.04751984e-01 2.16630537e+03]
 [1.50188538e+02 9.72484450e-01 1.16869055e+03 1.33676291e+02
  3.04751984e-01 2.16630537e+03]
 [1.50188538e+02 9.72484450e-01 1.16869055e+03 1.33676291e+02
  3.04751984e-01 2.16630537e+03]
 [1.50188538e+02 9.72484450e-01 1.16869055e+03 1.33676291e+02
  3.04751984e-01 2.16630537e+03]
 [1.50188538e+02 9.72484450e-01 1.16869055e+03 1.33676291e+02
  3.04751984e-01 2.16630537e+03]
 [1.50188538e+02 9.72484450e-01 1.16869055e+03 1.33676291e+02
  3.04751984e-01 2.16630537e+03]
 [1.50188538e+02 9.72484450e-01 1.16869055e+03 1.33676291e+02
  3.04751984e-01 2.16630537e+03]
 [1.50188538e+02 9.72484450e-01 1.16869055e+03 1.33676291e+02
  3.04751984e-01 2.16630537e+03]
 [1.50188538e+02 9.72484450e-01 1.16869055e+03 1.33676291e+02
  3.04751984e-01 2.16630537e+03]
 [1.50188538e+02 9.72484450e-01 1.16869055e+03 1.33676291e+02
  3.04751984e-01 2.16630537e+03]
 [1.50188538e+02 9.72484450e-01 1.16869055e+03 1.33676291e+02
  3.04751984e-01 2.16630537e+03]
 [1.50188538e+02 9.72484450e-01 1.16869055e+03 1.33676291e+02
  3.04751984e-01 2.16630537e+03]
 [1.50188538e+02 9.72484450e-01 1.16869055e+03 1.33676291e+02
  3.04751984e-01 2.16630537e+03]
 [1.50188538e+02 9.72484450e-01 1.16869055e+03 1.33676291e+02
  3.04751984e-01 2.16630537e+03]
 [1.50188538e+02 9.72484450e-01 1.16869055e+03 1.33676291e+02
  3.04751984e-01 2.16630537e+03]
 [1.50188538e+02 9.72484450e-01 1.16869055e+03 1.33676291e+02
  3.04751984e-01 2.16630537e+03]
 [1.50188538e+02 9.72484450e-01 1.16869055e+03 1.33676291e+02
  3.04751984e-01 2.16630537e+03]
 [1.50188538e+02 9.72484450e-01 1.16869055e+03 1.33676291e+02
  3.04751984e-01 2.16630537e+03]
 [1.50188538e+02 9.72484450e-01 1.16869055e+03 1.33676291e+02
  3.04751984e-01 2.16630537e+03]
 [1.50188538e+02 9.72484450e-01 1.16869055e+03 1.33676291e+02
  3.04751984e-01 2.16630537e+03]
 [1.50188538e+02 9.72484450e-01 1.16869055e+03 1.33676291e+02
  3.04751984e-01 2.16630537e+03]
 [1.50188538e+02 9.72484450e-01 1.16869055e+03 1.33676291e+02
  3.04751984e-01 2.16630537e+03]]"
6,7,"[[ 415.23118163  417.28008923  417.56184711  417.43290671  439.96565566
   420.71175945]
 [ 410.75728039  417.28008923  417.56184711  417.43290671  439.96565566
   420.71175945]
 [ 410.75728039  419.44113754  425.04250158  417.43290671  440.16200315
   420.71175945]
 [ 410.75728039  423.83910414  417.56184711  417.43290671  438.78603111
   431.58203637]
 [ 410.75728039  417.14247626  426.17216243  425.58653607  440.79120203
   424.08953483]
 [ 412.77460152  417.14247626  410.4932748   425.58653607  440.16200315
   421.43943025]
 [ 410.75728039  419.44113754  425.04250158  417.43290671  439.94771253
   431.58203637]
 [ 410.75728039  417.28008923  417.56184711  417.43290671  440.16200315
   431.58203637]
 [ 410.75728039  417.14247626  417.56184711  417.43290671  440.79120203
   431.58203637]
 [ 415.23118163  417.14247626  435.14197976  412.72000868  438.78603111
   426.49029819]
 [ 429.60680358  423.83910414  435.14197976  412.72000868  439.94771253
   426.49029819]
 [ 410.75728039  419.44113754  417.56184711  437.6180144   440.16200315
   421.43943025]
 [ 410.75728039  417.14247626  426.17216243  437.6180144   440.16200315
   421.43943025]
 [ 407.83628207  423.83910414  435.14197976  412.72000868  440.79120203
   426.49029819]
 [ 404.30976492  417.28008923  417.56184711  437.6180144   439.94771253
   421.65580434]
 [ 412.77460152  417.14247626  435.14197976  437.6180144   440.79120203
   421.43943025]
 [ 410.75728039  417.28008923  435.14197976  437.6180144   440.16200315
   421.65580434]
 [ 447.03126571  419.44113754  425.04250158  417.43290671  439.96565566
   420.71175945]
 [ 447.03126571  417.14247626  417.56184711  417.43290671  439.94771253
   420.71175945]
 [ 415.23118163  419.73305634  410.4932748   444.43257283  439.96565566
   415.25999202]
 [ 438.36113278  417.28008923  410.4932748   417.43290671  440.79120203
   404.62885596]
 [ 407.83628207  417.14247626  425.04250158  425.58653607  438.78603111
   395.77161298]
 [ 404.30976492  419.73305634  425.04250158  444.43257283  439.94771253
   421.65580434]
 [ 404.30976492  419.73305634  443.14711738  412.72000868  440.2624346
   421.65580434]
 [ 404.30976492  419.73305634  410.4932748   444.43257283  439.94771253
   421.65580434]
 [ 412.77460152  417.14247626  435.14197976  417.43290671  439.94771253
   446.7621612 ]
 [ 447.03126571  417.14247626  425.04250158  437.6180144   439.96565566
   420.71175945]
 [ 447.03126571  417.14247626  425.04250158  437.6180144   440.16200315
   420.71175945]
 [ 447.03126571  417.14247626  425.04250158  437.6180144   440.16200315
   421.43943025]
 [ 447.03126571  417.14247626  425.04250158  437.6180144   440.16200315
   421.43943025]
 [ 415.23118163  419.44113754  425.04250158 -298.39068759  438.78603111
   415.25999202]
 [ 447.03126571  417.14247626  425.04250158  437.6180144   440.79120203
   420.71175945]
 [ 407.83628207  419.73305634  449.21644558  412.72000868  440.2624346
   421.43943025]
 [ 407.83628207  423.83910414  435.14197976  412.72000868 -302.68549588
   426.49029819]
 [ 412.77460152  417.14247626 -297.06252315  417.43290671  439.94771253
   421.65580434]
 [ 447.03126571  417.28008923  417.56184711  437.6180144   439.96565566
   431.58203637]
 [ 404.30976492  417.14247626  410.4932748   412.72000868  440.16200315
   395.77161298]
 [ 412.77460152  417.14247626 -292.99013527  417.43290671  438.78603111
   421.65580434]
 [ 415.23118163  417.14247626  426.17216243  425.58653607  438.78603111
  -292.24464995]
 [ 412.77460152  417.14247626  410.4932748   437.6180144   440.79120203
   395.77161298]]","[-2459.94433016 -2451.04543339 -2450.90797191 -2442.89001114
 -2442.67953802 -2441.22205982 -2437.73118828 -2435.93939794
 -2432.79274479 -2430.60279443 -2420.86099433 -2418.37564711
 -2414.8697537  -2404.78678885 -2396.66430542 -2394.65874216
 -2393.15408867 -2381.1498677  -2380.31849176 -2378.48220306
 -2377.02118633 -2369.32210065 -2364.05556999 -2363.26412638
 -2352.43684407 -2349.81111233 -2346.4543512  -2345.53166283
 -2345.51203555 -2345.51203555 -2342.97520401 -2342.51503378
 -2339.37322322 -2335.34179154 -2334.83129888 -2333.0348122
 -2332.74776791 -2332.48092382 -2330.45278327 -2329.42621617]","[[4.09226874e+02 9.67072867e-01 4.79998011e+03 3.55848602e+02
  2.40290085e-01 1.00661549e+04]
 [4.09226874e+02 9.67072867e-01 4.79998011e+03 3.55848602e+02
  2.40290085e-01 1.00661549e+04]
 [4.09226874e+02 9.67072867e-01 4.79998011e+03 3.55848602e+02
  2.40290085e-01 1.00661549e+04]
 [4.09226874e+02 9.67072867e-01 4.79998011e+03 3.55848602e+02
  2.40290085e-01 1.00661549e+04]
 [4.09226874e+02 9.67072867e-01 4.79998011e+03 3.55848602e+02
  2.40290085e-01 1.00661549e+04]
 [4.09226874e+02 9.67072867e-01 4.79998011e+03 3.55848602e+02
  2.40290085e-01 1.00661549e+04]
 [4.09226874e+02 9.67072867e-01 4.79998011e+03 3.55848602e+02
  2.40290085e-01 1.00661549e+04]
 [4.09226874e+02 9.67072867e-01 4.79998011e+03 3.55848602e+02
  2.40290085e-01 1.00661549e+04]
 [4.09226874e+02 9.67072867e-01 4.79998011e+03 3.55848602e+02
  2.40290085e-01 1.00661549e+04]
 [4.09226874e+02 9.67072867e-01 4.79998011e+03 3.55848602e+02
  2.40290085e-01 1.00661549e+04]
 [4.09226874e+02 9.67072867e-01 4.79998011e+03 3.55848602e+02
  2.40290085e-01 1.00661549e+04]
 [4.09226874e+02 9.67072867e-01 4.79998011e+03 3.55848602e+02
  2.40290085e-01 1.00661549e+04]
 [4.09226874e+02 9.67072867e-01 4.79998011e+03 3.55848602e+02
  2.40290085e-01 1.00661549e+04]
 [4.09226874e+02 9.67072867e-01 4.79998011e+03 3.55848602e+02
  2.40290085e-01 1.00661549e+04]
 [4.09226874e+02 9.67072867e-01 4.79998011e+03 3.55848602e+02
  2.40290085e-01 1.00661549e+04]
 [4.09226874e+02 9.67072867e-01 4.79998011e+03 3.55848602e+02
  2.40290085e-01 1.00661549e+04]
 [4.09226874e+02 9.67072867e-01 4.79998011e+03 3.55848602e+02
  2.40290085e-01 1.00661549e+04]
 [4.09226874e+02 9.67072867e-01 4.79998011e+03 3.55848602e+02
  2.40290085e-01 1.00661549e+04]
 [4.09226874e+02 9.67072867e-01 4.79998011e+03 3.55848602e+02
  2.40290085e-01 1.00661549e+04]
 [4.09226874e+02 9.67072867e-01 4.79998011e+03 3.55848602e+02
  2.40290085e-01 1.00661549e+04]
 [4.09226874e+02 9.67072867e-01 4.79998011e+03 3.55848602e+02
  2.40290085e-01 1.00661549e+04]
 [4.09226874e+02 9.67072867e-01 4.79998011e+03 3.55848602e+02
  2.40290085e-01 1.00661549e+04]
 [4.09226874e+02 9.67072867e-01 4.79998011e+03 3.55848602e+02
  2.40290085e-01 1.00661549e+04]
 [4.09226874e+02 9.67072867e-01 4.79998011e+03 3.55848602e+02
  2.40290085e-01 1.00661549e+04]
 [4.09226874e+02 9.67072867e-01 4.79998011e+03 3.55848602e+02
  2.40290085e-01 1.00661549e+04]
 [4.09226874e+02 9.67072867e-01 4.79998011e+03 3.55848602e+02
  2.40290085e-01 1.00661549e+04]
 [4.09226874e+02 9.67072867e-01 4.79998011e+03 3.55848602e+02
  2.40290085e-01 1.00661549e+04]
 [4.09226874e+02 9.67072867e-01 4.79998011e+03 3.55848602e+02
  2.40290085e-01 1.00661549e+04]
 [4.09226874e+02 9.67072867e-01 4.79998011e+03 3.55848602e+02
  2.40290085e-01 1.00661549e+04]
 [4.09226874e+02 9.67072867e-01 4.79998011e+03 3.55848602e+02
  2.40290085e-01 1.00661549e+04]
 [4.09226874e+02 9.67072867e-01 4.79998011e+03 3.55848602e+02
  2.40290085e-01 1.00661549e+04]
 [4.09226874e+02 9.67072867e-01 4.79998011e+03 3.55848602e+02
  2.40290085e-01 1.00661549e+04]
 [4.09226874e+02 9.67072867e-01 4.79998011e+03 3.55848602e+02
  2.40290085e-01 1.00661549e+04]
 [4.09226874e+02 9.67072867e-01 4.79998011e+03 3.55848602e+02
  2.40290085e-01 1.00661549e+04]
 [4.09226874e+02 9.67072867e-01 4.79998011e+03 3.55848602e+02
  2.40290085e-01 1.00661549e+04]
 [4.09226874e+02 9.67072867e-01 4.79998011e+03 3.55848602e+02
  2.40290085e-01 1.00661549e+04]
 [4.09226874e+02 9.67072867e-01 4.79998011e+03 3.55848602e+02
  2.40290085e-01 1.00661549e+04]
 [4.09226874e+02 9.67072867e-01 4.79998011e+03 3.55848602e+02
  2.40290085e-01 1.00661549e+04]
 [4.09226874e+02 9.67072867e-01 4.79998011e+03 3.55848602e+02
  2.40290085e-01 1.00661549e+04]
 [4.09226874e+02 9.67072867e-01 4.79998011e+03 3.55848602e+02
  2.40290085e-01 1.00661549e+04]]"
7,8,"[[415.23118163 417.14247626 417.56184711 417.43290671 438.78603111
  420.71175945]
 [415.23118163 419.44113754 425.04250158 417.43290671 438.78603111
  415.25999202]
 [415.23118163 419.44113754 417.56184711 417.43290671 440.16200315
  420.71175945]
 [415.23118163 417.14247626 417.56184711 417.43290671 439.96565566
  420.71175945]
 [415.23118163 419.44113754 425.04250158 417.43290671 440.16200315
  420.71175945]
 [415.23118163 417.14247626 417.56184711 425.58653607 440.16200315
  421.43943025]
 [410.75728039 423.83910414 417.56184711 417.43290671 438.78603111
  421.65580434]
 [410.75728039 417.28008923 417.56184711 417.43290671 438.78603111
  420.71175945]
 [412.77460152 417.14247626 417.56184711 417.43290671 439.94771253
  420.71175945]
 [412.77460152 417.14247626 425.04250158 417.43290671 439.96565566
  421.65580434]
 [412.77460152 417.14247626 426.17216243 417.43290671 439.94771253
  421.65580434]
 [410.75728039 419.44113754 425.04250158 417.43290671 439.96565566
  421.43943025]
 [410.75728039 417.28008923 417.56184711 417.43290671 439.94771253
  421.65580434]
 [410.75728039 417.14247626 417.56184711 417.43290671 439.94771253
  420.71175945]
 [410.75728039 417.28008923 417.56184711 417.43290671 439.96565566
  421.65580434]
 [410.75728039 419.44113754 425.04250158 417.43290671 440.16200315
  420.71175945]
 [410.75728039 419.44113754 425.04250158 417.43290671 440.16200315
  421.43943025]
 [410.75728039 417.14247626 417.56184711 425.58653607 439.96565566
  424.08953483]
 [410.75728039 417.14247626 426.17216243 425.58653607 440.16200315
  421.43943025]
 [410.75728039 417.14247626 426.17216243 425.58653607 439.94771253
  424.08953483]
 [407.83628207 417.14247626 425.04250158 425.58653607 438.78603111
  421.65580434]
 [410.75728039 419.44113754 425.04250158 412.72000868 439.94771253
  421.43943025]
 [429.60680358 423.83910414 417.56184711 412.72000868 439.94771253
  426.49029819]
 [429.60680358 423.83910414 417.56184711 412.72000868 440.16200315
  426.49029819]
 [412.77460152 419.73305634 410.4932748  425.58653607 440.16200315
  421.43943025]
 [410.75728039 417.28008923 417.56184711 417.43290671 438.78603111
  431.58203637]
 [410.75728039 417.14247626 417.56184711 417.43290671 438.78603111
  431.58203637]
 [407.83628207 417.28008923 425.04250158 417.43290671 439.96565566
  420.71175945]
 [412.77460152 417.14247626 410.4932748  425.58653607 440.16200315
  421.43943025]
 [412.77460152 417.14247626 410.4932748  425.58653607 440.16200315
  421.43943025]
 [412.77460152 417.14247626 410.4932748  425.58653607 440.16200315
  421.43943025]
 [412.77460152 417.14247626 410.4932748  425.58653607 440.16200315
  421.43943025]
 [412.77460152 417.14247626 410.4932748  425.58653607 440.16200315
  421.43943025]
 [412.77460152 417.14247626 410.4932748  425.58653607 440.16200315
  421.65580434]
 [410.75728039 423.83910414 410.4932748  417.43290671 438.78603111
  415.25999202]
 [410.75728039 419.73305634 410.4932748  417.43290671 439.96565566
  420.71175945]
 [410.75728039 423.83910414 426.17216243 425.58653607 438.78603111
  431.58203637]
 [410.75728039 417.14247626 426.17216243 412.72000868 440.79120203
  421.43943025]
 [410.75728039 423.83910414 417.56184711 417.43290671 439.96565566
  431.58203637]
 [410.75728039 423.83910414 417.56184711 417.43290671 439.96565566
  431.58203637]]","[-2465.16930562 -2461.99637238 -2460.44065267 -2459.81430606
 -2459.80686869 -2457.75377909 -2457.02211171 -2456.40043294
 -2455.61897176 -2454.85006621 -2453.61086683 -2451.81103301
 -2451.07806195 -2450.99928435 -2450.99418688 -2450.90797191
 -2450.88834464 -2448.57571387 -2446.89802389 -2446.70273051
 -2446.04142584 -2444.94031169 -2444.63192266 -2443.62535921
 -2442.87278062 -2442.21708586 -2442.08706177 -2441.98590821
 -2441.22205982 -2441.22205982 -2441.22205982 -2441.22205982
 -2441.22205982 -2441.19044059 -2440.73266407 -2440.31362018
 -2439.81494139 -2438.04500978 -2437.53501158 -2437.53501158]","[[1.11504271e+03 9.61691399e-01 1.97142084e+04 9.47275144e+02
  1.89463327e-01 4.67743268e+04]
 [1.11504271e+03 9.61691399e-01 1.97142084e+04 9.47275144e+02
  1.89463327e-01 4.67743268e+04]
 [1.11504271e+03 9.61691399e-01 1.97142084e+04 9.47275144e+02
  1.89463327e-01 4.67743268e+04]
 [1.11504271e+03 9.61691399e-01 1.97142084e+04 9.47275144e+02
  1.89463327e-01 4.67743268e+04]
 [1.11504271e+03 9.61691399e-01 1.97142084e+04 9.47275144e+02
  1.89463327e-01 4.67743268e+04]
 [1.11504271e+03 9.61691399e-01 1.97142084e+04 9.47275144e+02
  1.89463327e-01 4.67743268e+04]
 [1.11504271e+03 9.61691399e-01 1.97142084e+04 9.47275144e+02
  1.89463327e-01 4.67743268e+04]
 [1.11504271e+03 9.61691399e-01 1.97142084e+04 9.47275144e+02
  1.89463327e-01 4.67743268e+04]
 [1.11504271e+03 9.61691399e-01 1.97142084e+04 9.47275144e+02
  1.89463327e-01 4.67743268e+04]
 [1.11504271e+03 9.61691399e-01 1.97142084e+04 9.47275144e+02
  1.89463327e-01 4.67743268e+04]
 [1.11504271e+03 9.61691399e-01 1.97142084e+04 9.47275144e+02
  1.89463327e-01 4.67743268e+04]
 [1.11504271e+03 9.61691399e-01 1.97142084e+04 9.47275144e+02
  1.89463327e-01 4.67743268e+04]
 [1.11504271e+03 9.61691399e-01 1.97142084e+04 9.47275144e+02
  1.89463327e-01 4.67743268e+04]
 [1.11504271e+03 9.61691399e-01 1.97142084e+04 9.47275144e+02
  1.89463327e-01 4.67743268e+04]
 [1.11504271e+03 9.61691399e-01 1.97142084e+04 9.47275144e+02
  1.89463327e-01 4.67743268e+04]
 [1.11504271e+03 9.61691399e-01 1.97142084e+04 9.47275144e+02
  1.89463327e-01 4.67743268e+04]
 [1.11504271e+03 9.61691399e-01 1.97142084e+04 9.47275144e+02
  1.89463327e-01 4.67743268e+04]
 [1.11504271e+03 9.61691399e-01 1.97142084e+04 9.47275144e+02
  1.89463327e-01 4.67743268e+04]
 [1.11504271e+03 9.61691399e-01 1.97142084e+04 9.47275144e+02
  1.89463327e-01 4.67743268e+04]
 [1.11504271e+03 9.61691399e-01 1.97142084e+04 9.47275144e+02
  1.89463327e-01 4.67743268e+04]
 [1.11504271e+03 9.61691399e-01 1.97142084e+04 9.47275144e+02
  1.89463327e-01 4.67743268e+04]
 [1.11504271e+03 9.61691399e-01 1.97142084e+04 9.47275144e+02
  1.89463327e-01 4.67743268e+04]
 [1.11504271e+03 9.61691399e-01 1.97142084e+04 9.47275144e+02
  1.89463327e-01 4.67743268e+04]
 [1.11504271e+03 9.61691399e-01 1.97142084e+04 9.47275144e+02
  1.89463327e-01 4.67743268e+04]
 [1.11504271e+03 9.61691399e-01 1.97142084e+04 9.47275144e+02
  1.89463327e-01 4.67743268e+04]
 [1.11504271e+03 9.61691399e-01 1.97142084e+04 9.47275144e+02
  1.89463327e-01 4.67743268e+04]
 [1.11504271e+03 9.61691399e-01 1.97142084e+04 9.47275144e+02
  1.89463327e-01 4.67743268e+04]
 [1.11504271e+03 9.61691399e-01 1.97142084e+04 9.47275144e+02
  1.89463327e-01 4.67743268e+04]
 [1.11504271e+03 9.61691399e-01 1.97142084e+04 9.47275144e+02
  1.89463327e-01 4.67743268e+04]
 [1.11504271e+03 9.61691399e-01 1.97142084e+04 9.47275144e+02
  1.89463327e-01 4.67743268e+04]
 [1.11504271e+03 9.61691399e-01 1.97142084e+04 9.47275144e+02
  1.89463327e-01 4.67743268e+04]
 [1.11504271e+03 9.61691399e-01 1.97142084e+04 9.47275144e+02
  1.89463327e-01 4.67743268e+04]
 [1.11504271e+03 9.61691399e-01 1.97142084e+04 9.47275144e+02
  1.89463327e-01 4.67743268e+04]
 [1.11504271e+03 9.61691399e-01 1.97142084e+04 9.47275144e+02
  1.89463327e-01 4.67743268e+04]
 [1.11504271e+03 9.61691399e-01 1.97142084e+04 9.47275144e+02
  1.89463327e-01 4.67743268e+04]
 [1.11504271e+03 9.61691399e-01 1.97142084e+04 9.47275144e+02
  1.89463327e-01 4.67743268e+04]
 [1.11504271e+03 9.61691399e-01 1.97142084e+04 9.47275144e+02
  1.89463327e-01 4.67743268e+04]
 [1.11504271e+03 9.61691399e-01 1.97142084e+04 9.47275144e+02
  1.89463327e-01 4.67743268e+04]
 [1.11504271e+03 9.61691399e-01 1.97142084e+04 9.47275144e+02
  1.89463327e-01 4.67743268e+04]
 [1.11504271e+03 9.61691399e-01 1.97142084e+04 9.47275144e+02
  1.89463327e-01 4.67743268e+04]]"
8,9,"[[415.23118163 419.44113754 425.04250158 417.43290671 438.78603111
  420.71175945]
 [415.23118163 419.44113754 425.04250158 417.43290671 438.78603111
  421.43943025]
 [415.23118163 417.14247626 417.56184711 417.43290671 438.78603111
  420.71175945]
 [415.23118163 417.14247626 417.56184711 417.43290671 438.78603111
  420.71175945]
 [415.23118163 417.14247626 417.56184711 417.43290671 438.78603111
  421.43943025]
 [415.23118163 417.28008923 425.04250158 417.43290671 438.78603111
  420.71175945]
 [415.23118163 417.14247626 425.04250158 417.43290671 438.78603111
  420.71175945]
 [415.23118163 417.14247626 425.04250158 417.43290671 438.78603111
  421.43943025]
 [415.23118163 419.44113754 425.04250158 417.43290671 438.78603111
  415.25999202]
 [415.23118163 417.14247626 417.56184711 417.43290671 438.78603111
  415.25999202]
 [415.23118163 419.44113754 417.56184711 417.43290671 440.16200315
  420.71175945]
 [415.23118163 419.44113754 417.56184711 417.43290671 440.16200315
  420.71175945]
 [415.23118163 419.44113754 417.56184711 417.43290671 440.16200315
  420.71175945]
 [415.23118163 419.44113754 417.56184711 417.43290671 440.16200315
  420.71175945]
 [412.77460152 419.44113754 426.17216243 417.43290671 438.78603111
  421.65580434]
 [415.23118163 419.44113754 417.56184711 417.43290671 440.16200315
  421.43943025]
 [429.60680358 417.28008923 417.56184711 417.43290671 438.78603111
  420.71175945]
 [415.23118163 417.14247626 417.56184711 417.43290671 439.94771253
  420.71175945]
 [415.23118163 417.14247626 417.56184711 417.43290671 439.96565566
  420.71175945]
 [415.23118163 417.14247626 417.56184711 417.43290671 439.96565566
  420.71175945]
 [415.23118163 419.44113754 425.04250158 417.43290671 440.16200315
  420.71175945]
 [415.23118163 419.44113754 425.04250158 417.43290671 440.16200315
  420.71175945]
 [415.23118163 419.44113754 425.04250158 417.43290671 440.16200315
  420.71175945]
 [415.23118163 419.44113754 425.04250158 417.43290671 440.16200315
  420.71175945]
 [415.23118163 419.44113754 425.04250158 417.43290671 440.16200315
  421.43943025]
 [412.77460152 417.14247626 417.56184711 425.58653607 438.78603111
  421.43943025]
 [415.23118163 417.14247626 425.04250158 417.43290671 439.94771253
  420.71175945]
 [415.23118163 417.14247626 425.04250158 417.43290671 439.96565566
  420.71175945]
 [415.23118163 419.44113754 425.04250158 412.72000868 438.78603111
  420.71175945]
 [412.77460152 417.14247626 425.04250158 425.58653607 438.78603111
  421.65580434]
 [415.23118163 417.28008923 417.56184711 417.43290671 440.16200315
  421.65580434]
 [415.23118163 417.14247626 417.56184711 417.43290671 440.16200315
  420.71175945]
 [415.23118163 417.14247626 417.56184711 417.43290671 440.16200315
  421.43943025]
 [415.23118163 419.44113754 425.04250158 425.58653607 440.16200315
  420.71175945]
 [415.23118163 417.14247626 417.56184711 425.58653607 439.96565566
  421.43943025]
 [415.23118163 417.14247626 425.04250158 417.43290671 440.16200315
  420.71175945]
 [410.75728039 419.44113754 417.56184711 417.43290671 438.78603111
  421.43943025]
 [415.23118163 417.14247626 417.56184711 425.58653607 440.16200315
  421.43943025]
 [415.23118163 417.14247626 425.04250158 425.58653607 440.16200315
  420.71175945]
 [410.75728039 423.83910414 417.56184711 417.43290671 438.78603111
  421.65580434]]","[-2466.08455662 -2466.06492934 -2465.16930562 -2465.16930562
 -2465.14967834 -2464.66554574 -2464.53552164 -2464.51589436
 -2461.99637238 -2461.08112138 -2460.44065267 -2460.44065267
 -2460.44065267 -2460.44065267 -2460.4310263  -2460.4210254
 -2460.02570473 -2459.89818113 -2459.81430606 -2459.81430606
 -2459.80686869 -2459.80686869 -2459.80686869 -2459.80686869
 -2459.78724142 -2459.75225765 -2459.26439715 -2459.18052208
 -2459.12996023 -2459.08685444 -2458.97039528 -2458.89161769
 -2458.87199041 -2458.68865737 -2458.67646747 -2458.25783371
 -2457.79981655 -2457.75377909 -2457.13962239 -2457.02211171]","[[3.03821750e+03 9.56339876e-01 8.09690884e+04 2.52166284e+03
  1.49387571e-01 2.17345914e+05]
 [3.03821750e+03 9.56339876e-01 8.09690884e+04 2.52166284e+03
  1.49387571e-01 2.17345914e+05]
 [3.03821750e+03 9.56339876e-01 8.09690884e+04 2.52166284e+03
  1.49387571e-01 2.17345914e+05]
 [3.03821750e+03 9.56339876e-01 8.09690884e+04 2.52166284e+03
  1.49387571e-01 2.17345914e+05]
 [3.03821750e+03 9.56339876e-01 8.09690884e+04 2.52166284e+03
  1.49387571e-01 2.17345914e+05]
 [3.03821750e+03 9.56339876e-01 8.09690884e+04 2.52166284e+03
  1.49387571e-01 2.17345914e+05]
 [3.03821750e+03 9.56339876e-01 8.09690884e+04 2.52166284e+03
  1.49387571e-01 2.17345914e+05]
 [3.03821750e+03 9.56339876e-01 8.09690884e+04 2.52166284e+03
  1.49387571e-01 2.17345914e+05]
 [3.03821750e+03 9.56339876e-01 8.09690884e+04 2.52166284e+03
  1.49387571e-01 2.17345914e+05]
 [3.03821750e+03 9.56339876e-01 8.09690884e+04 2.52166284e+03
  1.49387571e-01 2.17345914e+05]
 [3.03821750e+03 9.56339876e-01 8.09690884e+04 2.52166284e+03
  1.49387571e-01 2.17345914e+05]
 [3.03821750e+03 9.56339876e-01 8.09690884e+04 2.52166284e+03
  1.49387571e-01 2.17345914e+05]
 [3.03821750e+03 9.56339876e-01 8.09690884e+04 2.52166284e+03
  1.49387571e-01 2.17345914e+05]
 [3.03821750e+03 9.56339876e-01 8.09690884e+04 2.52166284e+03
  1.49387571e-01 2.17345914e+05]
 [3.03821750e+03 9.56339876e-01 8.09690884e+04 2.52166284e+03
  1.49387571e-01 2.17345914e+05]
 [3.03821750e+03 9.56339876e-01 8.09690884e+04 2.52166284e+03
  1.49387571e-01 2.17345914e+05]
 [3.03821750e+03 9.56339876e-01 8.09690884e+04 2.52166284e+03
  1.49387571e-01 2.17345914e+05]
 [3.03821750e+03 9.56339876e-01 8.09690884e+04 2.52166284e+03
  1.49387571e-01 2.17345914e+05]
 [3.03821750e+03 9.56339876e-01 8.09690884e+04 2.52166284e+03
  1.49387571e-01 2.17345914e+05]
 [3.03821750e+03 9.56339876e-01 8.09690884e+04 2.52166284e+03
  1.49387571e-01 2.17345914e+05]
 [3.03821750e+03 9.56339876e-01 8.09690884e+04 2.52166284e+03
  1.49387571e-01 2.17345914e+05]
 [3.03821750e+03 9.56339876e-01 8.09690884e+04 2.52166284e+03
  1.49387571e-01 2.17345914e+05]
 [3.03821750e+03 9.56339876e-01 8.09690884e+04 2.52166284e+03
  1.49387571e-01 2.17345914e+05]
 [3.03821750e+03 9.56339876e-01 8.09690884e+04 2.52166284e+03
  1.49387571e-01 2.17345914e+05]
 [3.03821750e+03 9.56339876e-01 8.09690884e+04 2.52166284e+03
  1.49387571e-01 2.17345914e+05]
 [3.03821750e+03 9.56339876e-01 8.09690884e+04 2.52166284e+03
  1.49387571e-01 2.17345914e+05]
 [3.03821750e+03 9.56339876e-01 8.09690884e+04 2.52166284e+03
  1.49387571e-01 2.17345914e+05]
 [3.03821750e+03 9.56339876e-01 8.09690884e+04 2.52166284e+03
  1.49387571e-01 2.17345914e+05]
 [3.03821750e+03 9.56339876e-01 8.09690884e+04 2.52166284e+03
  1.49387571e-01 2.17345914e+05]
 [3.03821750e+03 9.56339876e-01 8.09690884e+04 2.52166284e+03
  1.49387571e-01 2.17345914e+05]
 [3.03821750e+03 9.56339876e-01 8.09690884e+04 2.52166284e+03
  1.49387571e-01 2.17345914e+05]
 [3.03821750e+03 9.56339876e-01 8.09690884e+04 2.52166284e+03
  1.49387571e-01 2.17345914e+05]
 [3.03821750e+03 9.56339876e-01 8.09690884e+04 2.52166284e+03
  1.49387571e-01 2.17345914e+05]
 [3.03821750e+03 9.56339876e-01 8.09690884e+04 2.52166284e+03
  1.49387571e-01 2.17345914e+05]
 [3.03821750e+03 9.56339876e-01 8.09690884e+04 2.52166284e+03
  1.49387571e-01 2.17345914e+05]
 [3.03821750e+03 9.56339876e-01 8.09690884e+04 2.52166284e+03
  1.49387571e-01 2.17345914e+05]
 [3.03821750e+03 9.56339876e-01 8.09690884e+04 2.52166284e+03
  1.49387571e-01 2.17345914e+05]
 [3.03821750e+03 9.56339876e-01 8.09690884e+04 2.52166284e+03
  1.49387571e-01 2.17345914e+05]
 [3.03821750e+03 9.56339876e-01 8.09690884e+04 2.52166284e+03
  1.49387571e-01 2.17345914e+05]
 [3.03821750e+03 9.56339876e-01 8.09690884e+04 2.52166284e+03
  1.49387571e-01 2.17345914e+05]]"
9,10,"[[415.23118163 419.44113754 417.56184711 417.43290671 438.78603111
  420.71175945]
 [415.23118163 419.44113754 417.56184711 417.43290671 438.78603111
  420.71175945]
 [415.23118163 419.44113754 417.56184711 417.43290671 438.78603111
  420.71175945]
 [415.23118163 419.44113754 417.56184711 417.43290671 438.78603111
  420.71175945]
 [415.23118163 419.44113754 417.56184711 417.43290671 438.78603111
  420.71175945]
 [415.23118163 419.44113754 417.56184711 417.43290671 438.78603111
  421.43943025]
 [415.23118163 419.44113754 417.56184711 417.43290671 438.78603111
  421.43943025]
 [415.23118163 419.44113754 417.56184711 417.43290671 438.78603111
  421.65580434]
 [415.23118163 419.44113754 417.56184711 417.43290671 438.78603111
  421.65580434]
 [415.23118163 419.44113754 425.04250158 417.43290671 438.78603111
  420.71175945]
 [415.23118163 419.44113754 425.04250158 417.43290671 438.78603111
  420.71175945]
 [415.23118163 419.44113754 425.04250158 417.43290671 438.78603111
  420.71175945]
 [415.23118163 419.44113754 425.04250158 417.43290671 438.78603111
  420.71175945]
 [415.23118163 419.44113754 425.04250158 417.43290671 438.78603111
  420.71175945]
 [415.23118163 419.44113754 425.04250158 417.43290671 438.78603111
  420.71175945]
 [415.23118163 419.44113754 425.04250158 417.43290671 438.78603111
  420.71175945]
 [415.23118163 419.44113754 425.04250158 417.43290671 438.78603111
  420.71175945]
 [415.23118163 419.44113754 425.04250158 417.43290671 438.78603111
  420.71175945]
 [415.23118163 419.44113754 425.04250158 417.43290671 438.78603111
  420.71175945]
 [415.23118163 419.44113754 425.04250158 417.43290671 438.78603111
  421.43943025]
 [415.23118163 419.44113754 425.04250158 417.43290671 438.78603111
  421.43943025]
 [415.23118163 419.44113754 425.04250158 417.43290671 438.78603111
  421.43943025]
 [415.23118163 419.44113754 425.04250158 417.43290671 438.78603111
  421.43943025]
 [415.23118163 419.44113754 425.04250158 417.43290671 438.78603111
  421.43943025]
 [415.23118163 423.83910414 417.56184711 417.43290671 438.78603111
  420.71175945]
 [415.23118163 423.83910414 417.56184711 417.43290671 438.78603111
  420.71175945]
 [415.23118163 417.28008923 417.56184711 417.43290671 438.78603111
  420.71175945]
 [415.23118163 417.28008923 417.56184711 417.43290671 438.78603111
  420.71175945]
 [415.23118163 417.28008923 417.56184711 417.43290671 438.78603111
  421.65580434]
 [415.23118163 417.14247626 417.56184711 417.43290671 438.78603111
  420.71175945]
 [415.23118163 417.14247626 417.56184711 417.43290671 438.78603111
  420.71175945]
 [415.23118163 417.14247626 417.56184711 417.43290671 438.78603111
  420.71175945]
 [415.23118163 417.14247626 417.56184711 417.43290671 438.78603111
  420.71175945]
 [415.23118163 417.14247626 417.56184711 417.43290671 438.78603111
  420.71175945]
 [415.23118163 417.14247626 417.56184711 417.43290671 438.78603111
  420.71175945]
 [415.23118163 417.14247626 417.56184711 417.43290671 438.78603111
  420.71175945]
 [415.23118163 417.14247626 417.56184711 417.43290671 438.78603111
  420.71175945]
 [415.23118163 417.14247626 417.56184711 417.43290671 438.78603111
  420.71175945]
 [415.23118163 417.14247626 417.56184711 417.43290671 438.78603111
  420.71175945]
 [415.23118163 417.14247626 417.56184711 417.43290671 438.78603111
  420.71175945]]","[-2466.7183406  -2466.7183406  -2466.7183406  -2466.7183406
 -2466.7183406  -2466.69871332 -2466.69871332 -2466.66709409
 -2466.66709409 -2466.08455662 -2466.08455662 -2466.08455662
 -2466.08455662 -2466.08455662 -2466.08455662 -2466.08455662
 -2466.08455662 -2466.08455662 -2466.08455662 -2466.06492934
 -2466.06492934 -2466.06492934 -2466.06492934 -2466.06492934
 -2465.97225499 -2465.97225499 -2465.29932972 -2465.29932972
 -2465.24808321 -2465.16930562 -2465.16930562 -2465.16930562
 -2465.16930562 -2465.16930562 -2465.16930562 -2465.16930562
 -2465.16930562 -2465.16930562 -2465.16930562 -2465.16930562]","[[8.27839642e+03 9.51018134e-01 3.32551688e+05 6.71271017e+03
  1.17788740e-01 1.00993963e+06]
 [8.27839642e+03 9.51018134e-01 3.32551688e+05 6.71271017e+03
  1.17788740e-01 1.00993963e+06]
 [8.27839642e+03 9.51018134e-01 3.32551688e+05 6.71271017e+03
  1.17788740e-01 1.00993963e+06]
 [8.27839642e+03 9.51018134e-01 3.32551688e+05 6.71271017e+03
  1.17788740e-01 1.00993963e+06]
 [8.27839642e+03 9.51018134e-01 3.32551688e+05 6.71271017e+03
  1.17788740e-01 1.00993963e+06]
 [8.27839642e+03 9.51018134e-01 3.32551688e+05 6.71271017e+03
  1.17788740e-01 1.00993963e+06]
 [8.27839642e+03 9.51018134e-01 3.32551688e+05 6.71271017e+03
  1.17788740e-01 1.00993963e+06]
 [8.27839642e+03 9.51018134e-01 3.32551688e+05 6.71271017e+03
  1.17788740e-01 1.00993963e+06]
 [8.27839642e+03 9.51018134e-01 3.32551688e+05 6.71271017e+03
  1.17788740e-01 1.00993963e+06]
 [8.27839642e+03 9.51018134e-01 3.32551688e+05 6.71271017e+03
  1.17788740e-01 1.00993963e+06]
 [8.27839642e+03 9.51018134e-01 3.32551688e+05 6.71271017e+03
  1.17788740e-01 1.00993963e+06]
 [8.27839642e+03 9.51018134e-01 3.32551688e+05 6.71271017e+03
  1.17788740e-01 1.00993963e+06]
 [8.27839642e+03 9.51018134e-01 3.32551688e+05 6.71271017e+03
  1.17788740e-01 1.00993963e+06]
 [8.27839642e+03 9.51018134e-01 3.32551688e+05 6.71271017e+03
  1.17788740e-01 1.00993963e+06]
 [8.27839642e+03 9.51018134e-01 3.32551688e+05 6.71271017e+03
  1.17788740e-01 1.00993963e+06]
 [8.27839642e+03 9.51018134e-01 3.32551688e+05 6.71271017e+03
  1.17788740e-01 1.00993963e+06]
 [8.27839642e+03 9.51018134e-01 3.32551688e+05 6.71271017e+03
  1.17788740e-01 1.00993963e+06]
 [8.27839642e+03 9.51018134e-01 3.32551688e+05 6.71271017e+03
  1.17788740e-01 1.00993963e+06]
 [8.27839642e+03 9.51018134e-01 3.32551688e+05 6.71271017e+03
  1.17788740e-01 1.00993963e+06]
 [8.27839642e+03 9.51018134e-01 3.32551688e+05 6.71271017e+03
  1.17788740e-01 1.00993963e+06]
 [8.27839642e+03 9.51018134e-01 3.32551688e+05 6.71271017e+03
  1.17788740e-01 1.00993963e+06]
 [8.27839642e+03 9.51018134e-01 3.32551688e+05 6.71271017e+03
  1.17788740e-01 1.00993963e+06]
 [8.27839642e+03 9.51018134e-01 3.32551688e+05 6.71271017e+03
  1.17788740e-01 1.00993963e+06]
 [8.27839642e+03 9.51018134e-01 3.32551688e+05 6.71271017e+03
  1.17788740e-01 1.00993963e+06]
 [8.27839642e+03 9.51018134e-01 3.32551688e+05 6.71271017e+03
  1.17788740e-01 1.00993963e+06]
 [8.27839642e+03 9.51018134e-01 3.32551688e+05 6.71271017e+03
  1.17788740e-01 1.00993963e+06]
 [8.27839642e+03 9.51018134e-01 3.32551688e+05 6.71271017e+03
  1.17788740e-01 1.00993963e+06]
 [8.27839642e+03 9.51018134e-01 3.32551688e+05 6.71271017e+03
  1.17788740e-01 1.00993963e+06]
 [8.27839642e+03 9.51018134e-01 3.32551688e+05 6.71271017e+03
  1.17788740e-01 1.00993963e+06]
 [8.27839642e+03 9.51018134e-01 3.32551688e+05 6.71271017e+03
  1.17788740e-01 1.00993963e+06]
 [8.27839642e+03 9.51018134e-01 3.32551688e+05 6.71271017e+03
  1.17788740e-01 1.00993963e+06]
 [8.27839642e+03 9.51018134e-01 3.32551688e+05 6.71271017e+03
  1.17788740e-01 1.00993963e+06]
 [8.27839642e+03 9.51018134e-01 3.32551688e+05 6.71271017e+03
  1.17788740e-01 1.00993963e+06]
 [8.27839642e+03 9.51018134e-01 3.32551688e+05 6.71271017e+03
  1.17788740e-01 1.00993963e+06]
 [8.27839642e+03 9.51018134e-01 3.32551688e+05 6.71271017e+03
  1.17788740e-01 1.00993963e+06]
 [8.27839642e+03 9.51018134e-01 3.32551688e+05 6.71271017e+03
  1.17788740e-01 1.00993963e+06]
 [8.27839642e+03 9.51018134e-01 3.32551688e+05 6.71271017e+03
  1.17788740e-01 1.00993963e+06]
 [8.27839642e+03 9.51018134e-01 3.32551688e+05 6.71271017e+03
  1.17788740e-01 1.00993963e+06]
 [8.27839642e+03 9.51018134e-01 3.32551688e+05 6.71271017e+03
  1.17788740e-01 1.00993963e+06]
 [8.27839642e+03 9.51018134e-01 3.32551688e+05 6.71271017e+03
  1.17788740e-01 1.00993963e+06]]"
10,11,"[[415.23118163 419.44113754 417.56184711 417.43290671 438.78603111
  420.71175945]
 [415.23118163 419.44113754 417.56184711 417.43290671 438.78603111
  420.71175945]
 [415.23118163 419.44113754 417.56184711 417.43290671 438.78603111
  420.71175945]
 [415.23118163 419.44113754 417.56184711 417.43290671 438.78603111
  420.71175945]
 [415.23118163 419.44113754 417.56184711 417.43290671 438.78603111
  420.71175945]
 [415.23118163 419.44113754 417.56184711 417.43290671 438.78603111
  420.71175945]
 [415.23118163 419.44113754 417.56184711 417.43290671 438.78603111
  420.71175945]
 [415.23118163 419.44113754 417.56184711 417.43290671 438.78603111
  420.71175945]
 [415.23118163 419.44113754 417.56184711 417.43290671 438.78603111
  420.71175945]
 [415.23118163 419.44113754 417.56184711 417.43290671 438.78603111
  420.71175945]
 [415.23118163 419.44113754 417.56184711 417.43290671 438.78603111
  420.71175945]
 [415.23118163 419.44113754 417.56184711 417.43290671 438.78603111
  420.71175945]
 [415.23118163 419.44113754 417.56184711 417.43290671 438.78603111
  420.71175945]
 [415.23118163 419.44113754 417.56184711 417.43290671 438.78603111
  420.71175945]
 [415.23118163 419.44113754 417.56184711 417.43290671 438.78603111
  420.71175945]
 [415.23118163 419.44113754 417.56184711 417.43290671 438.78603111
  420.71175945]
 [415.23118163 419.44113754 417.56184711 417.43290671 438.78603111
  420.71175945]
 [415.23118163 419.44113754 417.56184711 417.43290671 438.78603111
  420.71175945]
 [415.23118163 419.44113754 417.56184711 417.43290671 438.78603111
  420.71175945]
 [415.23118163 419.44113754 417.56184711 417.43290671 438.78603111
  420.71175945]
 [415.23118163 419.44113754 417.56184711 417.43290671 438.78603111
  420.71175945]
 [415.23118163 419.44113754 417.56184711 417.43290671 438.78603111
  420.71175945]
 [415.23118163 419.44113754 417.56184711 417.43290671 438.78603111
  420.71175945]
 [415.23118163 419.44113754 417.56184711 417.43290671 438.78603111
  420.71175945]
 [415.23118163 419.44113754 417.56184711 417.43290671 438.78603111
  420.71175945]
 [415.23118163 419.44113754 417.56184711 417.43290671 438.78603111
  420.71175945]
 [415.23118163 419.44113754 417.56184711 417.43290671 438.78603111
  420.71175945]
 [415.23118163 419.44113754 417.56184711 417.43290671 438.78603111
  420.71175945]
 [415.23118163 419.44113754 417.56184711 417.43290671 438.78603111
  420.71175945]
 [415.23118163 419.44113754 417.56184711 417.43290671 438.78603111
  420.71175945]
 [415.23118163 419.44113754 417.56184711 417.43290671 438.78603111
  420.71175945]
 [415.23118163 419.44113754 417.56184711 417.43290671 438.78603111
  420.71175945]
 [415.23118163 419.44113754 417.56184711 417.43290671 438.78603111
  420.71175945]
 [415.23118163 419.44113754 417.56184711 417.43290671 438.78603111
  420.71175945]
 [415.23118163 419.44113754 417.56184711 417.43290671 438.78603111
  420.71175945]
 [415.23118163 419.44113754 417.56184711 417.43290671 438.78603111
  420.71175945]
 [415.23118163 419.44113754 417.56184711 417.43290671 438.78603111
  420.71175945]
 [415.23118163 419.44113754 417.56184711 417.43290671 438.78603111
  420.71175945]
 [415.23118163 419.44113754 417.56184711 417.43290671 438.78603111
  420.71175945]
 [415.23118163 419.44113754 417.56184711 417.43290671 438.78603111
  420.71175945]]","[-2466.7183406 -2466.7183406 -2466.7183406 -2466.7183406 -2466.7183406
 -2466.7183406 -2466.7183406 -2466.7183406 -2466.7183406 -2466.7183406
 -2466.7183406 -2466.7183406 -2466.7183406 -2466.7183406 -2466.7183406
 -2466.7183406 -2466.7183406 -2466.7183406 -2466.7183406 -2466.7183406
 -2466.7183406 -2466.7183406 -2466.7183406 -2466.7183406 -2466.7183406
 -2466.7183406 -2466.7183406 -2466.7183406 -2466.7183406 -2466.7183406
 -2466.7183406 -2466.7183406 -2466.7183406 -2466.7183406 -2466.7183406
 -2466.7183406 -2466.7183406 -2466.7183406 -2466.7183406 -2466.7183406]","[[2.25565968e+04 9.45726005e-01 1.36583759e+06 1.78693508e+04
  9.28737719e-02 4.69287894e+06]
 [2.25565968e+04 9.45726005e-01 1.36583759e+06 1.78693508e+04
  9.28737719e-02 4.69287894e+06]
 [2.25565968e+04 9.45726005e-01 1.36583759e+06 1.78693508e+04
  9.28737719e-02 4.69287894e+06]
 [2.25565968e+04 9.45726005e-01 1.36583759e+06 1.78693508e+04
  9.28737719e-02 4.69287894e+06]
 [2.25565968e+04 9.45726005e-01 1.36583759e+06 1.78693508e+04
  9.28737719e-02 4.69287894e+06]
 [2.25565968e+04 9.45726005e-01 1.36583759e+06 1.78693508e+04
  9.28737719e-02 4.69287894e+06]
 [2.25565968e+04 9.45726005e-01 1.36583759e+06 1.78693508e+04
  9.28737719e-02 4.69287894e+06]
 [2.25565968e+04 9.45726005e-01 1.36583759e+06 1.78693508e+04
  9.28737719e-02 4.69287894e+06]
 [2.25565968e+04 9.45726005e-01 1.36583759e+06 1.78693508e+04
  9.28737719e-02 4.69287894e+06]
 [2.25565968e+04 9.45726005e-01 1.36583759e+06 1.78693508e+04
  9.28737719e-02 4.69287894e+06]
 [2.25565968e+04 9.45726005e-01 1.36583759e+06 1.78693508e+04
  9.28737719e-02 4.69287894e+06]
 [2.25565968e+04 9.45726005e-01 1.36583759e+06 1.78693508e+04
  9.28737719e-02 4.69287894e+06]
 [2.25565968e+04 9.45726005e-01 1.36583759e+06 1.78693508e+04
  9.28737719e-02 4.69287894e+06]
 [2.25565968e+04 9.45726005e-01 1.36583759e+06 1.78693508e+04
  9.28737719e-02 4.69287894e+06]
 [2.25565968e+04 9.45726005e-01 1.36583759e+06 1.78693508e+04
  9.28737719e-02 4.69287894e+06]
 [2.25565968e+04 9.45726005e-01 1.36583759e+06 1.78693508e+04
  9.28737719e-02 4.69287894e+06]
 [2.25565968e+04 9.45726005e-01 1.36583759e+06 1.78693508e+04
  9.28737719e-02 4.69287894e+06]
 [2.25565968e+04 9.45726005e-01 1.36583759e+06 1.78693508e+04
  9.28737719e-02 4.69287894e+06]
 [2.25565968e+04 9.45726005e-01 1.36583759e+06 1.78693508e+04
  9.28737719e-02 4.69287894e+06]
 [2.25565968e+04 9.45726005e-01 1.36583759e+06 1.78693508e+04
  9.28737719e-02 4.69287894e+06]
 [2.25565968e+04 9.45726005e-01 1.36583759e+06 1.78693508e+04
  9.28737719e-02 4.69287894e+06]
 [2.25565968e+04 9.45726005e-01 1.36583759e+06 1.78693508e+04
  9.28737719e-02 4.69287894e+06]
 [2.25565968e+04 9.45726005e-01 1.36583759e+06 1.78693508e+04
  9.28737719e-02 4.69287894e+06]
 [2.25565968e+04 9.45726005e-01 1.36583759e+06 1.78693508e+04
  9.28737719e-02 4.69287894e+06]
 [2.25565968e+04 9.45726005e-01 1.36583759e+06 1.78693508e+04
  9.28737719e-02 4.69287894e+06]
 [2.25565968e+04 9.45726005e-01 1.36583759e+06 1.78693508e+04
  9.28737719e-02 4.69287894e+06]
 [2.25565968e+04 9.45726005e-01 1.36583759e+06 1.78693508e+04
  9.28737719e-02 4.69287894e+06]
 [2.25565968e+04 9.45726005e-01 1.36583759e+06 1.78693508e+04
  9.28737719e-02 4.69287894e+06]
 [2.25565968e+04 9.45726005e-01 1.36583759e+06 1.78693508e+04
  9.28737719e-02 4.69287894e+06]
 [2.25565968e+04 9.45726005e-01 1.36583759e+06 1.78693508e+04
  9.28737719e-02 4.69287894e+06]
 [2.25565968e+04 9.45726005e-01 1.36583759e+06 1.78693508e+04
  9.28737719e-02 4.69287894e+06]
 [2.25565968e+04 9.45726005e-01 1.36583759e+06 1.78693508e+04
  9.28737719e-02 4.69287894e+06]
 [2.25565968e+04 9.45726005e-01 1.36583759e+06 1.78693508e+04
  9.28737719e-02 4.69287894e+06]
 [2.25565968e+04 9.45726005e-01 1.36583759e+06 1.78693508e+04
  9.28737719e-02 4.69287894e+06]
 [2.25565968e+04 9.45726005e-01 1.36583759e+06 1.78693508e+04
  9.28737719e-02 4.69287894e+06]
 [2.25565968e+04 9.45726005e-01 1.36583759e+06 1.78693508e+04
  9.28737719e-02 4.69287894e+06]
 [2.25565968e+04 9.45726005e-01 1.36583759e+06 1.78693508e+04
  9.28737719e-02 4.69287894e+06]
 [2.25565968e+04 9.45726005e-01 1.36583759e+06 1.78693508e+04
  9.28737719e-02 4.69287894e+06]
 [2.25565968e+04 9.45726005e-01 1.36583759e+06 1.78693508e+04
  9.28737719e-02 4.69287894e+06]
 [2.25565968e+04 9.45726005e-01 1.36583759e+06 1.78693508e+04
  9.28737719e-02 4.69287894e+06]]"
