,population,best_x,best_energy,ave_energy
0,1,"[ 428.5201539   393.47164913 -274.42923836  497.25703179  171.99074595
  184.81651851]",-1044.7154461075258,-39.56272385948307
1,2,"[ 170.16455512  207.12827403  162.76907802  426.42735191  406.25859422
 -322.21823066]",-1369.3634885928473,-753.9658826462243
2,3,"[ 418.80500913  185.61770409  194.08678764  422.30680119  415.56345128
 -310.15221538]",-1897.3561164206428,-1266.6535132279125
3,4,"[ 428.64981231  393.87110208  404.75905908  424.7289071   414.38263044
 -308.90164137]",-2254.8490787937735,-1676.1470913169433
4,5,"[429.63910925 439.99566226 404.70134612 447.45545726 420.51431614
 415.83011758]",-2336.749194298431,-2021.6042837427426
5,6,"[425.8447904  407.90224828 434.03993143 425.634019   419.80331376
 415.38302349]",-2461.319231437445,-2226.693580161188
6,7,"[426.13250223 421.74646747 404.70413663 426.38854766 422.00008313
 415.73984865]",-2470.4468005824892,-2371.935516357983
7,8,"[419.40242917 412.12704893 434.18499442 425.58849927 422.08697106
 416.52114709]",-2476.4931286576957,-2445.252244885956
8,9,"[418.24393666 419.58661866 434.40972983 421.23884773 423.16713121
 415.83011758]",-2486.0713795215784,-2470.2742864323477
9,10,"[418.24393666 419.58661866 434.18499442 421.23884773 423.16713121
 415.83011758]",-2486.819810141258,-2482.3464734635454
10,11,"[420.62483676 419.58661866 434.18499442 421.23884773 422.08697106
 416.52114709]",-2489.024397871403,-2486.547267952672
11,12,"[420.62483676 419.58661866 433.80471782 421.23884773 422.08697106
 416.52114709]",-2490.2628401105444,-2488.814628938614
12,13,"[420.62483676 421.74646747 433.80471782 421.23884773 422.08697106
 416.52114709]",-2490.427391594276,-2489.9287905309166
13,14,"[420.79610388 420.21202285 433.80471782 421.23884773 420.83223493
 416.52114709]",-2490.598152119075,-2490.372587034847
14,15,"[420.79610388 420.21202285 433.80471782 421.23884773 420.83223493
 416.52114709]",-2490.598152119075,-2490.5820475911546
15,16,"[420.79610388 420.21202285 433.80471782 421.23884773 420.83223493
 416.52114709]",-2490.598152119075,-2490.5974330038825
