,population,best_x,best_energy,running_time
0,57,[-302.55904454  420.93257802],-719.5271275224428,0.573206
1,14,[420.76704551 417.08673975],-836.0633428514475,0.133
2,8,[421.61301463 429.2900691 ],-829.1781671448082,0.067018
3,12,[419.7216527  443.70594028],-773.6249363433815,0.116981
4,8,[420.80119094 421.56251426],-837.9177355165459,0.067
5,31,[419.59658824 416.49872651],-835.2139340370653,0.41251
6,12,[406.46394091 192.99667663],-580.1058106339761,0.120216
7,7,[424.00735247 421.49237419],-836.7652796055653,0.057015
8,7,[420.60488915 422.7269122 ],-837.5588161454953,0.052974
9,24,[393.68424697 415.63266247],-744.9473238356052,0.222323
10,10,[421.36571385 420.6961894 ],-837.9365144466003,0.087017
11,11,[413.58236916 453.94242563],-699.4128315316857,0.088983
12,12,[420.73774847 422.01370228],-837.8212102214031,0.098
13,108,[ 421.00221145 -302.49516725],-719.5271863890665,0.988996
14,10,[410.42769322 436.83606429],-792.5142525275127,0.086233
15,80,[420.20839098 420.16338758],-837.8110312718595,0.756018
16,8,[-317.48562114  421.60661826],-691.3450430758287,0.061002
17,11,[-287.27814105  420.94799941],-690.8086597941733,0.087999
18,10,[ 430.41769629 -330.35358735],-613.8856887791001,0.078981
19,9,[-321.22414527  421.12253326],-675.869308093218,0.082001
20,11,[421.07892221 416.31965774],-835.2447582054608,0.093109
21,16,[421.19816609 430.00939701],-827.6519880818506,0.177902
22,9,[-302.62151388  420.60717046],-719.5097641410669,0.0713
23,10,[-281.05670043  420.71954595],-663.7130491295461,0.08171
24,21,[416.94360339 421.06809712],-835.9249668482632,0.186002
25,6,[420.97281092 420.92191215],-837.965495688826,0.043
26,18,[447.75755737 369.8137614 ],-468.18614197373984,0.148976
27,17,[420.94867892 425.97758141],-834.797858461261,0.146003
28,108,[421.00039602 421.03487502],-837.9650963306434,0.956001
29,15,[421.0709861  451.69514918],-722.8956518105518,0.135015
30,33,[ 420.93520499 -296.96977305],-715.6390805735131,0.285005
31,14,[ 449.78929105 -277.8611626 ],-545.0707556283171,0.117311
32,12,[444.06771463 420.84616126],-771.8064251550286,0.105691
33,14,[424.07368471 422.44497286],-836.4733088453679,0.116025
34,7,[421.4524307  422.84304496],-837.4927250948358,0.055974
35,17,[ 421.13066055 -499.96629168],-599.2050988359111,0.140002
36,11,[423.05193801 428.92347112],-829.4341004777395,0.086023
37,14,[ 420.73399823 -302.33522253],-719.5159294176576,0.127021
38,18,[438.64677482 420.93671774],-798.8741009004239,0.148001
39,28,[ 414.70591026 -314.29999952],-697.1001863067299,0.235005
40,7,[ 420.49626535 -287.01478874],-689.8015656677309,0.058012
41,18,[-318.14759527  408.76548241],-670.3220561252426,0.155984
42,11,[419.38384436 434.90078624],-813.2618510528256,0.088
43,25,[420.84324368 402.23057564],-794.7620599481993,0.209016
44,22,[420.9513291  421.02509715],-837.9653355726582,0.192983
45,12,[420.45159765 440.06035338],-792.4308525853344,0.097011
46,22,[420.9156475  420.91032576],-837.9649881287104,0.182987
47,9,[424.34688676 205.41283067],-619.059104323248,0.070002
48,12,[421.60082107 420.76705093],-837.9102177808776,0.172998
49,10,[427.47712135 424.08385599],-831.3933839435058,0.104549
