,population,parents,parents_energy,parents_sigma
0,1,"[[ 4.26516145e+02  2.08215152e+02  1.75716721e+02  3.71688182e+02
   4.28554977e+02 -1.21610382e+02]
 [-8.56358596e+01 -3.59346323e+01  4.59884527e+02 -5.83141438e+01
   4.10536157e+02 -2.71000031e+01]
 [-3.28828952e+02  1.83963297e+02  1.10496881e-01  1.56408194e+02
  -2.75345280e+02  3.48018173e+02]
 [-3.14644723e+02 -4.82602496e+02 -7.69148224e+01 -3.59103010e+02
   3.88939787e+02 -1.58409463e+02]
 [-5.86405305e+01 -3.57683601e+02 -2.64621544e+02  1.32748282e+02
   4.18391683e+02 -2.43024683e+02]
 [ 4.57690403e+02 -7.01671087e+00 -1.09983003e+02 -1.60327175e+02
  -1.43732959e+02  1.35500755e+02]
 [ 2.57284326e+02  3.65919603e+02  3.59068832e+02  4.81901170e+02
  -1.91107372e+02 -3.33992821e+02]
 [ 2.61823236e+02 -5.74367655e+01  4.64942840e+02  1.77097520e+02
  -2.33238790e+02 -1.55417726e+01]
 [ 1.10637366e+02  4.56323134e+02 -3.18606890e+00 -4.07480103e+02
  -1.69884074e+02  3.94534312e+02]
 [-5.38735060e+00  4.92524730e+02 -4.48222848e+02  4.14951802e+02
   3.03427114e+01  1.13202736e+01]
 [ 4.96699012e+02  1.96682613e+02  2.58134817e+02  2.61313744e+02
  -1.20374507e+02  3.46508388e+02]
 [ 4.40774629e+02  3.67467688e+02 -4.51867558e+02 -2.46794998e+02
   1.76618871e+02 -4.19755457e+02]
 [ 3.84482507e+02  2.43521718e+02  3.05109720e+02 -1.58787434e+02
  -8.99617756e+01 -1.80195030e+02]
 [ 3.67697602e+01 -1.27766385e+02  3.01880021e+02 -3.84653439e+02
  -1.26173447e+02  2.26263593e+02]
 [ 2.21858423e+02  3.49155781e+02 -4.61219089e+02  2.71254045e+02
  -4.61579157e+02  2.24055844e+02]
 [-3.40247096e+00 -1.47029856e+02  3.38087815e+02 -2.54069984e+02
  -3.92262080e+02 -7.84162481e+01]
 [ 8.74103771e+01 -1.56411758e+02 -4.23212215e+02 -7.93524901e+01
   2.74370000e+02 -2.72806713e+02]
 [-3.89474320e+02 -3.32643025e+02  1.50077602e+01 -4.98269258e+01
   2.81740876e+02  4.91262250e+02]
 [-4.59159349e+02  2.93275159e+02  9.06815375e+01  4.99018689e+02
  -1.28939683e+02 -3.50548138e+01]
 [-4.31018830e+02  7.29008296e+01 -4.17849738e+02  3.68352309e+02
  -4.23074357e+02  2.95274249e+02]]","[-1414.34396739  -606.8767985   -506.95168022  -482.75556375
  -334.93179106  -305.09403688   -71.03865629   -50.98640603
   -29.11003168    39.60856569   115.50428736   118.50113233
   146.56065985   190.14977515   383.28406362   395.77157843
   451.45965358   488.44211808   580.66649934  1356.01342514]","[[1. 1. 1. 1. 1. 1.]
 [1. 1. 1. 1. 1. 1.]
 [1. 1. 1. 1. 1. 1.]
 [1. 1. 1. 1. 1. 1.]
 [1. 1. 1. 1. 1. 1.]
 [1. 1. 1. 1. 1. 1.]
 [1. 1. 1. 1. 1. 1.]
 [1. 1. 1. 1. 1. 1.]
 [1. 1. 1. 1. 1. 1.]
 [1. 1. 1. 1. 1. 1.]
 [1. 1. 1. 1. 1. 1.]
 [1. 1. 1. 1. 1. 1.]
 [1. 1. 1. 1. 1. 1.]
 [1. 1. 1. 1. 1. 1.]
 [1. 1. 1. 1. 1. 1.]
 [1. 1. 1. 1. 1. 1.]
 [1. 1. 1. 1. 1. 1.]
 [1. 1. 1. 1. 1. 1.]
 [1. 1. 1. 1. 1. 1.]
 [1. 1. 1. 1. 1. 1.]]"
1,2,"[[ 426.721141    -35.99720448  458.99318372  371.59473611  411.08321772
  -123.78620166]
 [ 427.6298626  -146.86219961  175.55053078 -254.78972481  429.46388033
  -121.55437236]
 [ 384.63979608  244.19502188  176.25122625  372.15942893  427.94596045
  -119.72968972]
 [ 426.59899367  208.1578732    16.22054344  371.97375523  428.49590668
   492.47729343]
 [ 425.98011496  208.51620238  176.53578838  373.29437342 -276.29810641
   349.37143973]
 [ 427.70778468  -57.33386614  174.61589016  174.64198195  429.60716969
   -15.710158  ]
 [-315.31803772 -482.34536442  176.38186506  370.96417109  388.73321971
  -158.33913093]
 [ -59.26700777  208.31530038  174.77479018  371.571927    418.98306843
  -244.63234597]
 [ -86.1537389   197.08764998  458.71583304  261.67727375  410.58439595
   -28.81765859]
 [-315.01106829 -482.65587928  357.67563706 -358.12742497  389.06857221
  -335.0527665 ]
 [ 427.36229874  207.96389804 -461.25877043  271.3151538   428.73089821
  -121.12491867]
 [ -57.91511889  365.68753433  358.81232772  482.92254424  417.66568574
  -332.99908458]
 [ -85.01746137   72.82860053  458.06142208  -60.23094836  410.02662009
   -29.69723982]
 [ 457.58248467   -7.45714689 -109.14505413 -160.84082275  429.57766173
   135.04874819]
 [-315.63193984  -36.09442841  -77.82540886  -60.47552361  410.87315793
   -26.89723693]
 [ 439.80230919 -331.85610085   14.82737142 -246.93557648  175.15300705
   489.75986041]
 [ 457.7334866   456.23994781 -109.14546945 -158.91394427 -143.72935819
   134.93671626]
 [  -6.98854892  491.68647128  459.26514112  414.47177107   30.95403172
   -30.058666  ]
 [ -84.53390381 -127.76450361  458.91480104  -59.02844598 -126.15277555
   225.05132599]
 [ 425.09138889  493.18322475  174.45449323  372.75261787   30.50752683
    11.04091616]]","[-1354.87566798 -1183.22175068 -1091.92402609 -1072.96817119
 -1064.62302533  -990.16896663  -823.39956045  -802.82860166
  -742.94261427  -738.52960403  -731.45970063  -689.32817237
  -659.81310248  -630.07332672  -614.45593606  -603.26496644
  -581.95421568  -566.32917968  -560.18525902  -556.84382221]","[[1.16053504 0.39851668 1.05856484 1.01104948 0.61444145 1.50883798]
 [1.16053504 0.39851668 1.05856484 1.01104948 0.61444145 1.50883798]
 [1.16053504 0.39851668 1.05856484 1.01104948 0.61444145 1.50883798]
 [1.16053504 0.39851668 1.05856484 1.01104948 0.61444145 1.50883798]
 [1.16053504 0.39851668 1.05856484 1.01104948 0.61444145 1.50883798]
 [1.16053504 0.39851668 1.05856484 1.01104948 0.61444145 1.50883798]
 [1.16053504 0.39851668 1.05856484 1.01104948 0.61444145 1.50883798]
 [1.16053504 0.39851668 1.05856484 1.01104948 0.61444145 1.50883798]
 [1.16053504 0.39851668 1.05856484 1.01104948 0.61444145 1.50883798]
 [1.16053504 0.39851668 1.05856484 1.01104948 0.61444145 1.50883798]
 [1.16053504 0.39851668 1.05856484 1.01104948 0.61444145 1.50883798]
 [1.16053504 0.39851668 1.05856484 1.01104948 0.61444145 1.50883798]
 [1.16053504 0.39851668 1.05856484 1.01104948 0.61444145 1.50883798]
 [1.16053504 0.39851668 1.05856484 1.01104948 0.61444145 1.50883798]
 [1.16053504 0.39851668 1.05856484 1.01104948 0.61444145 1.50883798]
 [1.16053504 0.39851668 1.05856484 1.01104948 0.61444145 1.50883798]
 [1.16053504 0.39851668 1.05856484 1.01104948 0.61444145 1.50883798]
 [1.16053504 0.39851668 1.05856484 1.01104948 0.61444145 1.50883798]
 [1.16053504 0.39851668 1.05856484 1.01104948 0.61444145 1.50883798]
 [1.16053504 0.39851668 1.05856484 1.01104948 0.61444145 1.50883798]]"
2,3,"[[ 427.30678923  208.50400281  176.81018931  373.44466641  428.86172773
  -118.62818586]
 [ 428.55994774  -36.01694108  458.27912402  371.68146417  411.31689517
  -124.86120607]
 [ 426.19257373  -35.9173429   460.08256606  372.66184333  411.27098702
  -123.76177686]
 [ 428.02938974  456.39982083  174.14997936  175.90758192  430.5202966
   -17.43775391]
 [ 427.15634624  207.79903806  456.26712698  -59.93208001  410.33767536
   -30.67771079]
 [ 425.01620852  197.26554526  461.4051835   262.08523446  410.40562258
  -124.14914179]
 [ 427.32874215  208.33210241  174.97569754  370.64829626  429.46457209
  -242.79968147]
 [ 426.0048677   208.26502425  171.9762696   370.28706952  419.00697005
  -243.15779906]
 [ 425.20564095  -36.02612384  176.42637614  372.6179456   410.43712271
  -123.91999661]
 [ 428.37119735  -35.95451526  176.29425818  371.49735185  427.81441187
  -121.68597361]
 [ 427.93753865  208.16041558  175.01562222  372.41954578  419.49285151
   492.96854338]
 [ 428.68044833  207.99161788  174.27724163  372.73217608  429.04030088
   495.17018991]
 [ 456.67057245  456.1132901   460.31029133  416.18701192 -143.94112733
   136.09742271]
 [ 427.33784465  -35.98606494  357.4862274   372.09761569  411.0470076
  -126.41205502]
 [ -87.56906748  197.04079973  456.97034567  369.93953088  427.81035182
  -119.95203557]
 [ -84.75132475  197.20605896  458.56587595  372.82640934  410.47357634
  -118.41440809]
 [ 425.58645157  493.20485147  173.78920925  370.63397712  411.60652942
  -123.33754056]
 [ 424.62743241 -482.29073731  175.85623915  371.27474718  388.84665229
  -122.11375593]
 [ 427.90464174 -127.6946658   175.56747225  373.17419787 -126.29009438
   224.85484038]
 [ 429.74768609   72.80573955  458.13417673  -59.72871481  410.2669248
   -17.62356414]]","[-1430.89529962 -1359.26045393 -1356.67355602 -1318.67227754
 -1249.13933733 -1245.49528964 -1245.23021174 -1237.26828053
 -1233.76125999 -1225.0766471  -1196.63075378 -1161.71087278
 -1158.34443162 -1132.39770672 -1125.17682215 -1116.19517779
 -1086.27647555 -1085.46398115 -1083.68156558 -1080.47029411]","[[1.34684157 0.15881555 1.12055952 1.02222105 0.3775383  2.27659206]
 [1.34684157 0.15881555 1.12055952 1.02222105 0.3775383  2.27659206]
 [1.34684157 0.15881555 1.12055952 1.02222105 0.3775383  2.27659206]
 [1.34684157 0.15881555 1.12055952 1.02222105 0.3775383  2.27659206]
 [1.34684157 0.15881555 1.12055952 1.02222105 0.3775383  2.27659206]
 [1.34684157 0.15881555 1.12055952 1.02222105 0.3775383  2.27659206]
 [1.34684157 0.15881555 1.12055952 1.02222105 0.3775383  2.27659206]
 [1.34684157 0.15881555 1.12055952 1.02222105 0.3775383  2.27659206]
 [1.34684157 0.15881555 1.12055952 1.02222105 0.3775383  2.27659206]
 [1.34684157 0.15881555 1.12055952 1.02222105 0.3775383  2.27659206]
 [1.34684157 0.15881555 1.12055952 1.02222105 0.3775383  2.27659206]
 [1.34684157 0.15881555 1.12055952 1.02222105 0.3775383  2.27659206]
 [1.34684157 0.15881555 1.12055952 1.02222105 0.3775383  2.27659206]
 [1.34684157 0.15881555 1.12055952 1.02222105 0.3775383  2.27659206]
 [1.34684157 0.15881555 1.12055952 1.02222105 0.3775383  2.27659206]
 [1.34684157 0.15881555 1.12055952 1.02222105 0.3775383  2.27659206]
 [1.34684157 0.15881555 1.12055952 1.02222105 0.3775383  2.27659206]
 [1.34684157 0.15881555 1.12055952 1.02222105 0.3775383  2.27659206]
 [1.34684157 0.15881555 1.12055952 1.02222105 0.3775383  2.27659206]
 [1.34684157 0.15881555 1.12055952 1.02222105 0.3775383  2.27659206]]"
3,4,"[[ 425.99025641  456.09731268  461.46939291  417.18868241  419.59377586
   494.30865208]
 [ 457.23004321  456.33319757  459.60792351  416.5613629   430.75341097
   -17.74781502]
 [ 456.49982877  456.10219768  461.71910021  416.29286571  410.02747237
   -23.59942033]
 [ 426.74360713  197.19151809  458.39836973  374.70700154  410.32830956
  -124.71143826]
 [ 427.53918758  197.23222303  457.24859229  372.93322976  410.68556435
  -122.58882121]
 [ 429.81507576  208.14401562  457.7757628   372.14944024  410.30314976
  -117.47373967]
 [ 425.74668624  207.79836666  456.38221798  367.11762582  411.89719184
  -122.76713324]
 [ 428.93433071  197.17760035  461.42153325  372.12222991  410.26345676
  -119.2597294 ]
 [ 428.4846535  -127.66804036  461.48827188  376.01297896  411.40857929
   224.67614197]
 [ 429.39466566  197.23566672  461.70274812  369.35193435  418.87238509
  -123.54759568]
 [ 429.78491373  456.3585052   176.7853198   372.85006989  410.36666803
  -115.72537792]
 [ 427.7751714   208.45907939  456.14056417  372.24822591  410.50919925
   -27.40967253]
 [ -86.08782084  456.15798002  457.29742173  414.47306698  428.0273408
  -120.83322829]
 [ 425.99683166  208.3536732   176.13910664  375.05215714  418.98927888
  -128.97129007]
 [ 427.74738596  208.16508058  173.77070111  371.78020506  419.65183969
   223.90584404]
 [ 428.75755436  197.14437257  180.90679383  372.53906436  427.7693229
  -115.77155011]
 [ 425.43747821  208.59495845  176.55367842  374.35474746  411.21322848
  -116.95986577]
 [ 430.05666514  208.44588815  175.86509522  374.36353749  411.34448034
  -118.60777462]
 [ 427.24223815  208.60356839  175.92136393  372.82770701  428.62118166
  -118.76731412]
 [ 424.91392086  208.431488    177.03753644  371.19491305  410.26766985
  -126.07410183]]","[-1628.75691187 -1610.12140689 -1603.99755794 -1572.55510321
 -1565.2184022  -1545.1797048  -1527.33646467 -1515.08781647
 -1507.81169078 -1503.63465891 -1478.22712585 -1471.33724831
 -1465.31361929 -1453.6296863  -1439.14443636 -1435.75428733
 -1433.11138251 -1424.77493774 -1420.92281237 -1413.05373643]","[[1.56305683 0.06329064 1.1861849  1.03351605 0.23197518 3.43500856]
 [1.56305683 0.06329064 1.1861849  1.03351605 0.23197518 3.43500856]
 [1.56305683 0.06329064 1.1861849  1.03351605 0.23197518 3.43500856]
 [1.56305683 0.06329064 1.1861849  1.03351605 0.23197518 3.43500856]
 [1.56305683 0.06329064 1.1861849  1.03351605 0.23197518 3.43500856]
 [1.56305683 0.06329064 1.1861849  1.03351605 0.23197518 3.43500856]
 [1.56305683 0.06329064 1.1861849  1.03351605 0.23197518 3.43500856]
 [1.56305683 0.06329064 1.1861849  1.03351605 0.23197518 3.43500856]
 [1.56305683 0.06329064 1.1861849  1.03351605 0.23197518 3.43500856]
 [1.56305683 0.06329064 1.1861849  1.03351605 0.23197518 3.43500856]
 [1.56305683 0.06329064 1.1861849  1.03351605 0.23197518 3.43500856]
 [1.56305683 0.06329064 1.1861849  1.03351605 0.23197518 3.43500856]
 [1.56305683 0.06329064 1.1861849  1.03351605 0.23197518 3.43500856]
 [1.56305683 0.06329064 1.1861849  1.03351605 0.23197518 3.43500856]
 [1.56305683 0.06329064 1.1861849  1.03351605 0.23197518 3.43500856]
 [1.56305683 0.06329064 1.1861849  1.03351605 0.23197518 3.43500856]
 [1.56305683 0.06329064 1.1861849  1.03351605 0.23197518 3.43500856]
 [1.56305683 0.06329064 1.1861849  1.03351605 0.23197518 3.43500856]
 [1.56305683 0.06329064 1.1861849  1.03351605 0.23197518 3.43500856]
 [1.56305683 0.06329064 1.1861849  1.03351605 0.23197518 3.43500856]]"
4,5,"[[ 423.24210498  456.13909521  457.34801948  418.27561577  428.03721056
  -118.49687854]
 [ 431.63372023  456.0867879   461.6143303   415.5903169   419.65438708
   223.43365437]
 [ 431.95293658  456.11705995  463.418016    415.35147131  419.76343938
  -116.0851095 ]
 [ 428.09227623  456.1431705   464.03163427  417.50017081  410.12485744
  -120.05983486]
 [ 428.51100207  456.16988967  455.12321209  414.56892601  410.83090883
   -29.42845593]
 [ 427.79212527  197.19573042  460.45136544  415.96697021  410.21566889
  -123.73490027]
 [ 431.58754208  456.36014669  461.44667569  416.71693721  418.82935197
   -24.71951101]
 [ 454.4892881   456.35739038  459.31422837  416.36464661  411.24793459
  -128.21762318]
 [ 455.34663278  456.1721122   458.21445173  414.84280753  410.08344984
  -120.3379383 ]
 [ 429.78210452 -127.65710096  459.84971722  415.45700741  411.51042917
   229.27720127]
 [ 457.3971518   456.07056461  456.46252494  416.56315856  410.3755901
  -108.83343731]
 [ 427.9217558   208.11999863  458.61185407  415.88535763  410.37414486
   -16.7614436 ]
 [ 425.67703432 -127.69905353  460.64208825  414.62582758  411.24977928
   233.42865241]
 [ 426.82263489  208.59959088  462.27305618  416.36103008  411.22890456
   -19.04876027]
 [ 425.99327308  456.17093244  460.96152433  417.18007681  419.61933812
   491.62120927]
 [ 430.93823184  197.14646058  461.19274925  416.95840509  410.2450743
   -14.45307942]
 [ 427.74650496  456.16539429  455.46375278  374.36132498  411.20444581
  -107.8734264 ]
 [ 455.10332103  197.2281968   462.62165628  416.70717813  430.56602877
  -119.57953436]
 [ 425.99025641  456.10219768  461.46939291  416.29286571  419.59377586
   494.30865208]
 [ 456.39186281  456.29116976  459.12094617  417.41443649  430.61232414
   -19.35193638]]","[-1897.25674325 -1886.97159684 -1828.53339687 -1826.12208557
 -1802.06117749 -1786.48908089 -1757.31609705 -1740.10488615
 -1738.09641102 -1716.14020948 -1711.57244091 -1696.47124555
 -1688.61572679 -1672.71893395 -1662.38764465 -1660.58073616
 -1633.17642402 -1632.76742761 -1627.76604817 -1625.47150693]","[[1.81398222 0.02522238 1.25565363 1.04493587 0.14253516 5.18287139]
 [1.81398222 0.02522238 1.25565363 1.04493587 0.14253516 5.18287139]
 [1.81398222 0.02522238 1.25565363 1.04493587 0.14253516 5.18287139]
 [1.81398222 0.02522238 1.25565363 1.04493587 0.14253516 5.18287139]
 [1.81398222 0.02522238 1.25565363 1.04493587 0.14253516 5.18287139]
 [1.81398222 0.02522238 1.25565363 1.04493587 0.14253516 5.18287139]
 [1.81398222 0.02522238 1.25565363 1.04493587 0.14253516 5.18287139]
 [1.81398222 0.02522238 1.25565363 1.04493587 0.14253516 5.18287139]
 [1.81398222 0.02522238 1.25565363 1.04493587 0.14253516 5.18287139]
 [1.81398222 0.02522238 1.25565363 1.04493587 0.14253516 5.18287139]
 [1.81398222 0.02522238 1.25565363 1.04493587 0.14253516 5.18287139]
 [1.81398222 0.02522238 1.25565363 1.04493587 0.14253516 5.18287139]
 [1.81398222 0.02522238 1.25565363 1.04493587 0.14253516 5.18287139]
 [1.81398222 0.02522238 1.25565363 1.04493587 0.14253516 5.18287139]
 [1.81398222 0.02522238 1.25565363 1.04493587 0.14253516 5.18287139]
 [1.81398222 0.02522238 1.25565363 1.04493587 0.14253516 5.18287139]
 [1.81398222 0.02522238 1.25565363 1.04493587 0.14253516 5.18287139]
 [1.81398222 0.02522238 1.25565363 1.04493587 0.14253516 5.18287139]
 [1.81398222 0.02522238 1.25565363 1.04493587 0.14253516 5.18287139]
 [1.81398222 0.02522238 1.25565363 1.04493587 0.14253516 5.18287139]]"
5,6,"[[ 427.6639725   456.09714616  461.68773097  418.53784989  419.63336712
   210.83569886]
 [ 431.21489822  456.09701427  459.95604597  417.34226714  419.67454647
   214.07750034]
 [ 427.47312681  456.16767237  454.2539392   415.95450046  410.78518425
  -128.01313112]
 [ 420.80888382  456.11963043  455.92229204  416.6290052   428.03274033
  -120.54105285]
 [ 434.22908445  456.07482991  462.67094175  415.73273724  419.58794686
   216.41135053]
 [ 431.42593118  456.08485815  458.98976289  415.31205424  419.60797468
   226.724477  ]
 [ 429.23834908  456.14835971  456.77666202  419.10062093  410.32730059
  -123.03519516]
 [ 422.90507077  456.11251833  457.08407232  416.54178067  410.00586029
  -131.35046549]
 [ 428.50847665  456.36144523  458.50984293  416.46201452  419.6914512
  -118.12801654]
 [ 432.169876    456.37397616  457.63808477  415.74122175  418.85863042
  -117.9452626 ]
 [ 428.93918796  456.06138409  456.59302025  415.4808919   410.34686199
  -114.42961512]
 [ 420.91673939  456.07012287  457.26529072  414.85817644  410.43918687
  -113.61757195]
 [ 426.70026308  456.35538088  458.98928076  416.68537434  410.15577923
  -120.61577015]
 [ 428.04185848  456.09376171  462.47949263  416.6653027   410.25177432
   224.25384205]
 [ 434.05244418  456.08628475  461.78147868  414.01782003  411.26956394
   222.23036753]
 [ 423.94095477  456.13838668  460.30205187  420.54910452  410.13272063
  -123.61822007]
 [ 431.31059188  456.35380039  460.16330134  417.33201242  418.78890108
  -123.27885927]
 [ 427.68789121  456.12061567  459.11544031  416.43157904  410.31405771
  -118.13146817]
 [ 428.1550659   456.14978808  458.92376616  414.65959882  410.09240722
  -116.39630836]
 [ 429.79054479  456.0679905   459.76930205  415.68675231  410.41003572
  -128.23138634]]","[-1939.37885278 -1939.03350047 -1911.81819495 -1910.90474725
 -1897.74233956 -1893.33720128 -1891.18981792 -1889.16522451
 -1883.1365991  -1880.13693743 -1877.602979   -1877.28092662
 -1871.43103284 -1870.39345431 -1869.84349962 -1869.21759239
 -1868.63656634 -1867.41004644 -1861.71636099 -1861.64111098]","[[2.10518992 0.01005154 1.32919078 1.05648186 0.08757951 7.82011321]
 [2.10518992 0.01005154 1.32919078 1.05648186 0.08757951 7.82011321]
 [2.10518992 0.01005154 1.32919078 1.05648186 0.08757951 7.82011321]
 [2.10518992 0.01005154 1.32919078 1.05648186 0.08757951 7.82011321]
 [2.10518992 0.01005154 1.32919078 1.05648186 0.08757951 7.82011321]
 [2.10518992 0.01005154 1.32919078 1.05648186 0.08757951 7.82011321]
 [2.10518992 0.01005154 1.32919078 1.05648186 0.08757951 7.82011321]
 [2.10518992 0.01005154 1.32919078 1.05648186 0.08757951 7.82011321]
 [2.10518992 0.01005154 1.32919078 1.05648186 0.08757951 7.82011321]
 [2.10518992 0.01005154 1.32919078 1.05648186 0.08757951 7.82011321]
 [2.10518992 0.01005154 1.32919078 1.05648186 0.08757951 7.82011321]
 [2.10518992 0.01005154 1.32919078 1.05648186 0.08757951 7.82011321]
 [2.10518992 0.01005154 1.32919078 1.05648186 0.08757951 7.82011321]
 [2.10518992 0.01005154 1.32919078 1.05648186 0.08757951 7.82011321]
 [2.10518992 0.01005154 1.32919078 1.05648186 0.08757951 7.82011321]
 [2.10518992 0.01005154 1.32919078 1.05648186 0.08757951 7.82011321]
 [2.10518992 0.01005154 1.32919078 1.05648186 0.08757951 7.82011321]
 [2.10518992 0.01005154 1.32919078 1.05648186 0.08757951 7.82011321]
 [2.10518992 0.01005154 1.32919078 1.05648186 0.08757951 7.82011321]
 [2.10518992 0.01005154 1.32919078 1.05648186 0.08757951 7.82011321]]"
6,7,"[[425.65780009 456.35449802 458.18924491 417.36878695 419.626768
  202.27432364]
 [421.92782352 456.09439933 456.46227049 415.49233954 419.68687199
  216.17722577]
 [423.0260166  456.13502863 459.22683543 417.82945733 419.63898632
  202.16175453]
 [427.58531926 456.07363907 454.47194396 415.54204492 410.72565176
  217.53784126]
 [418.75471982 456.0738916  458.11497487 415.38835231 410.47812469
  206.34849022]
 [427.29562245 456.06311525 458.06540753 416.88049063 419.62398631
  214.05829035]
 [426.14913696 456.10502007 460.10730419 418.31153318 419.6408407
  204.84779362]
 [423.66693239 456.07830004 459.58308293 413.14883347 419.57365082
  208.06782174]
 [432.75878889 456.12262671 455.96359069 413.99785487 411.20595085
  212.02942791]
 [428.07367207 456.36117768 459.42574616 413.87269418 410.13995638
  201.6652402 ]
 [429.58741957 456.07183473 462.00191468 417.84273223 419.63635959
  203.9355143 ]
 [424.74861342 456.13332864 461.53496535 419.80131106 410.11528827
  206.32155015]
 [422.69434569 456.12076501 462.10648716 418.44349062 410.3923106
  203.74702925]
 [426.93186457 456.09163317 461.82720537 419.26972339 419.66612766
  214.04546071]
 [432.4385149  456.08872734 457.49667995 412.87073979 410.11308792
  216.39539968]
 [426.62309351 456.09161887 457.00047911 416.3997266  410.25435235
  222.54847096]
 [429.93151267 456.09167804 459.98629511 417.17917018 418.85254146
  218.50200165]
 [435.668878   456.14972707 460.27012528 415.58457353 419.61553123
  214.25735097]
 [429.64008122 456.09782462 462.16071387 413.35131605 419.5564197
  214.54831158]
 [431.96408615 456.0792452  463.24066185 413.52842199 419.70306551
  203.07128343]]","[-1975.5461193  -1973.31578751 -1971.13062554 -1966.50634802
 -1964.25043793 -1963.13842595 -1961.50153352 -1959.73685384
 -1956.42456767 -1942.03303895 -1938.85641234 -1935.87065243
 -1933.19385987 -1932.72217919 -1928.82787933 -1927.64308944
 -1927.5989134  -1919.50812859 -1916.4047568  -1915.95152196]","[[2.44314666e+00 4.00570569e-03 1.40703463e+00 1.06815544e+00
  5.38124832e-02 1.17992838e+01]
 [2.44314666e+00 4.00570569e-03 1.40703463e+00 1.06815544e+00
  5.38124832e-02 1.17992838e+01]
 [2.44314666e+00 4.00570569e-03 1.40703463e+00 1.06815544e+00
  5.38124832e-02 1.17992838e+01]
 [2.44314666e+00 4.00570569e-03 1.40703463e+00 1.06815544e+00
  5.38124832e-02 1.17992838e+01]
 [2.44314666e+00 4.00570569e-03 1.40703463e+00 1.06815544e+00
  5.38124832e-02 1.17992838e+01]
 [2.44314666e+00 4.00570569e-03 1.40703463e+00 1.06815544e+00
  5.38124832e-02 1.17992838e+01]
 [2.44314666e+00 4.00570569e-03 1.40703463e+00 1.06815544e+00
  5.38124832e-02 1.17992838e+01]
 [2.44314666e+00 4.00570569e-03 1.40703463e+00 1.06815544e+00
  5.38124832e-02 1.17992838e+01]
 [2.44314666e+00 4.00570569e-03 1.40703463e+00 1.06815544e+00
  5.38124832e-02 1.17992838e+01]
 [2.44314666e+00 4.00570569e-03 1.40703463e+00 1.06815544e+00
  5.38124832e-02 1.17992838e+01]
 [2.44314666e+00 4.00570569e-03 1.40703463e+00 1.06815544e+00
  5.38124832e-02 1.17992838e+01]
 [2.44314666e+00 4.00570569e-03 1.40703463e+00 1.06815544e+00
  5.38124832e-02 1.17992838e+01]
 [2.44314666e+00 4.00570569e-03 1.40703463e+00 1.06815544e+00
  5.38124832e-02 1.17992838e+01]
 [2.44314666e+00 4.00570569e-03 1.40703463e+00 1.06815544e+00
  5.38124832e-02 1.17992838e+01]
 [2.44314666e+00 4.00570569e-03 1.40703463e+00 1.06815544e+00
  5.38124832e-02 1.17992838e+01]
 [2.44314666e+00 4.00570569e-03 1.40703463e+00 1.06815544e+00
  5.38124832e-02 1.17992838e+01]
 [2.44314666e+00 4.00570569e-03 1.40703463e+00 1.06815544e+00
  5.38124832e-02 1.17992838e+01]
 [2.44314666e+00 4.00570569e-03 1.40703463e+00 1.06815544e+00
  5.38124832e-02 1.17992838e+01]
 [2.44314666e+00 4.00570569e-03 1.40703463e+00 1.06815544e+00
  5.38124832e-02 1.17992838e+01]
 [2.44314666e+00 4.00570569e-03 1.40703463e+00 1.06815544e+00
  5.38124832e-02 1.17992838e+01]]"
7,8,"[[425.44461595 456.089188   455.65165032 415.39852248 419.65864854
  200.25659008]
 [428.12769    456.06230747 453.66908277 416.97269404 410.70554078
  197.66963194]
 [419.72113515 456.13389729 456.49000385 420.50144027 419.73962257
  211.28733973]
 [424.84801243 456.35504528 456.26082644 417.08789707 419.57763599
  210.50866556]
 [425.31978389 456.35362859 456.60089044 415.45218508 419.63707223
  207.29487041]
 [423.92529603 456.12170193 455.25393856 416.42857443 410.15134692
  199.02061396]
 [421.77042187 456.10442618 455.5915822  414.78574134 410.75595089
  211.35075655]
 [421.12057061 456.09500224 455.05270473 414.30213444 410.45985324
  212.94190592]
 [431.57849854 456.07776573 453.42863367 415.98938116 419.61609086
  217.9097866 ]
 [424.14685504 456.13704405 458.284822   416.59141706 419.62079211
  203.38430002]
 [423.31867752 456.13508159 456.63003311 417.20036873 410.48184167
  199.87273709]
 [416.64161118 456.07402556 455.6783088  416.9227835  411.17730167
  194.07212221]
 [427.63554982 456.13167697 456.37882574 417.07656654 410.1020009
  205.76653683]
 [422.50459337 456.12284638 454.99337752 416.01252194 411.21648488
  216.30923954]
 [426.73278545 456.12032586 457.31172303 417.95471543 419.71531057
  194.44182207]
 [426.60270844 456.06465847 458.36192834 415.38702442 419.66114942
  202.67986039]
 [421.46392162 456.13520848 457.38430325 416.56803888 419.63866892
  215.16961641]
 [429.769624   456.07904107 457.71920725 413.58452787 419.70711912
  208.05462014]
 [426.77415198 456.09152663 456.36009517 419.22415466 410.28592142
  193.5486863 ]
 [427.68915364 456.13532557 458.46120951 420.05871971 410.16943598
  201.78743274]]","[-1995.03700933 -1992.44798979 -1988.69387868 -1986.5401351
 -1985.57716733 -1984.9433037  -1978.48227062 -1977.97395685
 -1977.94666581 -1977.49006748 -1976.88291288 -1974.90757934
 -1974.38581176 -1973.14776938 -1973.09358971 -1973.05861761
 -1969.87631432 -1967.50177905 -1965.54168832 -1959.06623769]","[[2.83535729e+00 1.59634054e-03 1.48943738e+00 1.07995800e+00
  3.30646202e-02 1.78032076e+01]
 [2.83535729e+00 1.59634054e-03 1.48943738e+00 1.07995800e+00
  3.30646202e-02 1.78032076e+01]
 [2.83535729e+00 1.59634054e-03 1.48943738e+00 1.07995800e+00
  3.30646202e-02 1.78032076e+01]
 [2.83535729e+00 1.59634054e-03 1.48943738e+00 1.07995800e+00
  3.30646202e-02 1.78032076e+01]
 [2.83535729e+00 1.59634054e-03 1.48943738e+00 1.07995800e+00
  3.30646202e-02 1.78032076e+01]
 [2.83535729e+00 1.59634054e-03 1.48943738e+00 1.07995800e+00
  3.30646202e-02 1.78032076e+01]
 [2.83535729e+00 1.59634054e-03 1.48943738e+00 1.07995800e+00
  3.30646202e-02 1.78032076e+01]
 [2.83535729e+00 1.59634054e-03 1.48943738e+00 1.07995800e+00
  3.30646202e-02 1.78032076e+01]
 [2.83535729e+00 1.59634054e-03 1.48943738e+00 1.07995800e+00
  3.30646202e-02 1.78032076e+01]
 [2.83535729e+00 1.59634054e-03 1.48943738e+00 1.07995800e+00
  3.30646202e-02 1.78032076e+01]
 [2.83535729e+00 1.59634054e-03 1.48943738e+00 1.07995800e+00
  3.30646202e-02 1.78032076e+01]
 [2.83535729e+00 1.59634054e-03 1.48943738e+00 1.07995800e+00
  3.30646202e-02 1.78032076e+01]
 [2.83535729e+00 1.59634054e-03 1.48943738e+00 1.07995800e+00
  3.30646202e-02 1.78032076e+01]
 [2.83535729e+00 1.59634054e-03 1.48943738e+00 1.07995800e+00
  3.30646202e-02 1.78032076e+01]
 [2.83535729e+00 1.59634054e-03 1.48943738e+00 1.07995800e+00
  3.30646202e-02 1.78032076e+01]
 [2.83535729e+00 1.59634054e-03 1.48943738e+00 1.07995800e+00
  3.30646202e-02 1.78032076e+01]
 [2.83535729e+00 1.59634054e-03 1.48943738e+00 1.07995800e+00
  3.30646202e-02 1.78032076e+01]
 [2.83535729e+00 1.59634054e-03 1.48943738e+00 1.07995800e+00
  3.30646202e-02 1.78032076e+01]
 [2.83535729e+00 1.59634054e-03 1.48943738e+00 1.07995800e+00
  3.30646202e-02 1.78032076e+01]
 [2.83535729e+00 1.59634054e-03 1.48943738e+00 1.07995800e+00
  3.30646202e-02 1.78032076e+01]]"
8,9,"[[422.14144998 456.06454043 453.39008296 417.23915898 419.66410531
  201.32752315]
 [422.87649105 456.12173953 452.88918417 416.83623379 410.18379925
  209.30959295]
 [423.36084049 456.13115618 453.77274647 417.49803472 410.43181196
  205.82364131]
 [422.76414238 456.13597373 455.31159091 417.55864355 419.66611027
  198.23934722]
 [414.14603562 456.07405996 453.07166953 417.13992379 419.61458154
  192.49250097]
 [426.95759543 456.13728403 455.45517554 419.4952973  419.60686186
  204.56971358]
 [426.1167638  456.06250987 452.74916873 415.97052561 410.14667946
  196.49580872]
 [428.25170816 456.0787002  453.92676043 415.3283165  419.68821024
  212.3120917 ]
 [416.28165922 456.07340061 454.65803235 416.70957883 419.61725673
  194.91857751]
 [424.29023524 456.12249741 453.88296093 415.12662598 411.20375918
  210.03533912]
 [422.04057788 456.12061394 453.65630634 421.05858964 419.72814834
  217.91603352]
 [421.63468252 456.13377231 456.18593758 414.06981588 419.73241417
  202.74104799]
 [428.04281369 456.07976493 455.34743172 412.20142394 419.71221068
  204.5160857 ]
 [424.55797806 456.35430843 455.12523863 414.35649961 419.62797058
  212.29157111]
 [425.39300508 456.06213252 453.42362774 418.1509871  410.70028688
  215.07400369]
 [426.29078942 456.13231801 454.38276759 415.0456073  419.63802352
  215.88753469]
 [425.53558913 456.09017451 455.08824602 414.09393857 419.66772466
  213.84062357]
 [426.09613142 456.13565266 455.20707606 416.4751841  410.20055443
  203.90113866]
 [425.45155298 456.13596383 455.72151342 420.66270679 410.18412157
  204.64620434]
 [420.06220151 456.13466383 454.39236769 412.34876439 410.42064168
  209.88117134]]","[-2018.02375118 -2003.2392663  -2000.89855756 -1999.58453013
 -1999.36456232 -1999.35042546 -1997.87573461 -1996.68392057
 -1995.99571845 -1994.21257264 -1993.05640505 -1992.3019663
 -1989.56197324 -1988.81610163 -1987.97872    -1986.18100181
 -1986.16289447 -1986.0775933  -1985.19458032 -1984.75331876]","[[3.29053148e+00 6.36168336e-04 1.57666604e+00 1.09189097e+00
  2.03162732e-02 2.68621558e+01]
 [3.29053148e+00 6.36168336e-04 1.57666604e+00 1.09189097e+00
  2.03162732e-02 2.68621558e+01]
 [3.29053148e+00 6.36168336e-04 1.57666604e+00 1.09189097e+00
  2.03162732e-02 2.68621558e+01]
 [3.29053148e+00 6.36168336e-04 1.57666604e+00 1.09189097e+00
  2.03162732e-02 2.68621558e+01]
 [3.29053148e+00 6.36168336e-04 1.57666604e+00 1.09189097e+00
  2.03162732e-02 2.68621558e+01]
 [3.29053148e+00 6.36168336e-04 1.57666604e+00 1.09189097e+00
  2.03162732e-02 2.68621558e+01]
 [3.29053148e+00 6.36168336e-04 1.57666604e+00 1.09189097e+00
  2.03162732e-02 2.68621558e+01]
 [3.29053148e+00 6.36168336e-04 1.57666604e+00 1.09189097e+00
  2.03162732e-02 2.68621558e+01]
 [3.29053148e+00 6.36168336e-04 1.57666604e+00 1.09189097e+00
  2.03162732e-02 2.68621558e+01]
 [3.29053148e+00 6.36168336e-04 1.57666604e+00 1.09189097e+00
  2.03162732e-02 2.68621558e+01]
 [3.29053148e+00 6.36168336e-04 1.57666604e+00 1.09189097e+00
  2.03162732e-02 2.68621558e+01]
 [3.29053148e+00 6.36168336e-04 1.57666604e+00 1.09189097e+00
  2.03162732e-02 2.68621558e+01]
 [3.29053148e+00 6.36168336e-04 1.57666604e+00 1.09189097e+00
  2.03162732e-02 2.68621558e+01]
 [3.29053148e+00 6.36168336e-04 1.57666604e+00 1.09189097e+00
  2.03162732e-02 2.68621558e+01]
 [3.29053148e+00 6.36168336e-04 1.57666604e+00 1.09189097e+00
  2.03162732e-02 2.68621558e+01]
 [3.29053148e+00 6.36168336e-04 1.57666604e+00 1.09189097e+00
  2.03162732e-02 2.68621558e+01]
 [3.29053148e+00 6.36168336e-04 1.57666604e+00 1.09189097e+00
  2.03162732e-02 2.68621558e+01]
 [3.29053148e+00 6.36168336e-04 1.57666604e+00 1.09189097e+00
  2.03162732e-02 2.68621558e+01]
 [3.29053148e+00 6.36168336e-04 1.57666604e+00 1.09189097e+00
  2.03162732e-02 2.68621558e+01]
 [3.29053148e+00 6.36168336e-04 1.57666604e+00 1.09189097e+00
  2.03162732e-02 2.68621558e+01]]"
9,10,"[[423.18318327 456.07332616 448.86422924 417.48221167 419.62706029
  220.21991147]
 [422.93363479 456.12173397 451.80450722 415.84825956 410.20744192
  207.1188889 ]
 [424.97800134 456.07352409 453.59796207 417.40818911 419.60884352
  210.105004  ]
 [430.18909245 456.13704699 451.85966819 411.67208152 419.71654058
  197.69305906]
 [428.46643192 456.07838069 450.31335092 415.57820206 410.15384354
  193.32892811]
 [429.99271087 456.12050644 454.11783409 419.49726148 419.70336958
  205.55159561]
 [428.73905378 456.13590133 452.49671307 419.8222301  410.18963107
  199.17161894]
 [421.75950368 456.07922673 451.56182055 414.43957268 419.68502332
  188.7070428 ]
 [419.91789685 456.12035868 454.3900875  417.23788347 419.72062958
  213.29657738]
 [430.37920312 456.12239376 453.52891438 413.49945306 419.73024972
  207.90344695]
 [424.14045423 456.09005724 453.68450912 414.28848048 419.66513422
  193.56313904]
 [422.12137998 456.07923953 452.73172771 415.59968748 411.20229754
  192.49911635]
 [408.84312047 456.07343595 454.01340109 415.87425779 419.6049964
  202.04494418]
 [413.55220417 456.07330369 454.83371776 414.71879495 419.6295232
  197.06803512]
 [420.17982198 456.12182161 453.32911082 416.45468507 419.65812021
  218.78996069]
 [421.47947513 456.13606612 456.8632942  415.75663837 419.62506636
  204.98890773]
 [423.52553347 456.0787491  453.53613043 421.49285979 419.74022135
  219.71297924]
 [426.82028765 456.1309919  453.18530037 416.8915075  410.42868182
  215.0845021 ]
 [419.12430558 456.07412153 455.8201535  419.75270155 410.19879518
  198.95696568]
 [420.54413893 456.13369633 457.02279171 414.40706526 419.73848068
  199.52988485]]","[-2016.7351103  -2012.51910691 -2010.40573019 -2005.17366677
 -2003.95384433 -2003.85559976 -2001.98486971 -2000.56829701
 -1999.37383731 -1998.94904874 -1998.30063465 -1994.06038878
 -1993.9336416  -1992.06371385 -1989.83924404 -1989.32801242
 -1986.91618504 -1985.53980007 -1983.97937382 -1983.95154573]","[[3.81877707e+00 2.53523695e-04 1.66900323e+00 1.10395579e+00
  1.24831604e-02 4.05306410e+01]
 [3.81877707e+00 2.53523695e-04 1.66900323e+00 1.10395579e+00
  1.24831604e-02 4.05306410e+01]
 [3.81877707e+00 2.53523695e-04 1.66900323e+00 1.10395579e+00
  1.24831604e-02 4.05306410e+01]
 [3.81877707e+00 2.53523695e-04 1.66900323e+00 1.10395579e+00
  1.24831604e-02 4.05306410e+01]
 [3.81877707e+00 2.53523695e-04 1.66900323e+00 1.10395579e+00
  1.24831604e-02 4.05306410e+01]
 [3.81877707e+00 2.53523695e-04 1.66900323e+00 1.10395579e+00
  1.24831604e-02 4.05306410e+01]
 [3.81877707e+00 2.53523695e-04 1.66900323e+00 1.10395579e+00
  1.24831604e-02 4.05306410e+01]
 [3.81877707e+00 2.53523695e-04 1.66900323e+00 1.10395579e+00
  1.24831604e-02 4.05306410e+01]
 [3.81877707e+00 2.53523695e-04 1.66900323e+00 1.10395579e+00
  1.24831604e-02 4.05306410e+01]
 [3.81877707e+00 2.53523695e-04 1.66900323e+00 1.10395579e+00
  1.24831604e-02 4.05306410e+01]
 [3.81877707e+00 2.53523695e-04 1.66900323e+00 1.10395579e+00
  1.24831604e-02 4.05306410e+01]
 [3.81877707e+00 2.53523695e-04 1.66900323e+00 1.10395579e+00
  1.24831604e-02 4.05306410e+01]
 [3.81877707e+00 2.53523695e-04 1.66900323e+00 1.10395579e+00
  1.24831604e-02 4.05306410e+01]
 [3.81877707e+00 2.53523695e-04 1.66900323e+00 1.10395579e+00
  1.24831604e-02 4.05306410e+01]
 [3.81877707e+00 2.53523695e-04 1.66900323e+00 1.10395579e+00
  1.24831604e-02 4.05306410e+01]
 [3.81877707e+00 2.53523695e-04 1.66900323e+00 1.10395579e+00
  1.24831604e-02 4.05306410e+01]
 [3.81877707e+00 2.53523695e-04 1.66900323e+00 1.10395579e+00
  1.24831604e-02 4.05306410e+01]
 [3.81877707e+00 2.53523695e-04 1.66900323e+00 1.10395579e+00
  1.24831604e-02 4.05306410e+01]
 [3.81877707e+00 2.53523695e-04 1.66900323e+00 1.10395579e+00
  1.24831604e-02 4.05306410e+01]
 [3.81877707e+00 2.53523695e-04 1.66900323e+00 1.10395579e+00
  1.24831604e-02 4.05306410e+01]]"
10,11,"[[423.19864756 456.0735273  450.86465506 415.89746764 419.6104392
  207.92069378]
 [428.44682652 456.12199182 448.561896   418.83553272 410.21254701
  203.91523243]
 [420.51170053 456.07848254 451.26191782 423.81212746 411.21152901
  205.23341838]
 [418.78384929 456.07325672 448.99720142 416.75112621 410.21102587
  214.19688394]
 [425.58539675 456.12167341 452.86819321 415.32791434 419.62976098
  202.09939746]
 [435.53789809 456.07834462 448.11301152 415.56643846 419.71894344
  213.34838553]
 [423.20735157 456.07937359 453.20954385 420.31766424 419.69248077
  196.69860347]
 [413.70799358 456.0732949  452.34450081 415.76235763 419.63867428
  209.8457898 ]
 [433.66017322 456.07326614 449.92734126 410.10142344 419.64422527
  203.85889657]
 [412.81209138 456.07349508 452.36133036 416.65481261 419.61234189
  194.47848392]
 [424.37579721 456.1216388  454.24896106 416.94429116 419.64809343
  197.21053832]
 [425.00976661 456.07928099 452.12373007 415.02033373 411.21594413
  192.33153708]
 [432.30950055 456.12237407 450.66762356 413.03239601 419.72875231
  216.61933479]
 [420.19314818 456.13368051 456.51946069 418.87137133 419.73856971
  204.96138317]
 [428.42698808 456.13583341 450.49326191 418.02378641 419.67004313
  221.67756891]
 [429.90752321 456.12062715 454.48755309 413.10773187 419.66895433
  206.97786665]
 [421.71146443 456.13594838 454.64750147 418.74512254 419.7477137
  192.07122253]
 [428.6356014  456.07838355 451.59788196 416.95994751 410.15347447
  191.93725553]
 [416.11368617 456.07353732 449.46803546 414.54426184 419.59607843
  223.91147261]
 [429.93446056 456.12244508 454.34187219 415.76625428 419.66066253
  212.78854391]]","[-2032.99357237 -2032.41565857 -2023.17986081 -2021.02376694
 -2017.09569988 -2015.69772928 -2014.91009003 -2013.74311282
 -2010.5076824  -2006.66742083 -2004.74337775 -1995.36640547
 -1995.19498953 -1994.99936308 -1993.1152347  -1992.82702601
 -1992.7471541  -1992.40367728 -1990.31745572 -1989.246054  ]","[[4.43182458e+00 1.01033422e-04 1.76674814e+00 1.11615393e+00
  7.67017115e-03 6.11541706e+01]
 [4.43182458e+00 1.01033422e-04 1.76674814e+00 1.11615393e+00
  7.67017115e-03 6.11541706e+01]
 [4.43182458e+00 1.01033422e-04 1.76674814e+00 1.11615393e+00
  7.67017115e-03 6.11541706e+01]
 [4.43182458e+00 1.01033422e-04 1.76674814e+00 1.11615393e+00
  7.67017115e-03 6.11541706e+01]
 [4.43182458e+00 1.01033422e-04 1.76674814e+00 1.11615393e+00
  7.67017115e-03 6.11541706e+01]
 [4.43182458e+00 1.01033422e-04 1.76674814e+00 1.11615393e+00
  7.67017115e-03 6.11541706e+01]
 [4.43182458e+00 1.01033422e-04 1.76674814e+00 1.11615393e+00
  7.67017115e-03 6.11541706e+01]
 [4.43182458e+00 1.01033422e-04 1.76674814e+00 1.11615393e+00
  7.67017115e-03 6.11541706e+01]
 [4.43182458e+00 1.01033422e-04 1.76674814e+00 1.11615393e+00
  7.67017115e-03 6.11541706e+01]
 [4.43182458e+00 1.01033422e-04 1.76674814e+00 1.11615393e+00
  7.67017115e-03 6.11541706e+01]
 [4.43182458e+00 1.01033422e-04 1.76674814e+00 1.11615393e+00
  7.67017115e-03 6.11541706e+01]
 [4.43182458e+00 1.01033422e-04 1.76674814e+00 1.11615393e+00
  7.67017115e-03 6.11541706e+01]
 [4.43182458e+00 1.01033422e-04 1.76674814e+00 1.11615393e+00
  7.67017115e-03 6.11541706e+01]
 [4.43182458e+00 1.01033422e-04 1.76674814e+00 1.11615393e+00
  7.67017115e-03 6.11541706e+01]
 [4.43182458e+00 1.01033422e-04 1.76674814e+00 1.11615393e+00
  7.67017115e-03 6.11541706e+01]
 [4.43182458e+00 1.01033422e-04 1.76674814e+00 1.11615393e+00
  7.67017115e-03 6.11541706e+01]
 [4.43182458e+00 1.01033422e-04 1.76674814e+00 1.11615393e+00
  7.67017115e-03 6.11541706e+01]
 [4.43182458e+00 1.01033422e-04 1.76674814e+00 1.11615393e+00
  7.67017115e-03 6.11541706e+01]
 [4.43182458e+00 1.01033422e-04 1.76674814e+00 1.11615393e+00
  7.67017115e-03 6.11541706e+01]
 [4.43182458e+00 1.01033422e-04 1.76674814e+00 1.11615393e+00
  7.67017115e-03 6.11541706e+01]]"
11,12,"[[436.38476707 456.07321968 452.30787118 418.80807577 410.20732806
  416.62433983]
 [435.90591134 456.07349023 448.83047452 412.93257284 419.66904348
  394.82394764]
 [421.39149864 456.07357704 457.7011701  413.37592264 419.59125535
  401.03875029]
 [412.71160708 456.13369115 447.23752172 419.34827772 419.59098008
  202.01454265]
 [421.7881149  456.07355198 447.04693758 415.15278698 419.65292979
  193.03566194]
 [418.80609456 456.13370485 447.4604871  414.59719523 419.59483549
  213.59960228]
 [418.20335691 456.07931779 450.46000296 418.55124293 419.68628825
  376.67806157]
 [432.85483577 456.07850947 448.81813001 422.87458057 419.72081016
  200.86030805]
 [425.28230415 456.12247962 449.70854093 414.19825451 419.64316753
  211.58644874]
 [424.61248343 456.12193953 446.55765995 418.80339479 410.20601222
  217.01874473]
 [421.81533661 456.07940016 453.15165847 420.08759777 419.69255585
  205.44572644]
 [416.26821065 456.12237467 452.41461526 415.42816533 419.7266682
  204.89019834]
 [429.89158043 456.12239803 449.57628969 419.55517304 419.72480966
  216.55279817]
 [417.73846094 456.1216841  453.9037624  418.00117225 419.62949572
  199.02322301]
 [424.80410668 456.07935831 452.47961954 419.12313937 410.21059319
  202.08867367]
 [422.09873368 456.07849832 452.10924108 417.42759602 411.21258356
  212.08770835]
 [423.00392366 456.07350199 454.92638474 424.39521776 419.591801
  206.04779719]
 [417.60106211 456.13586885 452.09801471 415.58136099 419.59623227
  215.93139506]
 [421.81057132 456.12068089 453.53688995 412.26203993 419.66971352
  375.92172384]
 [424.46533749 456.07928876 452.68219786 417.17801605 419.71591136
  190.39071204]]","[-2198.79619956 -2151.52338132 -2147.71357327 -2053.38648462
 -2045.53730973 -2043.40845181 -2037.92230038 -2033.61440617
 -2030.81616581 -2028.45091994 -2021.88304598 -2020.74331858
 -2016.71333246 -2011.05111966 -2010.4681328  -2007.94032247
 -2006.23621303 -2006.01062301 -2000.75188891 -2000.26597005]","[[5.14328770e+00 4.02635040e-05 1.87021746e+00 1.12848685e+00
  4.71287109e-03 9.22717353e+01]
 [5.14328770e+00 4.02635040e-05 1.87021746e+00 1.12848685e+00
  4.71287109e-03 9.22717353e+01]
 [5.14328770e+00 4.02635040e-05 1.87021746e+00 1.12848685e+00
  4.71287109e-03 9.22717353e+01]
 [5.14328770e+00 4.02635040e-05 1.87021746e+00 1.12848685e+00
  4.71287109e-03 9.22717353e+01]
 [5.14328770e+00 4.02635040e-05 1.87021746e+00 1.12848685e+00
  4.71287109e-03 9.22717353e+01]
 [5.14328770e+00 4.02635040e-05 1.87021746e+00 1.12848685e+00
  4.71287109e-03 9.22717353e+01]
 [5.14328770e+00 4.02635040e-05 1.87021746e+00 1.12848685e+00
  4.71287109e-03 9.22717353e+01]
 [5.14328770e+00 4.02635040e-05 1.87021746e+00 1.12848685e+00
  4.71287109e-03 9.22717353e+01]
 [5.14328770e+00 4.02635040e-05 1.87021746e+00 1.12848685e+00
  4.71287109e-03 9.22717353e+01]
 [5.14328770e+00 4.02635040e-05 1.87021746e+00 1.12848685e+00
  4.71287109e-03 9.22717353e+01]
 [5.14328770e+00 4.02635040e-05 1.87021746e+00 1.12848685e+00
  4.71287109e-03 9.22717353e+01]
 [5.14328770e+00 4.02635040e-05 1.87021746e+00 1.12848685e+00
  4.71287109e-03 9.22717353e+01]
 [5.14328770e+00 4.02635040e-05 1.87021746e+00 1.12848685e+00
  4.71287109e-03 9.22717353e+01]
 [5.14328770e+00 4.02635040e-05 1.87021746e+00 1.12848685e+00
  4.71287109e-03 9.22717353e+01]
 [5.14328770e+00 4.02635040e-05 1.87021746e+00 1.12848685e+00
  4.71287109e-03 9.22717353e+01]
 [5.14328770e+00 4.02635040e-05 1.87021746e+00 1.12848685e+00
  4.71287109e-03 9.22717353e+01]
 [5.14328770e+00 4.02635040e-05 1.87021746e+00 1.12848685e+00
  4.71287109e-03 9.22717353e+01]
 [5.14328770e+00 4.02635040e-05 1.87021746e+00 1.12848685e+00
  4.71287109e-03 9.22717353e+01]
 [5.14328770e+00 4.02635040e-05 1.87021746e+00 1.12848685e+00
  4.71287109e-03 9.22717353e+01]
 [5.14328770e+00 4.02635040e-05 1.87021746e+00 1.12848685e+00
  4.71287109e-03 9.22717353e+01]]"
12,13,"[[436.38476707 456.07850947 448.81813001 422.87458057 419.72081016
  416.62433983]
 [431.03730701 456.13371609 447.94564885 418.9956389  419.59151031
  404.67616786]
 [420.93764836 456.07357013 446.22720972 414.49066851 419.59009041
  442.34218657]
 [436.38476707 456.07931779 450.46000296 418.55124293 410.20732806
  416.62433983]
 [436.38476707 456.07935831 452.30787118 419.12313937 410.21059319
  416.62433983]
 [418.87530409 456.07357146 458.09044908 423.79627624 419.58765515
  419.79600302]
 [430.6600796  456.07346473 448.50538777 413.83117696 419.67036992
  442.82944856]
 [421.39149864 456.07935831 452.47961954 419.12313937 410.21059319
  401.03875029]
 [422.88524297 456.07357565 456.43036453 414.71092325 410.21088917
  435.9202149 ]
 [429.39066834 456.12238255 447.47809508 418.6532721  419.7214762
  451.93016874]
 [435.90591134 456.07849832 448.83047452 412.93257284 419.66904348
  394.82394764]
 [417.2816878  456.0793288  449.18429276 416.9505866  419.68508186
  389.72337325]
 [434.6722179  456.12248558 447.10571071 415.13345106 419.64690234
  452.14365251]
 [435.20059815 456.07851743 448.80760016 424.94243895 419.7197068
  453.88344251]
 [425.81784683 456.07355143 458.37156124 411.8466705  410.20869878
  445.84845425]
 [439.30436559 456.12069571 444.42209443 412.75781933 419.66975782
  457.86654248]
 [422.08733674 456.12066558 449.72344815 417.77925338 419.66989192
  380.88606674]
 [418.20335691 456.07850947 448.81813001 418.55124293 419.68628825
  376.67806157]
 [421.81533661 456.13370485 447.4604871  420.08759777 419.59483549
  213.59960228]
 [421.81533661 456.07940016 449.57628969 419.55517304 419.69255585
  205.44572644]]","[-2237.45840301 -2229.20744352 -2224.44974939 -2211.7699364
 -2198.91481009 -2198.72747056 -2194.56393278 -2181.08858282
 -2166.43062461 -2152.04437136 -2151.48330743 -2148.22135244
 -2134.56024026 -2111.48083425 -2094.01616055 -2083.35467684
 -2078.80891659 -2049.06200278 -2048.90917824 -2047.1931043 ]","[[5.96896558e+00 1.60456780e-05 1.97974644e+00 1.14095604e+00
  2.89578335e-03 1.39223099e+02]
 [5.96896558e+00 1.60456780e-05 1.97974644e+00 1.14095604e+00
  2.89578335e-03 1.39223099e+02]
 [5.96896558e+00 1.60456780e-05 1.97974644e+00 1.14095604e+00
  2.89578335e-03 1.39223099e+02]
 [5.96896558e+00 1.60456780e-05 1.97974644e+00 1.14095604e+00
  2.89578335e-03 1.39223099e+02]
 [5.96896558e+00 1.60456780e-05 1.97974644e+00 1.14095604e+00
  2.89578335e-03 1.39223099e+02]
 [5.96896558e+00 1.60456780e-05 1.97974644e+00 1.14095604e+00
  2.89578335e-03 1.39223099e+02]
 [5.96896558e+00 1.60456780e-05 1.97974644e+00 1.14095604e+00
  2.89578335e-03 1.39223099e+02]
 [5.96896558e+00 1.60456780e-05 1.97974644e+00 1.14095604e+00
  2.89578335e-03 1.39223099e+02]
 [5.96896558e+00 1.60456780e-05 1.97974644e+00 1.14095604e+00
  2.89578335e-03 1.39223099e+02]
 [5.96896558e+00 1.60456780e-05 1.97974644e+00 1.14095604e+00
  2.89578335e-03 1.39223099e+02]
 [5.96896558e+00 1.60456780e-05 1.97974644e+00 1.14095604e+00
  2.89578335e-03 1.39223099e+02]
 [5.96896558e+00 1.60456780e-05 1.97974644e+00 1.14095604e+00
  2.89578335e-03 1.39223099e+02]
 [5.96896558e+00 1.60456780e-05 1.97974644e+00 1.14095604e+00
  2.89578335e-03 1.39223099e+02]
 [5.96896558e+00 1.60456780e-05 1.97974644e+00 1.14095604e+00
  2.89578335e-03 1.39223099e+02]
 [5.96896558e+00 1.60456780e-05 1.97974644e+00 1.14095604e+00
  2.89578335e-03 1.39223099e+02]
 [5.96896558e+00 1.60456780e-05 1.97974644e+00 1.14095604e+00
  2.89578335e-03 1.39223099e+02]
 [5.96896558e+00 1.60456780e-05 1.97974644e+00 1.14095604e+00
  2.89578335e-03 1.39223099e+02]
 [5.96896558e+00 1.60456780e-05 1.97974644e+00 1.14095604e+00
  2.89578335e-03 1.39223099e+02]
 [5.96896558e+00 1.60456780e-05 1.97974644e+00 1.14095604e+00
  2.89578335e-03 1.39223099e+02]
 [5.96896558e+00 1.60456780e-05 1.97974644e+00 1.14095604e+00
  2.89578335e-03 1.39223099e+02]]"
13,14,"[[431.69283385 456.1224832  442.57349966 415.49482312 410.21023007
  426.42866542]
 [415.89161918 456.07356114 446.09781239 416.1851718  419.5882894
  435.03293817]
 [430.87398264 456.12066767 447.22286977 416.95837266 419.64856611
  431.48482229]
 [418.87530409 456.07357146 452.30787118 419.12313937 419.58765515
  419.79600302]
 [422.08733674 456.12066558 449.72344815 417.77925338 419.66989192
  435.9202149 ]
 [436.38476707 456.07940016 449.57628969 419.55517304 419.69255585
  416.62433983]
 [422.88524297 456.07357565 449.57628969 414.71092325 419.69255585
  435.9202149 ]
 [422.08733674 456.12066558 449.72344815 417.77925338 419.59151031
  404.67616786]
 [421.39149864 456.07357013 446.22720972 419.12313937 419.59009041
  442.34218657]
 [420.93764836 456.07935831 446.22720972 419.12313937 419.59009041
  442.34218657]
 [418.87530409 456.07935831 452.47961954 423.79627624 410.21059319
  419.79600302]
 [420.93764836 456.07850947 446.22720972 414.49066851 419.59009041
  442.34218657]
 [436.38476707 456.07935831 448.81813001 422.87458057 410.21059319
  416.62433983]
 [436.38476707 456.07931779 449.72344815 418.55124293 410.20732806
  416.62433983]
 [421.73716465 456.12238277 451.16472839 417.43183548 410.21116061
  435.05227237]
 [438.20237531 456.07852331 448.19714925 426.70563204 419.71972013
  408.14551937]
 [442.6646232  456.12238518 448.26115273 419.57245148 419.72220556
  425.39303727]
 [429.63776355 456.07936799 452.27349862 417.90021063 419.66889934
  406.54762534]
 [420.93764836 456.07357013 448.81813001 414.49066851 419.59009041
  442.34218657]
 [417.29964774 456.12066706 449.69569668 414.44863794 419.67027826
  441.81726356]]","[-2270.64315389 -2256.35348558 -2251.70632664 -2244.64032234
 -2234.18267782 -2232.57562069 -2231.62114968 -2229.37624802
 -2229.26883153 -2229.24494788 -2228.53818973 -2224.41022556
 -2223.18953108 -2216.83167195 -2212.84848002 -2212.36864661
 -2212.17436549 -2209.54140207 -2208.01039455 -2202.72262732]","[[6.92719368e+00 6.39447038e-06 2.09568997e+00 1.15356300e+00
  1.77928932e-03 2.10065100e+02]
 [6.92719368e+00 6.39447038e-06 2.09568997e+00 1.15356300e+00
  1.77928932e-03 2.10065100e+02]
 [6.92719368e+00 6.39447038e-06 2.09568997e+00 1.15356300e+00
  1.77928932e-03 2.10065100e+02]
 [6.92719368e+00 6.39447038e-06 2.09568997e+00 1.15356300e+00
  1.77928932e-03 2.10065100e+02]
 [6.92719368e+00 6.39447038e-06 2.09568997e+00 1.15356300e+00
  1.77928932e-03 2.10065100e+02]
 [6.92719368e+00 6.39447038e-06 2.09568997e+00 1.15356300e+00
  1.77928932e-03 2.10065100e+02]
 [6.92719368e+00 6.39447038e-06 2.09568997e+00 1.15356300e+00
  1.77928932e-03 2.10065100e+02]
 [6.92719368e+00 6.39447038e-06 2.09568997e+00 1.15356300e+00
  1.77928932e-03 2.10065100e+02]
 [6.92719368e+00 6.39447038e-06 2.09568997e+00 1.15356300e+00
  1.77928932e-03 2.10065100e+02]
 [6.92719368e+00 6.39447038e-06 2.09568997e+00 1.15356300e+00
  1.77928932e-03 2.10065100e+02]
 [6.92719368e+00 6.39447038e-06 2.09568997e+00 1.15356300e+00
  1.77928932e-03 2.10065100e+02]
 [6.92719368e+00 6.39447038e-06 2.09568997e+00 1.15356300e+00
  1.77928932e-03 2.10065100e+02]
 [6.92719368e+00 6.39447038e-06 2.09568997e+00 1.15356300e+00
  1.77928932e-03 2.10065100e+02]
 [6.92719368e+00 6.39447038e-06 2.09568997e+00 1.15356300e+00
  1.77928932e-03 2.10065100e+02]
 [6.92719368e+00 6.39447038e-06 2.09568997e+00 1.15356300e+00
  1.77928932e-03 2.10065100e+02]
 [6.92719368e+00 6.39447038e-06 2.09568997e+00 1.15356300e+00
  1.77928932e-03 2.10065100e+02]
 [6.92719368e+00 6.39447038e-06 2.09568997e+00 1.15356300e+00
  1.77928932e-03 2.10065100e+02]
 [6.92719368e+00 6.39447038e-06 2.09568997e+00 1.15356300e+00
  1.77928932e-03 2.10065100e+02]
 [6.92719368e+00 6.39447038e-06 2.09568997e+00 1.15356300e+00
  1.77928932e-03 2.10065100e+02]
 [6.92719368e+00 6.39447038e-06 2.09568997e+00 1.15356300e+00
  1.77928932e-03 2.10065100e+02]]"
14,15,"[[421.39149864 456.07940016 446.22720972 419.55517304 419.69255585
  416.62433983]
 [415.89161918 456.07356114 446.09781239 423.79627624 419.5882894
  419.79600302]
 [421.39149864 456.07357013 446.22720972 419.12313937 419.59009041
  431.48482229]
 [431.69283385 456.1224832  442.57349966 415.49482312 410.21023007
  426.42866542]
 [420.93764836 456.07935831 448.81813001 414.49066851 419.59009041
  416.62433983]
 [417.29964774 456.07931779 449.69569668 418.55124293 419.67027826
  416.62433983]
 [413.98281851 456.12066512 447.29995271 414.12783443 419.67074786
  429.33406177]
 [422.93470018 456.073577   450.08494263 416.1457858  419.6933281
  424.37913533]
 [422.08733674 456.07356114 446.09781239 416.1851718  419.66989192
  435.9202149 ]
 [436.38476707 456.07356114 446.09781239 419.55517304 419.5882894
  416.62433983]
 [436.38476707 456.07935831 446.22720972 422.87458057 419.59009041
  416.62433983]
 [431.95544859 456.12066869 447.11241652 420.08945901 419.67160054
  430.55621238]
 [430.21963045 456.12066851 448.27005887 413.11469147 419.69259913
  424.24458464]
 [420.93764836 456.07852331 448.19714925 419.12313937 419.59009041
  408.14551937]
 [430.87398264 456.07936799 447.22286977 417.90021063 419.66889934
  431.48482229]
 [422.88524297 456.07357565 446.22720972 414.49066851 419.69255585
  435.9202149 ]
 [420.93764836 456.1224832  442.57349966 415.49482312 419.59009041
  442.34218657]
 [418.87530409 456.07357013 452.30787118 419.12313937 419.59009041
  419.79600302]
 [411.17139265 456.07357273 450.20320464 414.52558527 419.69329695
  422.36594077]
 [418.87530409 456.07356114 452.30787118 416.1851718  419.5882894
  419.79600302]]","[-2283.87750359 -2282.89801798 -2272.15393692 -2270.64315389
 -2262.40764868 -2259.3914706  -2258.72424209 -2256.70976687
 -2256.25719117 -2254.88395235 -2253.84768074 -2253.84217014
 -2253.46982203 -2253.22435544 -2252.88217019 -2252.7825554
 -2246.29625096 -2244.64118022 -2243.31001336 -2242.19130017]","[[8.03925097e+00 2.54830312e-06 2.21842371e+00 1.16630927e+00
  1.09326911e-03 3.16954201e+02]
 [8.03925097e+00 2.54830312e-06 2.21842371e+00 1.16630927e+00
  1.09326911e-03 3.16954201e+02]
 [8.03925097e+00 2.54830312e-06 2.21842371e+00 1.16630927e+00
  1.09326911e-03 3.16954201e+02]
 [8.03925097e+00 2.54830312e-06 2.21842371e+00 1.16630927e+00
  1.09326911e-03 3.16954201e+02]
 [8.03925097e+00 2.54830312e-06 2.21842371e+00 1.16630927e+00
  1.09326911e-03 3.16954201e+02]
 [8.03925097e+00 2.54830312e-06 2.21842371e+00 1.16630927e+00
  1.09326911e-03 3.16954201e+02]
 [8.03925097e+00 2.54830312e-06 2.21842371e+00 1.16630927e+00
  1.09326911e-03 3.16954201e+02]
 [8.03925097e+00 2.54830312e-06 2.21842371e+00 1.16630927e+00
  1.09326911e-03 3.16954201e+02]
 [8.03925097e+00 2.54830312e-06 2.21842371e+00 1.16630927e+00
  1.09326911e-03 3.16954201e+02]
 [8.03925097e+00 2.54830312e-06 2.21842371e+00 1.16630927e+00
  1.09326911e-03 3.16954201e+02]
 [8.03925097e+00 2.54830312e-06 2.21842371e+00 1.16630927e+00
  1.09326911e-03 3.16954201e+02]
 [8.03925097e+00 2.54830312e-06 2.21842371e+00 1.16630927e+00
  1.09326911e-03 3.16954201e+02]
 [8.03925097e+00 2.54830312e-06 2.21842371e+00 1.16630927e+00
  1.09326911e-03 3.16954201e+02]
 [8.03925097e+00 2.54830312e-06 2.21842371e+00 1.16630927e+00
  1.09326911e-03 3.16954201e+02]
 [8.03925097e+00 2.54830312e-06 2.21842371e+00 1.16630927e+00
  1.09326911e-03 3.16954201e+02]
 [8.03925097e+00 2.54830312e-06 2.21842371e+00 1.16630927e+00
  1.09326911e-03 3.16954201e+02]
 [8.03925097e+00 2.54830312e-06 2.21842371e+00 1.16630927e+00
  1.09326911e-03 3.16954201e+02]
 [8.03925097e+00 2.54830312e-06 2.21842371e+00 1.16630927e+00
  1.09326911e-03 3.16954201e+02]
 [8.03925097e+00 2.54830312e-06 2.21842371e+00 1.16630927e+00
  1.09326911e-03 3.16954201e+02]
 [8.03925097e+00 2.54830312e-06 2.21842371e+00 1.16630927e+00
  1.09326911e-03 3.16954201e+02]]"
15,16,"[[431.69283385 456.07852331 442.57349966 419.12313937 419.59009041
  426.42866542]
 [422.93470018 456.073577   442.57349966 415.49482312 410.21023007
  424.37913533]
 [431.69283385 456.1224832  442.57349966 415.49482312 419.69255585
  416.62433983]
 [421.39149864 456.07356114 446.22720972 419.12313937 419.5882894
  419.79600302]
 [418.87530409 456.07357013 446.22720972 419.12313937 419.59009041
  419.79600302]
 [421.39149864 456.07940016 446.09781239 419.55517304 419.66989192
  416.62433983]
 [421.39149864 456.07357273 446.22720972 419.55517304 419.69329695
  416.62433983]
 [422.08733674 456.07356114 446.09781239 416.1851718  419.59009041
  416.62433983]
 [420.93764836 456.07356114 446.09781239 415.49482312 419.5882894
  416.62433983]
 [417.29964774 456.07936799 447.22286977 418.55124293 419.67027826
  416.62433983]
 [430.21963045 456.12066851 446.09781239 423.79627624 419.5882894
  419.79600302]
 [436.38476707 456.1224832  442.57349966 422.87458057 419.59009041
  416.62433983]
 [413.98281851 456.1224832  442.57349966 414.12783443 410.21023007
  429.33406177]
 [431.69283385 456.1224832  442.57349966 415.49482312 410.21023007
  426.42866542]
 [415.89161918 456.07852331 448.19714925 419.12313937 419.5882894
  419.79600302]
 [413.98281851 456.12066512 447.29995271 414.12783443 419.5882894
  419.79600302]
 [422.88524297 456.07357565 446.22720972 419.12313937 419.69255585
  408.14551937]
 [420.93764836 456.07935831 447.29995271 414.12783443 419.67074786
  429.33406177]
 [422.88524297 456.07936799 447.22286977 417.90021063 419.66889934
  431.48482229]
 [420.93764836 456.07852331 446.09781239 416.1851718  419.59009041
  408.14551937]]","[-2288.55269974 -2287.33038651 -2286.28578792 -2285.91371972
 -2285.38439721 -2284.65405501 -2283.92437265 -2281.9116679
 -2281.1803566  -2275.56237739 -2274.97208396 -2274.2368167
 -2271.8330038  -2270.64315389 -2270.28280211 -2267.35059756
 -2265.20632328 -2265.18127626 -2264.78529316 -2263.93062414]","[[9.32983242e+00 1.01554131e-06 2.34834534e+00 1.17919638e+00
  6.71749857e-04 4.78232537e+02]
 [9.32983242e+00 1.01554131e-06 2.34834534e+00 1.17919638e+00
  6.71749857e-04 4.78232537e+02]
 [9.32983242e+00 1.01554131e-06 2.34834534e+00 1.17919638e+00
  6.71749857e-04 4.78232537e+02]
 [9.32983242e+00 1.01554131e-06 2.34834534e+00 1.17919638e+00
  6.71749857e-04 4.78232537e+02]
 [9.32983242e+00 1.01554131e-06 2.34834534e+00 1.17919638e+00
  6.71749857e-04 4.78232537e+02]
 [9.32983242e+00 1.01554131e-06 2.34834534e+00 1.17919638e+00
  6.71749857e-04 4.78232537e+02]
 [9.32983242e+00 1.01554131e-06 2.34834534e+00 1.17919638e+00
  6.71749857e-04 4.78232537e+02]
 [9.32983242e+00 1.01554131e-06 2.34834534e+00 1.17919638e+00
  6.71749857e-04 4.78232537e+02]
 [9.32983242e+00 1.01554131e-06 2.34834534e+00 1.17919638e+00
  6.71749857e-04 4.78232537e+02]
 [9.32983242e+00 1.01554131e-06 2.34834534e+00 1.17919638e+00
  6.71749857e-04 4.78232537e+02]
 [9.32983242e+00 1.01554131e-06 2.34834534e+00 1.17919638e+00
  6.71749857e-04 4.78232537e+02]
 [9.32983242e+00 1.01554131e-06 2.34834534e+00 1.17919638e+00
  6.71749857e-04 4.78232537e+02]
 [9.32983242e+00 1.01554131e-06 2.34834534e+00 1.17919638e+00
  6.71749857e-04 4.78232537e+02]
 [9.32983242e+00 1.01554131e-06 2.34834534e+00 1.17919638e+00
  6.71749857e-04 4.78232537e+02]
 [9.32983242e+00 1.01554131e-06 2.34834534e+00 1.17919638e+00
  6.71749857e-04 4.78232537e+02]
 [9.32983242e+00 1.01554131e-06 2.34834534e+00 1.17919638e+00
  6.71749857e-04 4.78232537e+02]
 [9.32983242e+00 1.01554131e-06 2.34834534e+00 1.17919638e+00
  6.71749857e-04 4.78232537e+02]
 [9.32983242e+00 1.01554131e-06 2.34834534e+00 1.17919638e+00
  6.71749857e-04 4.78232537e+02]
 [9.32983242e+00 1.01554131e-06 2.34834534e+00 1.17919638e+00
  6.71749857e-04 4.78232537e+02]
 [9.32983242e+00 1.01554131e-06 2.34834534e+00 1.17919638e+00
  6.71749857e-04 4.78232537e+02]]"
16,17,"[[422.93470018 456.073577   442.57349966 419.12313937 419.59009041
  424.37913533]
 [417.29964774 456.07936799 442.57349966 422.87458057 419.59009041
  416.62433983]
 [421.39149864 456.07940016 442.57349966 415.49482312 419.66989192
  416.62433983]
 [417.29964774 456.1224832  442.57349966 415.49482312 419.69255585
  416.62433983]
 [413.98281851 456.07356114 442.57349966 414.12783443 419.59009041
  416.62433983]
 [413.98281851 456.12066512 442.57349966 414.12783443 419.69255585
  416.62433983]
 [430.21963045 456.12066851 442.57349966 423.79627624 419.59009041
  426.42866542]
 [431.69283385 456.07852331 442.57349966 422.87458057 419.59009041
  416.62433983]
 [431.69283385 456.073577   442.57349966 415.49482312 419.69255585
  424.37913533]
 [422.93470018 456.073577   442.57349966 415.49482312 410.21023007
  424.37913533]
 [422.93470018 456.073577   442.57349966 415.49482312 410.21023007
  416.62433983]
 [431.69283385 456.1224832  442.57349966 415.49482312 419.69255585
  416.62433983]
 [431.69283385 456.1224832  442.57349966 415.49482312 419.69255585
  416.62433983]
 [418.87530409 456.07357013 446.22720972 419.12313937 419.59009041
  419.79600302]
 [418.87530409 456.07357013 446.22720972 419.12313937 419.5882894
  419.79600302]
 [421.39149864 456.07940016 446.09781239 419.55517304 419.66989192
  416.62433983]
 [422.08733674 456.07357273 446.09781239 419.55517304 419.69329695
  416.62433983]
 [422.08733674 456.07356114 446.09781239 416.1851718  419.5882894
  419.79600302]
 [420.93764836 456.1224832  446.09781239 422.87458057 419.59009041
  416.62433983]
 [420.93764836 456.07852331 442.57349966 416.1851718  419.59009041
  408.14551937]]","[-2304.88798246 -2302.69865751 -2301.0892576  -2299.07906862
 -2292.89674917 -2292.55394867 -2291.33275569 -2289.91213624
 -2287.58396418 -2287.33038651 -2286.42373973 -2286.28578792
 -2286.28578792 -2285.38439721 -2285.3837708  -2284.65405501
 -2284.57289198 -2284.11291349 -2284.09801836 -2283.88111913]","[[1.08275974e+01 4.04710152e-07 2.48587580e+00 1.19222588e+00
  4.12750956e-04 7.21575416e+02]
 [1.08275974e+01 4.04710152e-07 2.48587580e+00 1.19222588e+00
  4.12750956e-04 7.21575416e+02]
 [1.08275974e+01 4.04710152e-07 2.48587580e+00 1.19222588e+00
  4.12750956e-04 7.21575416e+02]
 [1.08275974e+01 4.04710152e-07 2.48587580e+00 1.19222588e+00
  4.12750956e-04 7.21575416e+02]
 [1.08275974e+01 4.04710152e-07 2.48587580e+00 1.19222588e+00
  4.12750956e-04 7.21575416e+02]
 [1.08275974e+01 4.04710152e-07 2.48587580e+00 1.19222588e+00
  4.12750956e-04 7.21575416e+02]
 [1.08275974e+01 4.04710152e-07 2.48587580e+00 1.19222588e+00
  4.12750956e-04 7.21575416e+02]
 [1.08275974e+01 4.04710152e-07 2.48587580e+00 1.19222588e+00
  4.12750956e-04 7.21575416e+02]
 [1.08275974e+01 4.04710152e-07 2.48587580e+00 1.19222588e+00
  4.12750956e-04 7.21575416e+02]
 [1.08275974e+01 4.04710152e-07 2.48587580e+00 1.19222588e+00
  4.12750956e-04 7.21575416e+02]
 [1.08275974e+01 4.04710152e-07 2.48587580e+00 1.19222588e+00
  4.12750956e-04 7.21575416e+02]
 [1.08275974e+01 4.04710152e-07 2.48587580e+00 1.19222588e+00
  4.12750956e-04 7.21575416e+02]
 [1.08275974e+01 4.04710152e-07 2.48587580e+00 1.19222588e+00
  4.12750956e-04 7.21575416e+02]
 [1.08275974e+01 4.04710152e-07 2.48587580e+00 1.19222588e+00
  4.12750956e-04 7.21575416e+02]
 [1.08275974e+01 4.04710152e-07 2.48587580e+00 1.19222588e+00
  4.12750956e-04 7.21575416e+02]
 [1.08275974e+01 4.04710152e-07 2.48587580e+00 1.19222588e+00
  4.12750956e-04 7.21575416e+02]
 [1.08275974e+01 4.04710152e-07 2.48587580e+00 1.19222588e+00
  4.12750956e-04 7.21575416e+02]
 [1.08275974e+01 4.04710152e-07 2.48587580e+00 1.19222588e+00
  4.12750956e-04 7.21575416e+02]
 [1.08275974e+01 4.04710152e-07 2.48587580e+00 1.19222588e+00
  4.12750956e-04 7.21575416e+02]
 [1.08275974e+01 4.04710152e-07 2.48587580e+00 1.19222588e+00
  4.12750956e-04 7.21575416e+02]]"
17,18,"[[422.93470018 456.073577   442.57349966 419.12313937 419.59009041
  424.37913533]
 [418.87530409 456.073577   442.57349966 419.12313937 419.59009041
  424.37913533]
 [418.87530409 456.073577   442.57349966 419.12313937 419.5882894
  424.37913533]
 [421.39149864 456.07940016 442.57349966 419.12313937 419.66989192
  416.62433983]
 [421.39149864 456.12066512 442.57349966 419.55517304 419.69255585
  416.62433983]
 [420.93764836 456.1224832  442.57349966 422.87458057 419.59009041
  416.62433983]
 [420.93764836 456.1224832  442.57349966 422.87458057 419.59009041
  416.62433983]
 [418.87530409 456.07357013 442.57349966 419.12313937 419.59009041
  416.62433983]
 [422.93470018 456.07936799 442.57349966 422.87458057 419.59009041
  416.62433983]
 [417.29964774 456.07357273 442.57349966 419.55517304 419.59009041
  416.62433983]
 [417.29964774 456.07852331 442.57349966 422.87458057 419.59009041
  416.62433983]
 [417.29964774 456.07936799 442.57349966 422.87458057 419.59009041
  416.62433983]
 [417.29964774 456.1224832  442.57349966 422.87458057 419.59009041
  416.62433983]
 [420.93764836 456.07852331 442.57349966 416.1851718  419.69255585
  416.62433983]
 [420.93764836 456.07936799 442.57349966 416.1851718  419.59009041
  416.62433983]
 [421.39149864 456.07940016 442.57349966 415.49482312 419.66989192
  416.62433983]
 [422.93470018 456.07940016 442.57349966 415.49482312 419.66989192
  416.62433983]
 [422.93470018 456.1224832  442.57349966 415.49482312 419.69255585
  416.62433983]
 [417.29964774 456.07936799 442.57349966 415.49482312 419.69255585
  416.62433983]
 [417.29964774 456.07936799 442.57349966 415.49482312 419.59009041
  416.62433983]]","[-2304.88798246 -2304.82352088 -2304.82289447 -2304.42709048
 -2304.28153701 -2304.04851335 -2304.04851335 -2303.91692907
 -2303.9058555  -2302.9516314  -2302.70541694 -2302.69865751
 -2302.35346704 -2302.01457215 -2301.97351942 -2301.0892576
 -2300.62384218 -2300.28626661 -2299.42425908 -2299.38996579]","[[1.25658061e+01 1.61283747e-07 2.63146072e+00 1.20539936e+00
  2.53611296e-04 1.08874039e+03]
 [1.25658061e+01 1.61283747e-07 2.63146072e+00 1.20539936e+00
  2.53611296e-04 1.08874039e+03]
 [1.25658061e+01 1.61283747e-07 2.63146072e+00 1.20539936e+00
  2.53611296e-04 1.08874039e+03]
 [1.25658061e+01 1.61283747e-07 2.63146072e+00 1.20539936e+00
  2.53611296e-04 1.08874039e+03]
 [1.25658061e+01 1.61283747e-07 2.63146072e+00 1.20539936e+00
  2.53611296e-04 1.08874039e+03]
 [1.25658061e+01 1.61283747e-07 2.63146072e+00 1.20539936e+00
  2.53611296e-04 1.08874039e+03]
 [1.25658061e+01 1.61283747e-07 2.63146072e+00 1.20539936e+00
  2.53611296e-04 1.08874039e+03]
 [1.25658061e+01 1.61283747e-07 2.63146072e+00 1.20539936e+00
  2.53611296e-04 1.08874039e+03]
 [1.25658061e+01 1.61283747e-07 2.63146072e+00 1.20539936e+00
  2.53611296e-04 1.08874039e+03]
 [1.25658061e+01 1.61283747e-07 2.63146072e+00 1.20539936e+00
  2.53611296e-04 1.08874039e+03]
 [1.25658061e+01 1.61283747e-07 2.63146072e+00 1.20539936e+00
  2.53611296e-04 1.08874039e+03]
 [1.25658061e+01 1.61283747e-07 2.63146072e+00 1.20539936e+00
  2.53611296e-04 1.08874039e+03]
 [1.25658061e+01 1.61283747e-07 2.63146072e+00 1.20539936e+00
  2.53611296e-04 1.08874039e+03]
 [1.25658061e+01 1.61283747e-07 2.63146072e+00 1.20539936e+00
  2.53611296e-04 1.08874039e+03]
 [1.25658061e+01 1.61283747e-07 2.63146072e+00 1.20539936e+00
  2.53611296e-04 1.08874039e+03]
 [1.25658061e+01 1.61283747e-07 2.63146072e+00 1.20539936e+00
  2.53611296e-04 1.08874039e+03]
 [1.25658061e+01 1.61283747e-07 2.63146072e+00 1.20539936e+00
  2.53611296e-04 1.08874039e+03]
 [1.25658061e+01 1.61283747e-07 2.63146072e+00 1.20539936e+00
  2.53611296e-04 1.08874039e+03]
 [1.25658061e+01 1.61283747e-07 2.63146072e+00 1.20539936e+00
  2.53611296e-04 1.08874039e+03]
 [1.25658061e+01 1.61283747e-07 2.63146072e+00 1.20539936e+00
  2.53611296e-04 1.08874039e+03]]"
18,19,"[[422.5920837  456.07357701 440.55751573 424.3559317  419.59020182
  419.31345348]
 [421.39149864 456.073577   442.57349966 419.12313937 419.59009041
  424.37913533]
 [421.39149864 456.12066512 442.57349966 419.12313937 419.5882894
  424.37913533]
 [422.93470018 456.073577   442.57349966 419.12313937 419.66989192
  424.37913533]
 [422.93470018 456.073577   442.57349966 419.12313937 419.59009041
  424.37913533]
 [422.93470018 456.073577   442.57349966 419.12313937 419.59009041
  424.37913533]
 [422.93470018 456.073577   442.57349966 419.12313937 419.59009041
  424.37913533]
 [422.93470018 456.07936799 442.57349966 419.12313937 419.69255585
  424.37913533]
 [422.93470018 456.07936799 442.57349966 419.12313937 419.59009041
  424.37913533]
 [418.87530409 456.073577   442.57349966 419.12313937 419.59009041
  424.37913533]
 [418.87530409 456.073577   442.57349966 419.12313937 419.59009041
  424.37913533]
 [418.87530409 456.073577   442.57349966 419.12313937 419.59009041
  424.37913533]
 [418.87530409 456.073577   442.57349966 419.12313937 419.5882894
  424.37913533]
 [422.93470018 456.07852331 442.57349966 422.87458057 419.59009041
  424.37913533]
 [418.87530409 456.073577   442.57349966 422.87458057 419.59009041
  424.37913533]
 [418.87530409 456.07852331 442.57349966 419.12313937 419.59009041
  424.37913533]
 [418.87530409 456.07940016 442.57349966 419.12313937 419.59009041
  424.37913533]
 [421.39149864 456.07852331 442.57349966 419.55517304 419.69255585
  416.62433983]
 [421.39149864 456.07936799 442.57349966 419.55517304 419.59009041
  416.62433983]
 [421.39149864 456.07936799 442.57349966 419.12313937 419.66989192
  416.62433983]]","[-2315.31376301 -2305.35339788 -2304.97580456 -2304.91491831
 -2304.88798246 -2304.88798246 -2304.88798246 -2304.87593673
 -2304.84164344 -2304.82352088 -2304.82352088 -2304.82352088
 -2304.82289447 -2304.81926171 -2304.79437972 -2304.78394129
 -2304.77692441 -2304.61892433 -2304.5778716  -2304.42734793]","[[1.45830583e+01 6.42742638e-08 2.78557179e+00 1.21871839e+00
  1.55829293e-04 1.64273286e+03]
 [1.45830583e+01 6.42742638e-08 2.78557179e+00 1.21871839e+00
  1.55829293e-04 1.64273286e+03]
 [1.45830583e+01 6.42742638e-08 2.78557179e+00 1.21871839e+00
  1.55829293e-04 1.64273286e+03]
 [1.45830583e+01 6.42742638e-08 2.78557179e+00 1.21871839e+00
  1.55829293e-04 1.64273286e+03]
 [1.45830583e+01 6.42742638e-08 2.78557179e+00 1.21871839e+00
  1.55829293e-04 1.64273286e+03]
 [1.45830583e+01 6.42742638e-08 2.78557179e+00 1.21871839e+00
  1.55829293e-04 1.64273286e+03]
 [1.45830583e+01 6.42742638e-08 2.78557179e+00 1.21871839e+00
  1.55829293e-04 1.64273286e+03]
 [1.45830583e+01 6.42742638e-08 2.78557179e+00 1.21871839e+00
  1.55829293e-04 1.64273286e+03]
 [1.45830583e+01 6.42742638e-08 2.78557179e+00 1.21871839e+00
  1.55829293e-04 1.64273286e+03]
 [1.45830583e+01 6.42742638e-08 2.78557179e+00 1.21871839e+00
  1.55829293e-04 1.64273286e+03]
 [1.45830583e+01 6.42742638e-08 2.78557179e+00 1.21871839e+00
  1.55829293e-04 1.64273286e+03]
 [1.45830583e+01 6.42742638e-08 2.78557179e+00 1.21871839e+00
  1.55829293e-04 1.64273286e+03]
 [1.45830583e+01 6.42742638e-08 2.78557179e+00 1.21871839e+00
  1.55829293e-04 1.64273286e+03]
 [1.45830583e+01 6.42742638e-08 2.78557179e+00 1.21871839e+00
  1.55829293e-04 1.64273286e+03]
 [1.45830583e+01 6.42742638e-08 2.78557179e+00 1.21871839e+00
  1.55829293e-04 1.64273286e+03]
 [1.45830583e+01 6.42742638e-08 2.78557179e+00 1.21871839e+00
  1.55829293e-04 1.64273286e+03]
 [1.45830583e+01 6.42742638e-08 2.78557179e+00 1.21871839e+00
  1.55829293e-04 1.64273286e+03]
 [1.45830583e+01 6.42742638e-08 2.78557179e+00 1.21871839e+00
  1.55829293e-04 1.64273286e+03]
 [1.45830583e+01 6.42742638e-08 2.78557179e+00 1.21871839e+00
  1.55829293e-04 1.64273286e+03]
 [1.45830583e+01 6.42742638e-08 2.78557179e+00 1.21871839e+00
  1.55829293e-04 1.64273286e+03]]"
19,20,"[[422.5920837  456.07357701 440.55751573 419.12313937 419.59009041
  419.31345348]
 [422.5920837  456.07357701 440.55751573 424.3559317  419.59009041
  419.31345348]
 [418.87530409 456.07357701 440.55751573 424.3559317  419.59020182
  419.31345348]
 [421.39149864 456.12066512 440.55751573 424.3559317  419.5882894
  424.37913533]
 [418.87530409 456.07357701 442.57349966 419.12313937 419.59020182
  419.31345348]
 [421.39149864 456.073577   442.57349966 419.12313937 419.59009041
  424.37913533]
 [421.39149864 456.073577   442.57349966 419.12313937 419.59009041
  424.37913533]
 [421.39149864 456.073577   442.57349966 419.12313937 419.59009041
  424.37913533]
 [421.39149864 456.073577   442.57349966 419.12313937 419.59009041
  424.37913533]
 [421.39149864 456.073577   442.57349966 419.12313937 419.59009041
  424.37913533]
 [421.39149864 456.073577   442.57349966 419.12313937 419.59009041
  424.37913533]
 [421.39149864 456.073577   442.57349966 419.12313937 419.59009041
  424.37913533]
 [421.39149864 456.073577   442.57349966 419.12313937 419.59009041
  424.37913533]
 [421.39149864 456.073577   442.57349966 419.12313937 419.59009041
  424.37913533]
 [421.39149864 456.073577   442.57349966 419.12313937 419.59009041
  424.37913533]
 [421.39149864 456.073577   442.57349966 419.12313937 419.5882894
  424.37913533]
 [421.39149864 456.07936799 442.57349966 419.12313937 419.59009041
  424.37913533]
 [422.5920837  456.073577   442.57349966 424.3559317  419.59009041
  419.31345348]
 [422.5920837  456.07357701 442.57349966 419.12313937 419.69255585
  424.37913533]
 [421.39149864 456.12066512 442.57349966 419.12313937 419.5882894
  424.37913533]]","[-2316.33304848 -2315.31372429 -2315.09401664 -2314.12305744
 -2305.94676376 -2305.35339788 -2305.35339788 -2305.35339788
 -2305.35339788 -2305.35339788 -2305.35339788 -2305.35339788
 -2305.35339788 -2305.35339788 -2305.35339788 -2305.35277147
 -2305.30705886 -2305.14714729 -2305.07756047 -2304.97580456]","[[1.69241501e+01 2.56143664e-08 2.94870835e+00 1.23218459e+00
  9.57479765e-05 2.47861773e+03]
 [1.69241501e+01 2.56143664e-08 2.94870835e+00 1.23218459e+00
  9.57479765e-05 2.47861773e+03]
 [1.69241501e+01 2.56143664e-08 2.94870835e+00 1.23218459e+00
  9.57479765e-05 2.47861773e+03]
 [1.69241501e+01 2.56143664e-08 2.94870835e+00 1.23218459e+00
  9.57479765e-05 2.47861773e+03]
 [1.69241501e+01 2.56143664e-08 2.94870835e+00 1.23218459e+00
  9.57479765e-05 2.47861773e+03]
 [1.69241501e+01 2.56143664e-08 2.94870835e+00 1.23218459e+00
  9.57479765e-05 2.47861773e+03]
 [1.69241501e+01 2.56143664e-08 2.94870835e+00 1.23218459e+00
  9.57479765e-05 2.47861773e+03]
 [1.69241501e+01 2.56143664e-08 2.94870835e+00 1.23218459e+00
  9.57479765e-05 2.47861773e+03]
 [1.69241501e+01 2.56143664e-08 2.94870835e+00 1.23218459e+00
  9.57479765e-05 2.47861773e+03]
 [1.69241501e+01 2.56143664e-08 2.94870835e+00 1.23218459e+00
  9.57479765e-05 2.47861773e+03]
 [1.69241501e+01 2.56143664e-08 2.94870835e+00 1.23218459e+00
  9.57479765e-05 2.47861773e+03]
 [1.69241501e+01 2.56143664e-08 2.94870835e+00 1.23218459e+00
  9.57479765e-05 2.47861773e+03]
 [1.69241501e+01 2.56143664e-08 2.94870835e+00 1.23218459e+00
  9.57479765e-05 2.47861773e+03]
 [1.69241501e+01 2.56143664e-08 2.94870835e+00 1.23218459e+00
  9.57479765e-05 2.47861773e+03]
 [1.69241501e+01 2.56143664e-08 2.94870835e+00 1.23218459e+00
  9.57479765e-05 2.47861773e+03]
 [1.69241501e+01 2.56143664e-08 2.94870835e+00 1.23218459e+00
  9.57479765e-05 2.47861773e+03]
 [1.69241501e+01 2.56143664e-08 2.94870835e+00 1.23218459e+00
  9.57479765e-05 2.47861773e+03]
 [1.69241501e+01 2.56143664e-08 2.94870835e+00 1.23218459e+00
  9.57479765e-05 2.47861773e+03]
 [1.69241501e+01 2.56143664e-08 2.94870835e+00 1.23218459e+00
  9.57479765e-05 2.47861773e+03]
 [1.69241501e+01 2.56143664e-08 2.94870835e+00 1.23218459e+00
  9.57479765e-05 2.47861773e+03]]"
20,21,"[[421.39149864 456.07357701 440.55751573 419.12313937 419.5882894
  419.31345348]
 [422.5920837  456.07357701 440.55751573 419.12313937 419.59009041
  419.31345348]
 [421.39149864 456.12066512 440.55751573 419.12313937 419.5882894
  419.31345348]
 [418.87530409 456.07357701 440.55751573 419.12313937 419.59020182
  419.31345348]
 [418.87530409 456.07357701 440.55751573 419.12313937 419.59009041
  419.31345348]
 [421.39149864 456.073577   440.55751573 424.3559317  419.59009041
  419.31345348]
 [421.39149864 456.073577   440.55751573 419.12313937 419.59009041
  424.37913533]
 [421.39149864 456.073577   440.55751573 419.12313937 419.59009041
  424.37913533]
 [422.5920837  456.07357701 440.55751573 424.3559317  419.59020182
  419.31345348]
 [422.5920837  456.07357701 440.55751573 424.3559317  419.59009041
  419.31345348]
 [422.5920837  456.07357701 440.55751573 424.3559317  419.59009041
  419.31345348]
 [421.39149864 456.12066512 440.55751573 419.12313937 419.59009041
  424.37913533]
 [421.39149864 456.12066512 440.55751573 419.12313937 419.5882894
  424.37913533]
 [421.39149864 456.12066512 440.55751573 419.12313937 419.5882894
  424.37913533]
 [421.39149864 456.12066512 440.55751573 419.12313937 419.5882894
  424.37913533]
 [418.87530409 456.07357701 440.55751573 424.3559317  419.59020182
  419.31345348]
 [418.87530409 456.07936799 440.55751573 419.12313937 419.59009041
  424.37913533]
 [421.39149864 456.07357701 440.55751573 424.3559317  419.69255585
  424.37913533]
 [421.39149864 456.073577   440.55751573 424.3559317  419.59009041
  424.37913533]
 [421.39149864 456.07357701 440.55751573 424.3559317  419.5882894
  424.37913533]]","[-2316.6425527  -2316.33304848 -2316.26558586 -2316.11334083
 -2316.11330211 -2315.62385499 -2315.51997495 -2315.51997495
 -2315.31376301 -2315.31372429 -2315.31372429 -2315.14300804
 -2315.14238163 -2315.14238163 -2315.14238163 -2315.09401664
 -2314.94375892 -2314.53494398 -2314.50065076 -2314.50002428]","[[1.96410691e+01 1.02077523e-08 3.12139898e+00 1.24579959e+00
  5.88315255e-05 3.73983258e+03]
 [1.96410691e+01 1.02077523e-08 3.12139898e+00 1.24579959e+00
  5.88315255e-05 3.73983258e+03]
 [1.96410691e+01 1.02077523e-08 3.12139898e+00 1.24579959e+00
  5.88315255e-05 3.73983258e+03]
 [1.96410691e+01 1.02077523e-08 3.12139898e+00 1.24579959e+00
  5.88315255e-05 3.73983258e+03]
 [1.96410691e+01 1.02077523e-08 3.12139898e+00 1.24579959e+00
  5.88315255e-05 3.73983258e+03]
 [1.96410691e+01 1.02077523e-08 3.12139898e+00 1.24579959e+00
  5.88315255e-05 3.73983258e+03]
 [1.96410691e+01 1.02077523e-08 3.12139898e+00 1.24579959e+00
  5.88315255e-05 3.73983258e+03]
 [1.96410691e+01 1.02077523e-08 3.12139898e+00 1.24579959e+00
  5.88315255e-05 3.73983258e+03]
 [1.96410691e+01 1.02077523e-08 3.12139898e+00 1.24579959e+00
  5.88315255e-05 3.73983258e+03]
 [1.96410691e+01 1.02077523e-08 3.12139898e+00 1.24579959e+00
  5.88315255e-05 3.73983258e+03]
 [1.96410691e+01 1.02077523e-08 3.12139898e+00 1.24579959e+00
  5.88315255e-05 3.73983258e+03]
 [1.96410691e+01 1.02077523e-08 3.12139898e+00 1.24579959e+00
  5.88315255e-05 3.73983258e+03]
 [1.96410691e+01 1.02077523e-08 3.12139898e+00 1.24579959e+00
  5.88315255e-05 3.73983258e+03]
 [1.96410691e+01 1.02077523e-08 3.12139898e+00 1.24579959e+00
  5.88315255e-05 3.73983258e+03]
 [1.96410691e+01 1.02077523e-08 3.12139898e+00 1.24579959e+00
  5.88315255e-05 3.73983258e+03]
 [1.96410691e+01 1.02077523e-08 3.12139898e+00 1.24579959e+00
  5.88315255e-05 3.73983258e+03]
 [1.96410691e+01 1.02077523e-08 3.12139898e+00 1.24579959e+00
  5.88315255e-05 3.73983258e+03]
 [1.96410691e+01 1.02077523e-08 3.12139898e+00 1.24579959e+00
  5.88315255e-05 3.73983258e+03]
 [1.96410691e+01 1.02077523e-08 3.12139898e+00 1.24579959e+00
  5.88315255e-05 3.73983258e+03]
 [1.96410691e+01 1.02077523e-08 3.12139898e+00 1.24579959e+00
  5.88315255e-05 3.73983258e+03]]"
21,22,"[[421.39149864 456.073577   440.55751573 419.12313937 419.59009041
  419.31345348]
 [421.39149864 456.073577   440.55751573 419.12313937 419.59009041
  419.31345348]
 [421.39149864 456.073577   440.55751573 419.12313937 419.59009041
  419.31345348]
 [421.39149864 456.07357701 440.55751573 419.12313937 419.59009041
  419.31345348]
 [421.39149864 456.07357701 440.55751573 419.12313937 419.59009041
  419.31345348]
 [421.39149864 456.07357701 440.55751573 419.12313937 419.59009041
  419.31345348]
 [421.39149864 456.07357701 440.55751573 419.12313937 419.59009041
  419.31345348]
 [421.39149864 456.073577   440.55751573 419.12313937 419.5882894
  419.31345348]
 [421.39149864 456.07357701 440.55751573 419.12313937 419.5882894
  419.31345348]
 [421.39149864 456.07357701 440.55751573 419.12313937 419.5882894
  419.31345348]
 [421.39149864 456.07357701 440.55751573 419.12313937 419.5882894
  419.31345348]
 [422.5920837  456.07357701 440.55751573 419.12313937 419.59009041
  419.31345348]
 [422.5920837  456.07357701 440.55751573 419.12313937 419.59009041
  419.31345348]
 [422.5920837  456.07357701 440.55751573 419.12313937 419.59009041
  419.31345348]
 [422.5920837  456.07357701 440.55751573 419.12313937 419.5882894
  419.31345348]
 [422.5920837  456.07357701 440.55751573 419.12313937 419.5882894
  419.31345348]
 [422.5920837  456.07357701 440.55751573 419.12313937 419.5882894
  419.31345348]
 [421.39149864 456.12066512 440.55751573 419.12313937 419.59020182
  419.31345348]
 [421.39149864 456.12066512 440.55751573 419.12313937 419.59009041
  419.31345348]
 [421.39149864 456.12066512 440.55751573 419.12313937 419.5882894
  419.31345348]]","[-2316.64317918 -2316.64317918 -2316.64317918 -2316.64317911
 -2316.64317911 -2316.64317911 -2316.64317911 -2316.64255277
 -2316.6425527  -2316.6425527  -2316.6425527  -2316.33304848
 -2316.33304848 -2316.33304848 -2316.33242207 -2316.33242207
 -2316.33242207 -2316.26625099 -2316.26621227 -2316.26558586]","[[2.27941489e+01 4.06795958e-09 3.30420321e+00 1.25956502e+00
  3.61485279e-05 5.64280144e+03]
 [2.27941489e+01 4.06795958e-09 3.30420321e+00 1.25956502e+00
  3.61485279e-05 5.64280144e+03]
 [2.27941489e+01 4.06795958e-09 3.30420321e+00 1.25956502e+00
  3.61485279e-05 5.64280144e+03]
 [2.27941489e+01 4.06795958e-09 3.30420321e+00 1.25956502e+00
  3.61485279e-05 5.64280144e+03]
 [2.27941489e+01 4.06795958e-09 3.30420321e+00 1.25956502e+00
  3.61485279e-05 5.64280144e+03]
 [2.27941489e+01 4.06795958e-09 3.30420321e+00 1.25956502e+00
  3.61485279e-05 5.64280144e+03]
 [2.27941489e+01 4.06795958e-09 3.30420321e+00 1.25956502e+00
  3.61485279e-05 5.64280144e+03]
 [2.27941489e+01 4.06795958e-09 3.30420321e+00 1.25956502e+00
  3.61485279e-05 5.64280144e+03]
 [2.27941489e+01 4.06795958e-09 3.30420321e+00 1.25956502e+00
  3.61485279e-05 5.64280144e+03]
 [2.27941489e+01 4.06795958e-09 3.30420321e+00 1.25956502e+00
  3.61485279e-05 5.64280144e+03]
 [2.27941489e+01 4.06795958e-09 3.30420321e+00 1.25956502e+00
  3.61485279e-05 5.64280144e+03]
 [2.27941489e+01 4.06795958e-09 3.30420321e+00 1.25956502e+00
  3.61485279e-05 5.64280144e+03]
 [2.27941489e+01 4.06795958e-09 3.30420321e+00 1.25956502e+00
  3.61485279e-05 5.64280144e+03]
 [2.27941489e+01 4.06795958e-09 3.30420321e+00 1.25956502e+00
  3.61485279e-05 5.64280144e+03]
 [2.27941489e+01 4.06795958e-09 3.30420321e+00 1.25956502e+00
  3.61485279e-05 5.64280144e+03]
 [2.27941489e+01 4.06795958e-09 3.30420321e+00 1.25956502e+00
  3.61485279e-05 5.64280144e+03]
 [2.27941489e+01 4.06795958e-09 3.30420321e+00 1.25956502e+00
  3.61485279e-05 5.64280144e+03]
 [2.27941489e+01 4.06795958e-09 3.30420321e+00 1.25956502e+00
  3.61485279e-05 5.64280144e+03]
 [2.27941489e+01 4.06795958e-09 3.30420321e+00 1.25956502e+00
  3.61485279e-05 5.64280144e+03]
 [2.27941489e+01 4.06795958e-09 3.30420321e+00 1.25956502e+00
  3.61485279e-05 5.64280144e+03]]"
22,23,"[[421.39149864 456.073577   440.55751573 419.12313937 419.59020182
  419.31345348]
 [421.39149864 456.073577   440.55751573 419.12313937 419.59009041
  419.31345348]
 [421.39149864 456.073577   440.55751573 419.12313937 419.59009041
  419.31345348]
 [421.39149864 456.073577   440.55751573 419.12313937 419.59009041
  419.31345348]
 [421.39149864 456.073577   440.55751573 419.12313937 419.59009041
  419.31345348]
 [421.39149864 456.073577   440.55751573 419.12313937 419.59009041
  419.31345348]
 [421.39149864 456.073577   440.55751573 419.12313937 419.59009041
  419.31345348]
 [421.39149864 456.073577   440.55751573 419.12313937 419.59009041
  419.31345348]
 [421.39149864 456.073577   440.55751573 419.12313937 419.59009041
  419.31345348]
 [421.39149864 456.073577   440.55751573 419.12313937 419.59009041
  419.31345348]
 [421.39149864 456.073577   440.55751573 419.12313937 419.59009041
  419.31345348]
 [421.39149864 456.073577   440.55751573 419.12313937 419.59009041
  419.31345348]
 [421.39149864 456.073577   440.55751573 419.12313937 419.59009041
  419.31345348]
 [421.39149864 456.073577   440.55751573 419.12313937 419.59009041
  419.31345348]
 [421.39149864 456.073577   440.55751573 419.12313937 419.59009041
  419.31345348]
 [421.39149864 456.073577   440.55751573 419.12313937 419.59009041
  419.31345348]
 [421.39149864 456.073577   440.55751573 419.12313937 419.59009041
  419.31345348]
 [421.39149864 456.073577   440.55751573 419.12313937 419.59009041
  419.31345348]
 [421.39149864 456.07357701 440.55751573 419.12313937 419.59009041
  419.31345348]
 [421.39149864 456.07357701 440.55751573 419.12313937 419.59009041
  419.31345348]]","[-2316.64321791 -2316.64317918 -2316.64317918 -2316.64317918
 -2316.64317918 -2316.64317918 -2316.64317918 -2316.64317918
 -2316.64317918 -2316.64317918 -2316.64317918 -2316.64317918
 -2316.64317918 -2316.64317918 -2316.64317918 -2316.64317918
 -2316.64317918 -2316.64317918 -2316.64317911 -2316.64317911]","[[2.64534084e+01 1.62114976e-09 3.49771333e+00 1.27348256e+00
  2.22111539e-05 8.51407314e+03]
 [2.64534084e+01 1.62114976e-09 3.49771333e+00 1.27348256e+00
  2.22111539e-05 8.51407314e+03]
 [2.64534084e+01 1.62114976e-09 3.49771333e+00 1.27348256e+00
  2.22111539e-05 8.51407314e+03]
 [2.64534084e+01 1.62114976e-09 3.49771333e+00 1.27348256e+00
  2.22111539e-05 8.51407314e+03]
 [2.64534084e+01 1.62114976e-09 3.49771333e+00 1.27348256e+00
  2.22111539e-05 8.51407314e+03]
 [2.64534084e+01 1.62114976e-09 3.49771333e+00 1.27348256e+00
  2.22111539e-05 8.51407314e+03]
 [2.64534084e+01 1.62114976e-09 3.49771333e+00 1.27348256e+00
  2.22111539e-05 8.51407314e+03]
 [2.64534084e+01 1.62114976e-09 3.49771333e+00 1.27348256e+00
  2.22111539e-05 8.51407314e+03]
 [2.64534084e+01 1.62114976e-09 3.49771333e+00 1.27348256e+00
  2.22111539e-05 8.51407314e+03]
 [2.64534084e+01 1.62114976e-09 3.49771333e+00 1.27348256e+00
  2.22111539e-05 8.51407314e+03]
 [2.64534084e+01 1.62114976e-09 3.49771333e+00 1.27348256e+00
  2.22111539e-05 8.51407314e+03]
 [2.64534084e+01 1.62114976e-09 3.49771333e+00 1.27348256e+00
  2.22111539e-05 8.51407314e+03]
 [2.64534084e+01 1.62114976e-09 3.49771333e+00 1.27348256e+00
  2.22111539e-05 8.51407314e+03]
 [2.64534084e+01 1.62114976e-09 3.49771333e+00 1.27348256e+00
  2.22111539e-05 8.51407314e+03]
 [2.64534084e+01 1.62114976e-09 3.49771333e+00 1.27348256e+00
  2.22111539e-05 8.51407314e+03]
 [2.64534084e+01 1.62114976e-09 3.49771333e+00 1.27348256e+00
  2.22111539e-05 8.51407314e+03]
 [2.64534084e+01 1.62114976e-09 3.49771333e+00 1.27348256e+00
  2.22111539e-05 8.51407314e+03]
 [2.64534084e+01 1.62114976e-09 3.49771333e+00 1.27348256e+00
  2.22111539e-05 8.51407314e+03]
 [2.64534084e+01 1.62114976e-09 3.49771333e+00 1.27348256e+00
  2.22111539e-05 8.51407314e+03]
 [2.64534084e+01 1.62114976e-09 3.49771333e+00 1.27348256e+00
  2.22111539e-05 8.51407314e+03]]"
