,population,parents,parents_energy,parents_sigma
0,1,"[[ 4.15883285e+02  1.77112563e+02  1.66214902e+02 -1.52152462e+02
  -2.84229508e+02 -4.99859299e+02]
 [ 3.65976470e+02 -3.46968936e+02  4.19764415e+02 -2.27725902e+02
   4.00951356e+02 -1.69269306e+02]
 [ 4.31083250e+02 -2.00209354e+02  6.72894756e+01 -3.06944690e+02
   4.33240588e+01 -2.56196383e+02]
 [-2.98536420e+02  2.72013337e+02  3.71831687e+02 -3.90563081e+02
  -2.95785117e+02  4.08530046e+02]
 [ 2.95651050e+02  3.80392704e+02 -3.05255407e+02  4.57072624e+02
  -4.98977124e+02  1.40466309e+02]
 [ 1.94384695e+02 -9.67138564e+01 -4.10868917e+01 -2.35663830e+02
   4.18322741e+02 -2.42493783e+02]
 [ 4.11081366e+02 -3.54410140e+02 -9.83891287e+01  4.70094755e+02
   2.77061866e+02 -1.20988530e+02]
 [-1.12304997e+02 -3.17167724e+02  2.96772003e+01  3.66178261e+02
   4.98396299e+02  2.05779695e+02]
 [-4.78320295e+02 -2.69446295e+02  2.07749675e+02 -1.62799217e+02
   6.25830937e+01 -2.57688078e+02]
 [ 4.68217817e+02  4.68338504e+02  3.03075826e+02  3.89433771e+02
  -2.27936689e+02  3.80229245e+02]
 [ 1.26132825e+02 -3.19317210e+02 -6.73189876e+01  2.63297129e+02
   4.21910436e+02 -1.80536007e+01]
 [-2.65896489e+02  3.47111217e+02  4.31868198e+02 -2.38437279e+02
   2.20677853e+01  1.03960329e+02]
 [-2.57669843e-01 -2.54067191e+02  5.79372013e+01 -2.49447141e+02
   5.91788604e+01 -1.28662328e+02]
 [ 4.17145460e+02 -2.21910839e+02 -1.64117804e+02 -1.22864937e+02
  -7.58017747e+01 -2.28459340e+01]
 [ 4.64970144e+02 -1.92832482e+02  2.80254259e+02  4.37638738e+02
  -1.09232064e+02 -1.00032790e+02]
 [ 1.99519327e+02 -5.14773218e+00  2.19986909e+02  1.86610318e+02
   3.08575470e+02  6.96185684e+01]
 [-2.94969073e+02 -3.25102414e+02  2.39118038e+02 -4.49890017e+02
   1.32232645e+02 -2.59756679e+02]
 [-1.00546233e+02  3.71496519e+02  7.76962286e+01 -1.58417680e+02
   2.31048932e+02 -4.72107349e+02]
 [ 3.68305399e+02 -3.78536052e+02 -5.82547608e+01  1.74834776e+02
  -2.94910902e+02  4.85010676e+02]
 [-2.34034223e+02 -1.59679463e+02  1.21310527e+02 -1.49059199e+02
   4.28876643e+02 -6.14024859e+01]
 [ 1.46742103e+02 -4.24962794e+01  4.63324374e+02 -3.31564097e+02
  -4.84277209e+02 -2.20673447e+02]
 [-3.15886709e+02 -4.07777945e+02 -1.06854994e+02 -4.84736232e+02
  -3.75622145e+02  4.59207844e+02]
 [-4.36653687e+02 -9.36364136e+01 -3.60643489e+02 -2.81524256e+02
  -3.50748316e+02 -1.02956574e+02]
 [-2.01736416e+02  2.19152519e+02  1.87046088e+02 -6.44760069e+00
  -4.68495934e+02 -2.41000906e+02]
 [-2.54537930e+02 -4.67954243e+02 -2.76735203e+02  1.81409287e+02
  -3.74490053e+02 -3.78491512e+02]
 [ 4.93312371e+01 -2.73700877e+01 -3.25168453e+01  2.36739040e+01
   1.15060567e+02 -4.76072654e+02]
 [-2.54428504e+02  3.09759713e+02 -9.63102742e+01  9.35988148e+01
  -1.69865866e+02  9.21056559e+01]
 [ 3.16782625e+02 -4.49873057e+02  3.36330382e+02 -3.10678645e+02
  -2.59163118e+02  1.41492848e+01]
 [ 3.21741008e+02 -4.41586075e+01  5.71812716e+01  1.12161558e+02
  -1.18530589e+00 -4.45988528e+02]
 [-3.37464025e+02 -3.96338890e+02  3.23044979e+02  2.24164805e+02
  -7.97311581e+01 -3.94893415e+02]]","[-1062.18414078  -762.1199101   -655.21804114  -647.88506362
  -576.48065812  -527.03048873  -502.73505012  -496.61097973
  -435.65313995  -422.58195801  -383.87893569  -321.17025018
  -315.21556564  -311.77879684  -297.6967501   -295.89308458
  -259.649843    -240.93176579  -235.34339367  -176.13510264
  -173.46196022   -31.99083258    57.97892977    68.25794839
   134.15019136   140.94585435   311.60766378   373.33807193
   661.17297542   662.4680027 ]","[[1. 1. 1. 1. 1. 1.]
 [1. 1. 1. 1. 1. 1.]
 [1. 1. 1. 1. 1. 1.]
 [1. 1. 1. 1. 1. 1.]
 [1. 1. 1. 1. 1. 1.]
 [1. 1. 1. 1. 1. 1.]
 [1. 1. 1. 1. 1. 1.]
 [1. 1. 1. 1. 1. 1.]
 [1. 1. 1. 1. 1. 1.]
 [1. 1. 1. 1. 1. 1.]
 [1. 1. 1. 1. 1. 1.]
 [1. 1. 1. 1. 1. 1.]
 [1. 1. 1. 1. 1. 1.]
 [1. 1. 1. 1. 1. 1.]
 [1. 1. 1. 1. 1. 1.]
 [1. 1. 1. 1. 1. 1.]
 [1. 1. 1. 1. 1. 1.]
 [1. 1. 1. 1. 1. 1.]
 [1. 1. 1. 1. 1. 1.]
 [1. 1. 1. 1. 1. 1.]
 [1. 1. 1. 1. 1. 1.]
 [1. 1. 1. 1. 1. 1.]
 [1. 1. 1. 1. 1. 1.]
 [1. 1. 1. 1. 1. 1.]
 [1. 1. 1. 1. 1. 1.]
 [1. 1. 1. 1. 1. 1.]
 [1. 1. 1. 1. 1. 1.]
 [1. 1. 1. 1. 1. 1.]
 [1. 1. 1. 1. 1. 1.]
 [1. 1. 1. 1. 1. 1.]]"
1,2,"[[-315.49745801 -345.52281017  418.81950689 -485.26171401  398.31377904
   458.0896735 ]
 [ 429.83676365  383.07357415 -307.17463913  456.1391765    41.65629154
  -255.5186372 ]
 [-298.47718443  378.28545033 -303.9570149   456.48028872 -295.47833863
   140.09052676]
 [ 364.87188406 -346.46091715  420.008701    366.61417786  401.29874314
   206.35423398]
 [ 468.16878908  463.99187746  462.6060286   388.62060537 -487.3290641
   380.02403611]
 [ 415.88328532 -269.44629496  166.21490167 -162.79921695 -284.22950809
  -499.85929924]
 [ 416.41542135  177.68485853  166.43872659 -389.80945494 -294.34407124
   408.44045005]
 [ 431.02537726 -322.80056527  -69.07980424 -308.94183617   48.56182189
   -17.9871023 ]
 [-317.11694085  -95.00719945 -106.20082809 -282.47480301 -351.08710205
   459.28276389]
 [ 409.011249    466.37689523  -96.98146898  389.44744796 -228.13640467
  -121.15317895]
 [-299.01165907  -40.93388261  462.15433779 -390.54534333 -296.42348082
   408.8660626 ]
 [ 416.43609003  348.07015189  166.96254608 -151.47410694 -282.16120711
  -499.73931331]
 [ 431.08325007 -317.16772445   29.67720034 -306.94468951  498.39629929
  -256.19638312]
 [ 410.7012047  -351.61223648  -98.86088022 -393.66651723 -297.4601394
   408.43066871]
 [ 409.25952781 -317.47090686   30.81479133  471.23731468  499.237388
   206.5915024 ]
 [ 410.80768354 -352.74891697  -97.76718387  469.43353      61.64577297
  -121.38993803]
 [ 463.1123553  -193.74286359  -39.62570599  438.34050523  419.45978611
  -244.36287571]
 [ 367.57557214  173.94298715  166.67348588 -150.37022181 -293.85826598
  -499.28865733]
 [ 462.88106158 -192.59417987  463.92889355  437.07711964 -114.88461049
   -99.70957458]
 [ 411.60873846 -353.0789701   -99.48315806  469.71243857 -109.3488144
  -100.06136941]
 [ 415.88328532  347.11121673  166.21490167 -238.43727854 -284.22950809
  -499.85929924]
 [ 415.41487301  -92.49362102 -359.27632129 -151.78739292 -281.52438325
  -104.93104276]
 [ 415.88328532  272.01333695  166.21490167 -152.15246237 -284.22950809
  -499.85929924]
 [ -98.9498689   371.10624702 -306.52605575  458.91284264  233.44569002
   140.24917741]
 [-295.10076255 -159.632026    238.83345894 -148.07990886  430.18698489
   -61.13918283]
 [-477.94111351 -317.99164755  207.68120468  259.93537665  421.04268677
   -16.46044235]
 [-298.53641965  272.01333695  371.83168674 -152.15246237 -284.22950809
  -499.85929924]
 [-231.64128258  383.0436575  -304.36345661  457.18080696 -493.50348472
   140.04030226]
 [ 192.87327643  -94.8811063   -40.70257735  175.31762843  417.49017015
   485.24673377]
 [ 201.5323843  -194.85429118  218.39259823  438.11564551 -106.93559491
   -99.15089835]]","[-1415.80190463 -1307.30884402 -1280.56074947 -1270.9162686
 -1144.10605242 -1051.38970861  -981.58890503  -935.7442266
  -920.77160713  -913.59529482  -900.77974444  -874.38852331
  -867.7770966   -856.52217378  -813.91767355  -806.46608214
  -801.96823417  -783.17231762  -778.8167905   -776.39494453
  -769.51706554  -755.81711624  -750.25912512  -748.84339588
  -747.19059717  -736.15667134  -735.9715554   -722.13746355
  -721.35989939  -701.82152074]","[[1.18037049 1.88615204 1.14747034 1.06987656 2.23126588 0.70309563]
 [1.18037049 1.88615204 1.14747034 1.06987656 2.23126588 0.70309563]
 [1.18037049 1.88615204 1.14747034 1.06987656 2.23126588 0.70309563]
 [1.18037049 1.88615204 1.14747034 1.06987656 2.23126588 0.70309563]
 [1.18037049 1.88615204 1.14747034 1.06987656 2.23126588 0.70309563]
 [1.18037049 1.88615204 1.14747034 1.06987656 2.23126588 0.70309563]
 [1.18037049 1.88615204 1.14747034 1.06987656 2.23126588 0.70309563]
 [1.18037049 1.88615204 1.14747034 1.06987656 2.23126588 0.70309563]
 [1.18037049 1.88615204 1.14747034 1.06987656 2.23126588 0.70309563]
 [1.18037049 1.88615204 1.14747034 1.06987656 2.23126588 0.70309563]
 [1.18037049 1.88615204 1.14747034 1.06987656 2.23126588 0.70309563]
 [1.18037049 1.88615204 1.14747034 1.06987656 2.23126588 0.70309563]
 [1.18037049 1.88615204 1.14747034 1.06987656 2.23126588 0.70309563]
 [1.18037049 1.88615204 1.14747034 1.06987656 2.23126588 0.70309563]
 [1.18037049 1.88615204 1.14747034 1.06987656 2.23126588 0.70309563]
 [1.18037049 1.88615204 1.14747034 1.06987656 2.23126588 0.70309563]
 [1.18037049 1.88615204 1.14747034 1.06987656 2.23126588 0.70309563]
 [1.18037049 1.88615204 1.14747034 1.06987656 2.23126588 0.70309563]
 [1.18037049 1.88615204 1.14747034 1.06987656 2.23126588 0.70309563]
 [1.18037049 1.88615204 1.14747034 1.06987656 2.23126588 0.70309563]
 [1.18037049 1.88615204 1.14747034 1.06987656 2.23126588 0.70309563]
 [1.18037049 1.88615204 1.14747034 1.06987656 2.23126588 0.70309563]
 [1.18037049 1.88615204 1.14747034 1.06987656 2.23126588 0.70309563]
 [1.18037049 1.88615204 1.14747034 1.06987656 2.23126588 0.70309563]
 [1.18037049 1.88615204 1.14747034 1.06987656 2.23126588 0.70309563]
 [1.18037049 1.88615204 1.14747034 1.06987656 2.23126588 0.70309563]
 [1.18037049 1.88615204 1.14747034 1.06987656 2.23126588 0.70309563]
 [1.18037049 1.88615204 1.14747034 1.06987656 2.23126588 0.70309563]
 [1.18037049 1.88615204 1.14747034 1.06987656 2.23126588 0.70309563]
 [1.18037049 1.88615204 1.14747034 1.06987656 2.23126588 0.70309563]]"
2,3,"[[-313.5876252   379.48525228 -302.28667675  456.29519872  401.98612608
   458.50889494]
 [ 429.83676365  383.07357415 -307.17463913  456.1391765  -284.22950809
  -499.85929924]
 [ 406.94082517 -313.35713391  417.42925679 -484.91667888  395.39664681
   207.4349416 ]
 [-297.65351131  -42.86483915  420.04871317  365.59982509  407.3758383
   408.07383503]
 [ 415.90617913  177.41250345  165.86877328 -308.80208561 -292.40500467
   409.33510107]
 [ 431.60008465 -340.29254974 -308.53284128  364.06649401  403.78414273
   206.74917496]
 [-100.0463241   377.56398442 -306.25187731  459.4362131  -290.98758812
   408.13182536]
 [ 465.26557712 -319.72318687  -38.14738031  436.57552082  426.66405846
   206.47062348]
 [ 410.44553503 -315.19585638  465.0896926   436.39378424 -117.36505086
   -99.57359705]
 [ 417.16183695  172.50004731  165.06971407 -147.63278975  429.38767514
   408.12216247]
 [ 411.34567352 -354.61295012  -99.46114776  457.17148244 -296.54280757
   408.53211611]
 [ 415.90034995  381.95200185 -300.71435807  456.23729372 -291.71780714
   139.85346964]
 [ 415.88328532 -269.44629496  218.39259823  438.11564551 -106.93559491
  -499.85929924]
 [ 415.802299    178.99029797 -103.07998465 -281.47530512 -302.22058067
   459.50201316]
 [-300.24180567 -318.22752071  206.32070609 -152.35043482  419.51753637
  -499.83131757]
 [ 366.34263623  383.25315214 -301.7926489   457.92728847 -297.15296754
  -499.3642219 ]
 [ 429.07784     374.93923315 -305.16613133 -310.91260576 -292.2921335
   139.57530262]
 [-298.50091039 -313.4610982   207.95159666  457.44113879  418.86761777
   139.77385994]
 [ 416.55061504  176.38005858  166.14009646  438.14553653  416.61161293
  -243.77934721]
 [ 409.10347334  465.739024    419.58432359  388.74180795 -224.77026871
   205.85651068]
 [ 364.63852665 -264.25234584  420.0479565   367.12803536  403.85011775
   206.2825876 ]
 [ 203.20786078  -41.78475415  460.54259243  435.12703888 -114.65165622
   408.45250807]
 [ 467.61882186  460.0861858   208.43090787  388.20740257  422.2292774
   -17.03418914]
 [ 428.4058164   384.71221196 -305.22951926  457.42842484   38.84707919
  -255.63917493]
 [ 415.88328532  463.99187746  462.6060286  -152.15246237 -284.22950809
  -499.85929924]
 [-301.31162182 -348.85787399  459.49425691 -484.65447757 -292.62552443
   409.94911387]
 [ 433.0875592   382.61725655 -304.98759599  457.2130615    45.51120792
  -255.82619897]
 [ 430.27435987 -269.68814702 -309.9248318  -164.01387615 -289.08647626
  -499.49902075]
 [ 411.14359663 -320.2270106    29.60361425  471.8051549  -300.30403874
   206.41383494]
 [ 413.68937311  468.86619282  462.75363199  466.96467507   64.25190003
   380.33285862]]","[-1703.60679226 -1668.98514902 -1652.20898303 -1597.441907
 -1573.51611839 -1500.63191135 -1485.9452862  -1462.04054855
 -1434.63983745 -1423.88591482 -1423.24464075 -1421.13142095
 -1411.84994342 -1403.68156283 -1401.7473655  -1386.35118416
 -1378.3544151  -1366.91141375 -1360.48693202 -1356.09381374
 -1341.51826602 -1330.65038258 -1329.42202001 -1306.42126298
 -1306.15953368 -1305.85984237 -1304.03208006 -1292.57989839
 -1272.94268892 -1249.53654887]","[[1.39327449 3.55756953 1.31668818 1.14463586 4.97854744 0.49434347]
 [1.39327449 3.55756953 1.31668818 1.14463586 4.97854744 0.49434347]
 [1.39327449 3.55756953 1.31668818 1.14463586 4.97854744 0.49434347]
 [1.39327449 3.55756953 1.31668818 1.14463586 4.97854744 0.49434347]
 [1.39327449 3.55756953 1.31668818 1.14463586 4.97854744 0.49434347]
 [1.39327449 3.55756953 1.31668818 1.14463586 4.97854744 0.49434347]
 [1.39327449 3.55756953 1.31668818 1.14463586 4.97854744 0.49434347]
 [1.39327449 3.55756953 1.31668818 1.14463586 4.97854744 0.49434347]
 [1.39327449 3.55756953 1.31668818 1.14463586 4.97854744 0.49434347]
 [1.39327449 3.55756953 1.31668818 1.14463586 4.97854744 0.49434347]
 [1.39327449 3.55756953 1.31668818 1.14463586 4.97854744 0.49434347]
 [1.39327449 3.55756953 1.31668818 1.14463586 4.97854744 0.49434347]
 [1.39327449 3.55756953 1.31668818 1.14463586 4.97854744 0.49434347]
 [1.39327449 3.55756953 1.31668818 1.14463586 4.97854744 0.49434347]
 [1.39327449 3.55756953 1.31668818 1.14463586 4.97854744 0.49434347]
 [1.39327449 3.55756953 1.31668818 1.14463586 4.97854744 0.49434347]
 [1.39327449 3.55756953 1.31668818 1.14463586 4.97854744 0.49434347]
 [1.39327449 3.55756953 1.31668818 1.14463586 4.97854744 0.49434347]
 [1.39327449 3.55756953 1.31668818 1.14463586 4.97854744 0.49434347]
 [1.39327449 3.55756953 1.31668818 1.14463586 4.97854744 0.49434347]
 [1.39327449 3.55756953 1.31668818 1.14463586 4.97854744 0.49434347]
 [1.39327449 3.55756953 1.31668818 1.14463586 4.97854744 0.49434347]
 [1.39327449 3.55756953 1.31668818 1.14463586 4.97854744 0.49434347]
 [1.39327449 3.55756953 1.31668818 1.14463586 4.97854744 0.49434347]
 [1.39327449 3.55756953 1.31668818 1.14463586 4.97854744 0.49434347]
 [1.39327449 3.55756953 1.31668818 1.14463586 4.97854744 0.49434347]
 [1.39327449 3.55756953 1.31668818 1.14463586 4.97854744 0.49434347]
 [1.39327449 3.55756953 1.31668818 1.14463586 4.97854744 0.49434347]
 [1.39327449 3.55756953 1.31668818 1.14463586 4.97854744 0.49434347]
 [1.39327449 3.55756953 1.31668818 1.14463586 4.97854744 0.49434347]]"
3,4,"[[ 427.02353103  391.54187392  419.86478072  455.97476157  399.68560259
   408.10875947]
 [-297.00771408 -309.10268127  419.95326874  458.42286849  428.80911776
   408.17514728]
 [-312.210916    394.85397684  421.83215454  457.03426621  399.89631343
   408.33881372]
 [ 415.44636728  173.19103231  459.67785905  440.57711924  410.42605931
   407.9914065 ]
 [-315.6759973   460.232179    419.82121005  454.9001495   406.75880283
   458.08885622]
 [ 413.8038017  -317.17891595  206.65016781  435.18483464  434.89076616
  -499.81129665]
 [ 409.12253728 -314.16234598 -302.17787654  436.1363133  -288.49943089
  -499.2306399 ]
 [ 407.68562496 -314.22115994  414.22252044  366.7508692   420.90622395
   207.41615474]
 [ 431.27871413 -344.57223386 -306.89626955  433.43405024  424.77643817
   206.48428273]
 [ 431.49800075 -310.82880359 -309.51134045  437.97463542 -280.9474834
  -499.7450399 ]
 [ 429.83676365  383.07357415  420.0479565   456.1391765  -284.22950809
  -499.85929924]
 [ 430.47666028  177.4030739  -305.8933949  -308.68932983 -283.7996173
   409.51244789]
 [-301.23555436  377.05329907  206.95262233  457.08946288  426.07113805
   407.81228375]
 [ 420.47765746  181.09656792  164.26050025  435.24436609  437.4221302
   408.56494047]
 [ 417.84105077  181.27593762  417.20805054 -281.20214433 -311.09555496
   459.47169736]
 [ 413.75073423 -269.65108317  205.65339238  436.14437255  406.68195085
  -499.7223037 ]
 [ 410.22947968 -309.81026548  421.23303598  473.46671078  392.73989624
   207.03780587]
 [ 430.35548774  167.50195527 -306.75824213 -307.15345711 -289.24620539
   409.22974823]
 [ 428.82233908 -268.97153036  420.47953019  368.03223351  413.76581255
   206.61927115]
 [ 428.33167896  383.18650535 -307.00202336  456.50283209  389.69635874
   206.96691657]
 [ 432.99410888 -338.09258502 -309.1117262   363.71732181  410.68208639
   408.85083219]
 [ 464.9302375  -303.70805092 -303.76878581  456.45935579  421.83409443
   458.41214781]
 [ 432.46866472 -336.88858397 -307.37048241  456.04064532  407.96852804
   206.72058566]
 [ 413.40251605 -265.83112034 -310.45266666  436.04266367 -299.6029977
  -499.59967526]
 [ 431.08509839  386.585711   -308.36372784  457.0119626  -274.56154953
   458.77231314]
 [ 404.08162455 -318.16560218  418.97891923  472.06662523 -306.65398684
   207.12620125]
 [ 408.5616835  -305.21360689  465.89080562  438.13030106  400.02095897
  -100.01008298]
 [ 415.79608342  184.76654424  207.4045102  -282.59018753  413.50340398
   459.31436383]
 [ 416.8976436   182.34382568  462.34647562 -146.41597979  422.41497972
   408.0197011 ]
 [ 429.83676365  383.07357415 -304.98759599  457.2130615  -284.22950809
  -499.85929924]]","[-2182.29299806 -2071.80877602 -2070.94851326 -1926.87072856
 -1861.40430334 -1853.6807966  -1824.01236384 -1821.54330625
 -1818.73652004 -1795.99489823 -1790.05715428 -1784.00529291
 -1779.40296352 -1778.68436425 -1755.82912324 -1751.56655651
 -1750.22943508 -1745.90747071 -1736.03140507 -1735.28474867
 -1733.06195518 -1731.93558605 -1729.547722   -1719.88914133
 -1702.77640098 -1694.09919687 -1685.55367918 -1681.83259286
 -1663.61438236 -1662.25121074]","[[ 1.6445801   6.71011704  1.51086064  1.22461907 11.10846305  0.34757074]
 [ 1.6445801   6.71011704  1.51086064  1.22461907 11.10846305  0.34757074]
 [ 1.6445801   6.71011704  1.51086064  1.22461907 11.10846305  0.34757074]
 [ 1.6445801   6.71011704  1.51086064  1.22461907 11.10846305  0.34757074]
 [ 1.6445801   6.71011704  1.51086064  1.22461907 11.10846305  0.34757074]
 [ 1.6445801   6.71011704  1.51086064  1.22461907 11.10846305  0.34757074]
 [ 1.6445801   6.71011704  1.51086064  1.22461907 11.10846305  0.34757074]
 [ 1.6445801   6.71011704  1.51086064  1.22461907 11.10846305  0.34757074]
 [ 1.6445801   6.71011704  1.51086064  1.22461907 11.10846305  0.34757074]
 [ 1.6445801   6.71011704  1.51086064  1.22461907 11.10846305  0.34757074]
 [ 1.6445801   6.71011704  1.51086064  1.22461907 11.10846305  0.34757074]
 [ 1.6445801   6.71011704  1.51086064  1.22461907 11.10846305  0.34757074]
 [ 1.6445801   6.71011704  1.51086064  1.22461907 11.10846305  0.34757074]
 [ 1.6445801   6.71011704  1.51086064  1.22461907 11.10846305  0.34757074]
 [ 1.6445801   6.71011704  1.51086064  1.22461907 11.10846305  0.34757074]
 [ 1.6445801   6.71011704  1.51086064  1.22461907 11.10846305  0.34757074]
 [ 1.6445801   6.71011704  1.51086064  1.22461907 11.10846305  0.34757074]
 [ 1.6445801   6.71011704  1.51086064  1.22461907 11.10846305  0.34757074]
 [ 1.6445801   6.71011704  1.51086064  1.22461907 11.10846305  0.34757074]
 [ 1.6445801   6.71011704  1.51086064  1.22461907 11.10846305  0.34757074]
 [ 1.6445801   6.71011704  1.51086064  1.22461907 11.10846305  0.34757074]
 [ 1.6445801   6.71011704  1.51086064  1.22461907 11.10846305  0.34757074]
 [ 1.6445801   6.71011704  1.51086064  1.22461907 11.10846305  0.34757074]
 [ 1.6445801   6.71011704  1.51086064  1.22461907 11.10846305  0.34757074]
 [ 1.6445801   6.71011704  1.51086064  1.22461907 11.10846305  0.34757074]
 [ 1.6445801   6.71011704  1.51086064  1.22461907 11.10846305  0.34757074]
 [ 1.6445801   6.71011704  1.51086064  1.22461907 11.10846305  0.34757074]
 [ 1.6445801   6.71011704  1.51086064  1.22461907 11.10846305  0.34757074]
 [ 1.6445801   6.71011704  1.51086064  1.22461907 11.10846305  0.34757074]
 [ 1.6445801   6.71011704  1.51086064  1.22461907 11.10846305  0.34757074]]"
4,5,"[[ 428.28375589  422.4518098   420.13965385  457.70476335  400.12027175
   407.59135139]
 [ 426.72745218  397.83854268  422.00609553  455.76374411  402.8443426
   408.63530128]
 [ 431.11559795 -296.06509188  422.6011574   456.97565692  419.28389438
   408.40502712]
 [ 413.03529731  411.2301409   416.78618309  436.3423007  -298.68493248
  -499.47536827]
 [ 408.1721275  -307.05829642 -301.25464463  434.34186265 -298.60285546
   408.9325998 ]
 [ 424.99422765 -308.75200793  206.90833379  435.16317278  437.46918626
   408.1218441 ]
 [ 410.32293843 -326.29747558  421.19291878  459.26666214  404.46622311
   408.42250116]
 [ 412.69969645 -298.68631383 -303.06748177  434.54424412  419.28409846
   458.0110652 ]
 [-297.86893303  387.8162133   426.34347665  457.58226228  417.91725329
   407.58689625]
 [ 419.03879652  186.89986482 -309.17711501  437.91898218  434.2662536
   408.1910398 ]
 [ 410.72602662 -322.56944153 -302.00643265  434.82265673 -298.32156143
   408.70907211]
 [ 414.01488308 -278.52223153  205.6819432   438.24663811  432.00724237
   408.02965827]
 [ 431.1449292  -334.71109636  421.12236417  432.96892353  419.84334074
   206.6930957 ]
 [ 412.25012084 -261.36793552 -308.85771901  437.73099417  414.46942313
   408.70377753]
 [ 416.52635772  193.04421649  456.95724828  441.10433054  402.24509763
   408.05026573]
 [ 413.40251605  377.05329907 -310.45266666  457.08946288  426.07113805
   407.81228375]
 [ 411.43500648 -315.31643308  459.09771133  436.44137938  382.25344557
   407.86508543]
 [ 403.6988639  -295.91383022  416.7132132   438.6907501  -292.93404483
   207.03600555]
 [ 413.51780828  194.90477626 -306.3361893   440.59632993 -313.17094093
   409.36763074]
 [-314.3164352   181.83882832  423.47097174 -308.14874378  422.57413015
   408.62780293]
 [ 420.45396773  444.82019436  421.71829886 -279.86460239 -311.53366806
   459.16952331]
 [ 425.54280998 -269.23417018  420.70255038  435.33977556  439.22452687
  -499.78911529]
 [-314.43703911  389.56002175  460.45043914  442.24045289  402.23066108
   408.04049744]
 [ 432.868008   -312.32612179 -304.41231544  455.63669754  453.60142057
   408.38477358]
 [ 420.42754322  184.30527188 -312.07408494  433.65896566 -313.01418957
   408.13891418]
 [-295.86466062 -273.15998294  456.29586646  440.00259262  412.86667099
   407.38802141]
 [ 414.55583647 -259.50568057  416.73792328  436.01584633  419.61219115
   206.86160677]
 [ 430.06730077  176.16669194  422.07558526  457.23318932  395.4567395
   408.08460718]
 [ 414.34045164  396.36778655  204.25390345  437.98244101  413.64314639
  -499.9232491 ]
 [ 415.33569346  437.2612072  -307.53054993  454.55799682  439.75972916
  -499.83065933]]","[-2269.67824271 -2239.17290815 -2201.23445164 -2097.92759627
 -2092.89672972 -2090.17136413 -2083.5191061  -2078.85093648
 -2075.71127088 -2058.83363705 -2050.33451188 -2029.17856572
 -2021.59533401 -2018.40881429 -2009.86264182 -1982.87013394
 -1966.50460828 -1963.16198694 -1961.94801115 -1960.88042337
 -1960.36753714 -1957.52850978 -1955.4242156  -1952.88018278
 -1947.84091541 -1944.00974145 -1941.87214447 -1941.62222425
 -1935.69960826 -1934.28032358]","[[ 1.94121381 12.65630096  1.73366777  1.31019124 24.78593462  0.24437547]
 [ 1.94121381 12.65630096  1.73366777  1.31019124 24.78593462  0.24437547]
 [ 1.94121381 12.65630096  1.73366777  1.31019124 24.78593462  0.24437547]
 [ 1.94121381 12.65630096  1.73366777  1.31019124 24.78593462  0.24437547]
 [ 1.94121381 12.65630096  1.73366777  1.31019124 24.78593462  0.24437547]
 [ 1.94121381 12.65630096  1.73366777  1.31019124 24.78593462  0.24437547]
 [ 1.94121381 12.65630096  1.73366777  1.31019124 24.78593462  0.24437547]
 [ 1.94121381 12.65630096  1.73366777  1.31019124 24.78593462  0.24437547]
 [ 1.94121381 12.65630096  1.73366777  1.31019124 24.78593462  0.24437547]
 [ 1.94121381 12.65630096  1.73366777  1.31019124 24.78593462  0.24437547]
 [ 1.94121381 12.65630096  1.73366777  1.31019124 24.78593462  0.24437547]
 [ 1.94121381 12.65630096  1.73366777  1.31019124 24.78593462  0.24437547]
 [ 1.94121381 12.65630096  1.73366777  1.31019124 24.78593462  0.24437547]
 [ 1.94121381 12.65630096  1.73366777  1.31019124 24.78593462  0.24437547]
 [ 1.94121381 12.65630096  1.73366777  1.31019124 24.78593462  0.24437547]
 [ 1.94121381 12.65630096  1.73366777  1.31019124 24.78593462  0.24437547]
 [ 1.94121381 12.65630096  1.73366777  1.31019124 24.78593462  0.24437547]
 [ 1.94121381 12.65630096  1.73366777  1.31019124 24.78593462  0.24437547]
 [ 1.94121381 12.65630096  1.73366777  1.31019124 24.78593462  0.24437547]
 [ 1.94121381 12.65630096  1.73366777  1.31019124 24.78593462  0.24437547]
 [ 1.94121381 12.65630096  1.73366777  1.31019124 24.78593462  0.24437547]
 [ 1.94121381 12.65630096  1.73366777  1.31019124 24.78593462  0.24437547]
 [ 1.94121381 12.65630096  1.73366777  1.31019124 24.78593462  0.24437547]
 [ 1.94121381 12.65630096  1.73366777  1.31019124 24.78593462  0.24437547]
 [ 1.94121381 12.65630096  1.73366777  1.31019124 24.78593462  0.24437547]
 [ 1.94121381 12.65630096  1.73366777  1.31019124 24.78593462  0.24437547]
 [ 1.94121381 12.65630096  1.73366777  1.31019124 24.78593462  0.24437547]
 [ 1.94121381 12.65630096  1.73366777  1.31019124 24.78593462  0.24437547]
 [ 1.94121381 12.65630096  1.73366777  1.31019124 24.78593462  0.24437547]
 [ 1.94121381 12.65630096  1.73366777  1.31019124 24.78593462  0.24437547]]"
5,6,"[[ 410.52470259  411.80457559  424.64155584  439.39869831  395.46878989
   407.62419339]
 [ 425.88960536  401.10651018  421.74887182  433.81161247 -300.04006216
   408.33817933]
 [ 426.72745218 -308.75200793  422.00609553  435.16317278  402.8443426
   408.63530128]
 [ 407.53480239 -291.03405558  417.42599433  433.31929209  403.96583317
   408.97053932]
 [ 431.23137776  444.33175559  419.7625396   432.58280201 -302.99325196
   407.75729986]
 [ 433.52578506 -287.78538743  423.26947191  433.8158388   400.96918609
   408.57681985]
 [ 414.0723846   431.4215147   426.69223869  437.51374434  381.25391156
   407.68251165]
 [ 416.52635772  437.2612072  -307.53054993  441.10433054  439.75972916
   408.05026573]
 [ 429.48926004  464.1212426   419.39405745  435.87485749  419.35854471
   408.3320604 ]
 [-313.82242975  430.19418498  423.22664277  443.0482115   440.99613169
   408.21266713]
 [ 429.4768239  -334.55101096  424.63757273  436.68892855  418.67273516
   408.42246202]
 [ 429.05511707  210.56374062  422.31149083  435.83360614  435.49490741
   407.8778976 ]
 [ 418.33658599  201.06392176  417.03149284  436.48005635  438.46507578
   408.2966627 ]
 [ 413.24597156 -286.99072771  418.940239    434.2341571   389.30937875
   409.55546051]
 [ 419.19338042  442.66901168  421.71480162  436.39351256  378.61246605
   407.68959262]
 [ 415.59858506  413.13072578 -312.26859424  455.25765982  431.10883594
   408.91605769]
 [ 410.43761104 -319.75284498 -302.27690904  431.21540897  421.0499277
   408.15970957]
 [ 424.99422765 -312.32612179 -304.41231544  435.16317278  437.46918626
   408.38477358]
 [ 414.34045164  396.36778655  421.12236417  437.98244101  419.84334074
   206.6930957 ]
 [ 411.08489165  411.69403847  420.20214055  458.75685454  386.77606236
   408.6811736 ]
 [ 431.05031512 -287.6394472   421.74751707  458.38797782  416.462329
   407.97447634]
 [ 429.3951899  -286.44664737  420.50143583  433.65675391  456.70894204
   408.57833677]
 [ 414.53763573  217.04701754  421.73491972  451.09832863  415.1452358
   408.50958998]
 [ 433.26062938  403.27589929  459.98917556  445.54687661  440.50607124
   408.54732133]
 [ 415.37377633 -279.48691446  420.94345784  437.30471152  425.43266619
   457.89565013]
 [ 424.8246124  -310.111538    209.95265447  433.66742871  424.55772619
   408.04213538]
 [ 416.52635772  437.2612072   456.95724828  454.55799682  439.75972916
   408.05026573]
 [ 414.6436688  -297.04153857  425.89027539  438.91071071  462.27623925
   407.98302722]
 [ 414.55583647 -259.50568057  416.73792328  438.24663811  432.00724237
   408.02965827]
 [ 414.54992701  388.86721189 -311.78324353  443.25262991  443.13737487
   408.09996811]]","[-2344.88697199 -2302.51890451 -2301.48407362 -2282.1158755
 -2275.63017111 -2259.12005904 -2253.37863424 -2241.12872526
 -2238.24436358 -2237.14502141 -2210.19597618 -2206.91354824
 -2204.49236395 -2200.70348582 -2200.52705044 -2199.17084781
 -2192.33044561 -2183.23282226 -2180.4599121  -2164.60724111
 -2164.26443881 -2161.76243058 -2134.934201   -2133.75781283
 -2128.46735015 -2121.634471   -2121.35444773 -2121.13815074
 -2115.29165143 -2114.39749265]","[[ 2.2913515  23.87170791  1.98933235  1.4017429  55.30401031  0.17181932]
 [ 2.2913515  23.87170791  1.98933235  1.4017429  55.30401031  0.17181932]
 [ 2.2913515  23.87170791  1.98933235  1.4017429  55.30401031  0.17181932]
 [ 2.2913515  23.87170791  1.98933235  1.4017429  55.30401031  0.17181932]
 [ 2.2913515  23.87170791  1.98933235  1.4017429  55.30401031  0.17181932]
 [ 2.2913515  23.87170791  1.98933235  1.4017429  55.30401031  0.17181932]
 [ 2.2913515  23.87170791  1.98933235  1.4017429  55.30401031  0.17181932]
 [ 2.2913515  23.87170791  1.98933235  1.4017429  55.30401031  0.17181932]
 [ 2.2913515  23.87170791  1.98933235  1.4017429  55.30401031  0.17181932]
 [ 2.2913515  23.87170791  1.98933235  1.4017429  55.30401031  0.17181932]
 [ 2.2913515  23.87170791  1.98933235  1.4017429  55.30401031  0.17181932]
 [ 2.2913515  23.87170791  1.98933235  1.4017429  55.30401031  0.17181932]
 [ 2.2913515  23.87170791  1.98933235  1.4017429  55.30401031  0.17181932]
 [ 2.2913515  23.87170791  1.98933235  1.4017429  55.30401031  0.17181932]
 [ 2.2913515  23.87170791  1.98933235  1.4017429  55.30401031  0.17181932]
 [ 2.2913515  23.87170791  1.98933235  1.4017429  55.30401031  0.17181932]
 [ 2.2913515  23.87170791  1.98933235  1.4017429  55.30401031  0.17181932]
 [ 2.2913515  23.87170791  1.98933235  1.4017429  55.30401031  0.17181932]
 [ 2.2913515  23.87170791  1.98933235  1.4017429  55.30401031  0.17181932]
 [ 2.2913515  23.87170791  1.98933235  1.4017429  55.30401031  0.17181932]
 [ 2.2913515  23.87170791  1.98933235  1.4017429  55.30401031  0.17181932]
 [ 2.2913515  23.87170791  1.98933235  1.4017429  55.30401031  0.17181932]
 [ 2.2913515  23.87170791  1.98933235  1.4017429  55.30401031  0.17181932]
 [ 2.2913515  23.87170791  1.98933235  1.4017429  55.30401031  0.17181932]
 [ 2.2913515  23.87170791  1.98933235  1.4017429  55.30401031  0.17181932]
 [ 2.2913515  23.87170791  1.98933235  1.4017429  55.30401031  0.17181932]
 [ 2.2913515  23.87170791  1.98933235  1.4017429  55.30401031  0.17181932]
 [ 2.2913515  23.87170791  1.98933235  1.4017429  55.30401031  0.17181932]
 [ 2.2913515  23.87170791  1.98933235  1.4017429  55.30401031  0.17181932]
 [ 2.2913515  23.87170791  1.98933235  1.4017429  55.30401031  0.17181932]]"
6,7,"[[ 411.08489165  411.69403847  420.20214055  435.16317278  437.46918626
   408.38477358]
 [ 429.4768239   430.19418498  423.22664277  436.68892855  440.99613169
   408.21266713]
 [ 410.52470259  413.13072578  424.64155584  439.39869831  395.46878989
   408.91605769]
 [ 410.52470259  411.80457559  422.00609553  439.39869831  395.46878989
   407.62419339]
 [ 424.8246124  -310.111538    418.940239    433.66742871  424.55772619
   408.04213538]
 [ 411.73111814  446.42084326  421.42483479  436.66116923  436.78036734
   408.34837081]
 [ 432.21126    -298.37896757  422.53299288  432.38004494  422.24427833
   408.04515403]
 [ 416.52635772  437.2612072   424.64155584  439.39869831  395.46878989
   407.62419339]
 [ 423.4865745   386.12151073  422.03958857  433.16339524  427.58302616
   408.4270422 ]
 [ 427.4905122  -283.06573863  419.75863202  432.9194773   419.62596353
   408.52482877]
 [ 414.54992701  442.66901168  421.71480162  443.25262991  443.13737487
   407.68959262]
 [ 429.4768239   413.13072578 -312.26859424  436.68892855  431.10883594
   408.42246202]
 [ 426.72745218 -308.75200793  422.00609553  435.16317278  402.8443426
   408.63530128]
 [ 429.4768239  -291.03405558  417.42599433  436.68892855  403.96583317
   408.97053932]
 [ 417.31691637  420.24391752  421.04400425  447.41417755  388.77740473
   407.882783  ]
 [ 416.52635772 -291.03405558  417.42599433  441.10433054  439.75972916
   408.97053932]
 [ 425.93057552  381.51374704  421.72174146  435.9023795   407.48191693
   408.30736512]
 [ 429.00580586  410.77464623  422.67621192  437.08499909  460.60285801
   408.62131006]
 [ 433.52578506  437.2612072  -307.53054993  433.8158388   439.75972916
   408.05026573]
 [ 424.8246124  -310.111538    421.73491972  451.09832863  415.1452358
   408.50958998]
 [ 414.0723846   431.4215147   426.69223869  438.24663811  381.25391156
   407.68251165]
 [ 414.34045164  396.36778655  420.20214055  437.98244101  386.77606236
   408.6811736 ]
 [ 427.50064292 -275.04600064  421.19406402  437.99512651  416.24219151
   407.58704405]
 [ 411.7178198  -273.88666666  424.81132567  435.31734937  425.14240542
   408.40460296]
 [ 414.54992701  430.19418498 -311.78324353  443.0482115   440.99613169
   408.09996811]
 [ 408.56569472 -322.20218657  415.72613358  431.07829241  399.78560424
   408.24227326]
 [ 424.8246124   430.19418498  209.95265447  433.66742871  424.55772619
   408.04213538]
 [ 415.63550494  424.18318699  412.18150025  438.13345847  378.15956133
   407.93131227]
 [ 429.3951899  -334.55101096  424.63757273  433.65675391  418.67273516
   408.42246202]
 [ 414.54992701  464.1212426   419.39405745  443.25262991  419.35854471
   408.3320604 ]]","[-2411.69278999 -2392.14035306 -2351.7393728  -2346.45454949
 -2343.06096747 -2341.17535601 -2339.66851259 -2333.28776658
 -2327.23790077 -2306.2299223  -2305.472485   -2303.0614034
 -2301.48407362 -2283.63608851 -2282.35480781 -2262.35056463
 -2261.88412387 -2254.49750761 -2253.54954978 -2251.80246378
 -2250.3085294  -2242.96091534 -2239.52470278 -2238.84854964
 -2237.53113919 -2236.66131075 -2236.63021744 -2234.84007512
 -2221.10896288 -2208.45124262]","[[2.70464369e+00 4.50256706e+01 2.28269987e+00 1.49969187e+00
  1.23397951e+02 1.20805416e-01]
 [2.70464369e+00 4.50256706e+01 2.28269987e+00 1.49969187e+00
  1.23397951e+02 1.20805416e-01]
 [2.70464369e+00 4.50256706e+01 2.28269987e+00 1.49969187e+00
  1.23397951e+02 1.20805416e-01]
 [2.70464369e+00 4.50256706e+01 2.28269987e+00 1.49969187e+00
  1.23397951e+02 1.20805416e-01]
 [2.70464369e+00 4.50256706e+01 2.28269987e+00 1.49969187e+00
  1.23397951e+02 1.20805416e-01]
 [2.70464369e+00 4.50256706e+01 2.28269987e+00 1.49969187e+00
  1.23397951e+02 1.20805416e-01]
 [2.70464369e+00 4.50256706e+01 2.28269987e+00 1.49969187e+00
  1.23397951e+02 1.20805416e-01]
 [2.70464369e+00 4.50256706e+01 2.28269987e+00 1.49969187e+00
  1.23397951e+02 1.20805416e-01]
 [2.70464369e+00 4.50256706e+01 2.28269987e+00 1.49969187e+00
  1.23397951e+02 1.20805416e-01]
 [2.70464369e+00 4.50256706e+01 2.28269987e+00 1.49969187e+00
  1.23397951e+02 1.20805416e-01]
 [2.70464369e+00 4.50256706e+01 2.28269987e+00 1.49969187e+00
  1.23397951e+02 1.20805416e-01]
 [2.70464369e+00 4.50256706e+01 2.28269987e+00 1.49969187e+00
  1.23397951e+02 1.20805416e-01]
 [2.70464369e+00 4.50256706e+01 2.28269987e+00 1.49969187e+00
  1.23397951e+02 1.20805416e-01]
 [2.70464369e+00 4.50256706e+01 2.28269987e+00 1.49969187e+00
  1.23397951e+02 1.20805416e-01]
 [2.70464369e+00 4.50256706e+01 2.28269987e+00 1.49969187e+00
  1.23397951e+02 1.20805416e-01]
 [2.70464369e+00 4.50256706e+01 2.28269987e+00 1.49969187e+00
  1.23397951e+02 1.20805416e-01]
 [2.70464369e+00 4.50256706e+01 2.28269987e+00 1.49969187e+00
  1.23397951e+02 1.20805416e-01]
 [2.70464369e+00 4.50256706e+01 2.28269987e+00 1.49969187e+00
  1.23397951e+02 1.20805416e-01]
 [2.70464369e+00 4.50256706e+01 2.28269987e+00 1.49969187e+00
  1.23397951e+02 1.20805416e-01]
 [2.70464369e+00 4.50256706e+01 2.28269987e+00 1.49969187e+00
  1.23397951e+02 1.20805416e-01]
 [2.70464369e+00 4.50256706e+01 2.28269987e+00 1.49969187e+00
  1.23397951e+02 1.20805416e-01]
 [2.70464369e+00 4.50256706e+01 2.28269987e+00 1.49969187e+00
  1.23397951e+02 1.20805416e-01]
 [2.70464369e+00 4.50256706e+01 2.28269987e+00 1.49969187e+00
  1.23397951e+02 1.20805416e-01]
 [2.70464369e+00 4.50256706e+01 2.28269987e+00 1.49969187e+00
  1.23397951e+02 1.20805416e-01]
 [2.70464369e+00 4.50256706e+01 2.28269987e+00 1.49969187e+00
  1.23397951e+02 1.20805416e-01]
 [2.70464369e+00 4.50256706e+01 2.28269987e+00 1.49969187e+00
  1.23397951e+02 1.20805416e-01]
 [2.70464369e+00 4.50256706e+01 2.28269987e+00 1.49969187e+00
  1.23397951e+02 1.20805416e-01]
 [2.70464369e+00 4.50256706e+01 2.28269987e+00 1.49969187e+00
  1.23397951e+02 1.20805416e-01]
 [2.70464369e+00 4.50256706e+01 2.28269987e+00 1.49969187e+00
  1.23397951e+02 1.20805416e-01]
 [2.70464369e+00 4.50256706e+01 2.28269987e+00 1.49969187e+00
  1.23397951e+02 1.20805416e-01]]"
7,8,"[[424.8246124  430.19418498 424.64155584 433.66742871 424.55772619
  408.04213538]
 [414.54992701 430.19418498 419.39405745 433.66742871 424.55772619
  408.04213538]
 [410.52470259 413.13072578 424.64155584 433.65675391 418.67273516
  408.91605769]
 [411.08489165 430.19418498 420.20214055 433.66742871 424.55772619
  408.38477358]
 [414.0723846  431.4215147  422.03958857 433.16339524 427.58302616
  407.68251165]
 [427.50064292 424.18318699 421.19406402 437.99512651 416.24219151
  407.58704405]
 [411.73111814 430.19418498 421.42483479 436.66116923 424.55772619
  408.04213538]
 [414.0723846  430.19418498 426.69223869 438.24663811 424.55772619
  408.04213538]
 [431.11791532 425.19279878 419.81272669 439.07131634 430.96314249
  408.90077699]
 [425.93057552 430.19418498 423.22664277 436.68892855 407.48191693
  408.21266713]
 [427.4905122  437.2612072  424.64155584 439.39869831 419.62596353
  407.62419339]
 [416.52635772 437.2612072  424.64155584 439.39869831 415.1452358
  407.62419339]
 [424.8246124  420.24391752 421.04400425 447.41417755 424.55772619
  408.04213538]
 [411.73111814 411.80457559 422.00609553 439.39869831 436.78036734
  407.62419339]
 [414.54992701 424.18318699 412.18150025 438.13345847 440.99613169
  407.93131227]
 [429.00580586 410.77464623 415.72613358 437.08499909 399.78560424
  408.62131006]
 [433.52578506 413.13072578 424.64155584 439.39869831 439.75972916
  408.05026573]
 [417.31691637 420.24391752 417.42599433 447.41417755 403.96583317
  408.97053932]
 [414.54992701 430.19418498 422.03958857 443.0482115  440.99613169
  408.4270422 ]
 [416.52635772 411.80457559 417.42599433 439.39869831 395.46878989
  407.62419339]
 [429.3951899  446.42084326 421.42483479 433.65675391 436.78036734
  408.42246202]
 [433.52578506 437.2612072  424.64155584 439.39869831 439.75972916
  408.05026573]
 [410.52470259 411.80457559 421.73491972 439.39869831 395.46878989
  408.50958998]
 [414.54992701 442.66901168 424.63757273 433.65675391 443.13737487
  407.68959262]
 [433.52578506 420.24391752 421.04400425 447.41417755 439.75972916
  407.882783  ]
 [411.73111814 446.42084326 421.42483479 436.66116923 436.78036734
  408.42246202]
 [411.73111814 446.42084326 421.42483479 436.66116923 436.78036734
  408.3320604 ]
 [429.4768239  396.36778655 420.20214055 437.98244101 403.96583317
  408.6811736 ]
 [429.4768239  446.42084326 417.42599433 436.66116923 403.96583317
  408.34837081]
 [424.8246124  437.2612072  424.64155584 439.39869831 395.46878989
  407.62419339]]","[-2456.87201679 -2454.96492938 -2451.83109307 -2449.23615249
 -2447.8163937  -2445.82048149 -2439.1468238  -2433.26794404
 -2426.78025143 -2425.53897185 -2408.73781944 -2407.58838275
 -2403.40070338 -2396.62016054 -2389.71004668 -2382.86504261
 -2377.334245   -2370.78963773 -2367.69245841 -2356.15912292
 -2353.76197678 -2351.77546249 -2349.32918993 -2345.25662991
 -2342.45898501 -2341.40517317 -2341.12458973 -2340.60663831
 -2336.81129787 -2333.89379955]","[[3.19248160e+00 8.49252607e+01 2.61933039e+00 1.60448518e+00
  2.75333639e+02 8.49377605e-02]
 [3.19248160e+00 8.49252607e+01 2.61933039e+00 1.60448518e+00
  2.75333639e+02 8.49377605e-02]
 [3.19248160e+00 8.49252607e+01 2.61933039e+00 1.60448518e+00
  2.75333639e+02 8.49377605e-02]
 [3.19248160e+00 8.49252607e+01 2.61933039e+00 1.60448518e+00
  2.75333639e+02 8.49377605e-02]
 [3.19248160e+00 8.49252607e+01 2.61933039e+00 1.60448518e+00
  2.75333639e+02 8.49377605e-02]
 [3.19248160e+00 8.49252607e+01 2.61933039e+00 1.60448518e+00
  2.75333639e+02 8.49377605e-02]
 [3.19248160e+00 8.49252607e+01 2.61933039e+00 1.60448518e+00
  2.75333639e+02 8.49377605e-02]
 [3.19248160e+00 8.49252607e+01 2.61933039e+00 1.60448518e+00
  2.75333639e+02 8.49377605e-02]
 [3.19248160e+00 8.49252607e+01 2.61933039e+00 1.60448518e+00
  2.75333639e+02 8.49377605e-02]
 [3.19248160e+00 8.49252607e+01 2.61933039e+00 1.60448518e+00
  2.75333639e+02 8.49377605e-02]
 [3.19248160e+00 8.49252607e+01 2.61933039e+00 1.60448518e+00
  2.75333639e+02 8.49377605e-02]
 [3.19248160e+00 8.49252607e+01 2.61933039e+00 1.60448518e+00
  2.75333639e+02 8.49377605e-02]
 [3.19248160e+00 8.49252607e+01 2.61933039e+00 1.60448518e+00
  2.75333639e+02 8.49377605e-02]
 [3.19248160e+00 8.49252607e+01 2.61933039e+00 1.60448518e+00
  2.75333639e+02 8.49377605e-02]
 [3.19248160e+00 8.49252607e+01 2.61933039e+00 1.60448518e+00
  2.75333639e+02 8.49377605e-02]
 [3.19248160e+00 8.49252607e+01 2.61933039e+00 1.60448518e+00
  2.75333639e+02 8.49377605e-02]
 [3.19248160e+00 8.49252607e+01 2.61933039e+00 1.60448518e+00
  2.75333639e+02 8.49377605e-02]
 [3.19248160e+00 8.49252607e+01 2.61933039e+00 1.60448518e+00
  2.75333639e+02 8.49377605e-02]
 [3.19248160e+00 8.49252607e+01 2.61933039e+00 1.60448518e+00
  2.75333639e+02 8.49377605e-02]
 [3.19248160e+00 8.49252607e+01 2.61933039e+00 1.60448518e+00
  2.75333639e+02 8.49377605e-02]
 [3.19248160e+00 8.49252607e+01 2.61933039e+00 1.60448518e+00
  2.75333639e+02 8.49377605e-02]
 [3.19248160e+00 8.49252607e+01 2.61933039e+00 1.60448518e+00
  2.75333639e+02 8.49377605e-02]
 [3.19248160e+00 8.49252607e+01 2.61933039e+00 1.60448518e+00
  2.75333639e+02 8.49377605e-02]
 [3.19248160e+00 8.49252607e+01 2.61933039e+00 1.60448518e+00
  2.75333639e+02 8.49377605e-02]
 [3.19248160e+00 8.49252607e+01 2.61933039e+00 1.60448518e+00
  2.75333639e+02 8.49377605e-02]
 [3.19248160e+00 8.49252607e+01 2.61933039e+00 1.60448518e+00
  2.75333639e+02 8.49377605e-02]
 [3.19248160e+00 8.49252607e+01 2.61933039e+00 1.60448518e+00
  2.75333639e+02 8.49377605e-02]
 [3.19248160e+00 8.49252607e+01 2.61933039e+00 1.60448518e+00
  2.75333639e+02 8.49377605e-02]
 [3.19248160e+00 8.49252607e+01 2.61933039e+00 1.60448518e+00
  2.75333639e+02 8.49377605e-02]
 [3.19248160e+00 8.49252607e+01 2.61933039e+00 1.60448518e+00
  2.75333639e+02 8.49377605e-02]]"
8,9,"[[414.54992701 420.24391752 424.63757273 433.65675391 424.55772619
  408.04213538]
 [424.8246124  413.13072578 424.64155584 433.65675391 418.67273516
  408.91605769]
 [424.8246124  430.19418498 424.64155584 433.65675391 418.67273516
  408.91605769]
 [414.0723846  413.13072578 422.03958857 433.16339524 427.58302616
  408.91605769]
 [424.8246124  430.19418498 424.64155584 433.66742871 424.55772619
  408.05026573]
 [424.8246124  430.19418498 424.64155584 433.66742871 424.55772619
  408.04213538]
 [414.0723846  431.4215147  421.04400425 433.16339524 424.55772619
  408.04213538]
 [414.0723846  430.19418498 426.69223869 433.66742871 424.55772619
  408.38477358]
 [411.73111814 430.19418498 421.42483479 433.66742871 424.55772619
  408.42246202]
 [410.52470259 413.13072578 423.22664277 433.65675391 418.67273516
  408.21266713]
 [429.00580586 430.19418498 415.72613358 433.66742871 424.55772619
  408.62131006]
 [429.00580586 430.19418498 415.72613358 433.66742871 424.55772619
  408.62131006]
 [414.0723846  430.19418498 426.69223869 433.66742871 424.55772619
  408.04213538]
 [414.0723846  420.24391752 417.42599433 438.24663811 424.55772619
  408.97053932]
 [411.08489165 430.19418498 421.19406402 433.66742871 424.55772619
  408.38477358]
 [429.4768239  420.24391752 420.20214055 437.98244101 424.55772619
  408.6811736 ]
 [425.93057552 430.19418498 423.22664277 436.68892855 424.55772619
  408.38477358]
 [424.8246124  430.19418498 424.64155584 436.66116923 424.55772619
  408.04213538]
 [429.3951899  431.4215147  422.03958857 433.16339524 427.58302616
  407.68251165]
 [411.08489165 424.18318699 420.20214055 437.99512651 424.55772619
  408.38477358]
 [429.4768239  430.19418498 420.20214055 436.66116923 424.55772619
  408.6811736 ]
 [425.93057552 430.19418498 423.22664277 436.68892855 415.1452358
  407.62419339]
 [433.52578506 430.19418498 420.20214055 433.66742871 424.55772619
  408.38477358]
 [411.73111814 430.19418498 423.22664277 436.66116923 424.55772619
  408.21266713]
 [414.54992701 424.18318699 412.18150025 438.13345847 424.55772619
  407.93131227]
 [431.11791532 424.18318699 419.81272669 437.99512651 416.24219151
  407.58704405]
 [424.8246124  430.19418498 423.22664277 433.66742871 407.48191693
  408.04213538]
 [416.52635772 413.13072578 424.64155584 439.39869831 418.67273516
  407.62419339]
 [416.52635772 437.2612072  420.20214055 433.66742871 424.55772619
  408.38477358]
 [427.50064292 424.18318699 419.81272669 437.99512651 430.96314249
  407.58704405]]","[-2464.27725811 -2463.58644822 -2460.55932234 -2457.73005191
 -2456.89788715 -2456.87201679 -2453.01609079 -2451.42276531
 -2450.93699038 -2450.73886385 -2450.65074167 -2450.65074167
 -2450.34603872 -2449.3418176  -2449.30387789 -2447.94228269
 -2447.07215934 -2446.27531703 -2444.83045329 -2442.65294755
 -2442.63685219 -2442.00873482 -2441.61912743 -2439.06874217
 -2438.08225269 -2438.06256369 -2436.93591986 -2436.74512409
 -2436.44033135 -2435.87922169]","[[3.76831107e+00 1.60181954e+02 3.00560394e+00 1.71660109e+00
  6.14342555e+02 5.97193685e-02]
 [3.76831107e+00 1.60181954e+02 3.00560394e+00 1.71660109e+00
  6.14342555e+02 5.97193685e-02]
 [3.76831107e+00 1.60181954e+02 3.00560394e+00 1.71660109e+00
  6.14342555e+02 5.97193685e-02]
 [3.76831107e+00 1.60181954e+02 3.00560394e+00 1.71660109e+00
  6.14342555e+02 5.97193685e-02]
 [3.76831107e+00 1.60181954e+02 3.00560394e+00 1.71660109e+00
  6.14342555e+02 5.97193685e-02]
 [3.76831107e+00 1.60181954e+02 3.00560394e+00 1.71660109e+00
  6.14342555e+02 5.97193685e-02]
 [3.76831107e+00 1.60181954e+02 3.00560394e+00 1.71660109e+00
  6.14342555e+02 5.97193685e-02]
 [3.76831107e+00 1.60181954e+02 3.00560394e+00 1.71660109e+00
  6.14342555e+02 5.97193685e-02]
 [3.76831107e+00 1.60181954e+02 3.00560394e+00 1.71660109e+00
  6.14342555e+02 5.97193685e-02]
 [3.76831107e+00 1.60181954e+02 3.00560394e+00 1.71660109e+00
  6.14342555e+02 5.97193685e-02]
 [3.76831107e+00 1.60181954e+02 3.00560394e+00 1.71660109e+00
  6.14342555e+02 5.97193685e-02]
 [3.76831107e+00 1.60181954e+02 3.00560394e+00 1.71660109e+00
  6.14342555e+02 5.97193685e-02]
 [3.76831107e+00 1.60181954e+02 3.00560394e+00 1.71660109e+00
  6.14342555e+02 5.97193685e-02]
 [3.76831107e+00 1.60181954e+02 3.00560394e+00 1.71660109e+00
  6.14342555e+02 5.97193685e-02]
 [3.76831107e+00 1.60181954e+02 3.00560394e+00 1.71660109e+00
  6.14342555e+02 5.97193685e-02]
 [3.76831107e+00 1.60181954e+02 3.00560394e+00 1.71660109e+00
  6.14342555e+02 5.97193685e-02]
 [3.76831107e+00 1.60181954e+02 3.00560394e+00 1.71660109e+00
  6.14342555e+02 5.97193685e-02]
 [3.76831107e+00 1.60181954e+02 3.00560394e+00 1.71660109e+00
  6.14342555e+02 5.97193685e-02]
 [3.76831107e+00 1.60181954e+02 3.00560394e+00 1.71660109e+00
  6.14342555e+02 5.97193685e-02]
 [3.76831107e+00 1.60181954e+02 3.00560394e+00 1.71660109e+00
  6.14342555e+02 5.97193685e-02]
 [3.76831107e+00 1.60181954e+02 3.00560394e+00 1.71660109e+00
  6.14342555e+02 5.97193685e-02]
 [3.76831107e+00 1.60181954e+02 3.00560394e+00 1.71660109e+00
  6.14342555e+02 5.97193685e-02]
 [3.76831107e+00 1.60181954e+02 3.00560394e+00 1.71660109e+00
  6.14342555e+02 5.97193685e-02]
 [3.76831107e+00 1.60181954e+02 3.00560394e+00 1.71660109e+00
  6.14342555e+02 5.97193685e-02]
 [3.76831107e+00 1.60181954e+02 3.00560394e+00 1.71660109e+00
  6.14342555e+02 5.97193685e-02]
 [3.76831107e+00 1.60181954e+02 3.00560394e+00 1.71660109e+00
  6.14342555e+02 5.97193685e-02]
 [3.76831107e+00 1.60181954e+02 3.00560394e+00 1.71660109e+00
  6.14342555e+02 5.97193685e-02]
 [3.76831107e+00 1.60181954e+02 3.00560394e+00 1.71660109e+00
  6.14342555e+02 5.97193685e-02]
 [3.76831107e+00 1.60181954e+02 3.00560394e+00 1.71660109e+00
  6.14342555e+02 5.97193685e-02]
 [3.76831107e+00 1.60181954e+02 3.00560394e+00 1.71660109e+00
  6.14342555e+02 5.97193685e-02]]"
9,10,"[[424.8246124  424.18318699 419.81272669 433.65675391 418.67273516
  408.91605769]
 [424.8246124  424.18318699 424.64155584 433.65675391 418.67273516
  408.91605769]
 [424.8246124  420.24391752 424.63757273 433.65675391 418.67273516
  408.04213538]
 [424.8246124  420.24391752 424.63757273 433.66742871 424.55772619
  408.04213538]
 [414.54992701 420.24391752 417.42599433 433.65675391 424.55772619
  408.97053932]
 [414.0723846  424.18318699 419.81272669 433.16339524 416.24219151
  408.91605769]
 [414.54992701 420.24391752 424.63757273 433.65675391 424.55772619
  408.04213538]
 [429.4768239  420.24391752 420.20214055 433.66742871 424.55772619
  408.6811736 ]
 [414.0723846  420.24391752 415.72613358 433.66742871 424.55772619
  408.62131006]
 [429.4768239  420.24391752 420.20214055 433.66742871 424.55772619
  408.42246202]
 [414.54992701 424.18318699 424.64155584 433.66742871 424.55772619
  407.93131227]
 [424.8246124  413.13072578 423.22664277 433.65675391 418.67273516
  408.21266713]
 [427.50064292 424.18318699 424.64155584 433.65675391 418.67273516
  407.58704405]
 [416.52635772 413.13072578 423.22664277 433.66742871 418.67273516
  408.04213538]
 [424.8246124  413.13072578 415.72613358 433.66742871 418.67273516
  408.62131006]
 [424.8246124  430.19418498 424.64155584 433.65675391 418.67273516
  408.91605769]
 [424.8246124  430.19418498 424.64155584 433.65675391 418.67273516
  408.91605769]
 [424.8246124  430.19418498 417.42599433 433.66742871 424.55772619
  408.97053932]
 [414.0723846  424.18318699 426.69223869 433.66742871 424.55772619
  408.04213538]
 [416.52635772 413.13072578 422.03958857 433.16339524 427.58302616
  408.38477358]
 [424.8246124  430.19418498 424.64155584 433.66742871 424.55772619
  408.91605769]
 [414.0723846  413.13072578 421.04400425 433.16339524 424.55772619
  408.04213538]
 [424.8246124  430.19418498 415.72613358 433.66742871 418.67273516
  408.91605769]
 [424.8246124  430.19418498 415.72613358 433.66742871 418.67273516
  408.91605769]
 [411.08489165 424.18318699 420.20214055 433.66742871 424.55772619
  408.38477358]
 [411.08489165 424.18318699 420.20214055 433.66742871 424.55772619
  408.38477358]
 [416.52635772 430.19418498 424.64155584 433.66742871 418.67273516
  408.38477358]
 [424.8246124  431.4215147  424.64155584 433.16339524 424.55772619
  408.91605769]
 [424.8246124  430.19418498 424.64155584 433.66742871 424.55772619
  408.38477358]
 [424.8246124  430.19418498 423.22664277 433.66742871 424.55772619
  408.04213538]]","[-2471.52120384 -2469.98633723 -2468.5371956  -2467.54119462
 -2467.24948048 -2466.81778283 -2464.27725811 -2463.89903703
 -2463.49488532 -2463.10675715 -2462.64700886 -2462.49421901
 -2462.31384381 -2461.31493158 -2460.91213306 -2460.55932234
 -2460.55932234 -2459.84793191 -2459.77305361 -2459.60294568
 -2459.56332136 -2459.07856204 -2458.77248077 -2458.77248077
 -2458.66316738 -2458.66316738 -2458.30481263 -2458.09820518
 -2457.94874338 -2457.93173645]","[[4.44800318e+00 3.02127520e+02 3.44884138e+00 1.83655127e+00
  1.37076158e+03 4.19884273e-02]
 [4.44800318e+00 3.02127520e+02 3.44884138e+00 1.83655127e+00
  1.37076158e+03 4.19884273e-02]
 [4.44800318e+00 3.02127520e+02 3.44884138e+00 1.83655127e+00
  1.37076158e+03 4.19884273e-02]
 [4.44800318e+00 3.02127520e+02 3.44884138e+00 1.83655127e+00
  1.37076158e+03 4.19884273e-02]
 [4.44800318e+00 3.02127520e+02 3.44884138e+00 1.83655127e+00
  1.37076158e+03 4.19884273e-02]
 [4.44800318e+00 3.02127520e+02 3.44884138e+00 1.83655127e+00
  1.37076158e+03 4.19884273e-02]
 [4.44800318e+00 3.02127520e+02 3.44884138e+00 1.83655127e+00
  1.37076158e+03 4.19884273e-02]
 [4.44800318e+00 3.02127520e+02 3.44884138e+00 1.83655127e+00
  1.37076158e+03 4.19884273e-02]
 [4.44800318e+00 3.02127520e+02 3.44884138e+00 1.83655127e+00
  1.37076158e+03 4.19884273e-02]
 [4.44800318e+00 3.02127520e+02 3.44884138e+00 1.83655127e+00
  1.37076158e+03 4.19884273e-02]
 [4.44800318e+00 3.02127520e+02 3.44884138e+00 1.83655127e+00
  1.37076158e+03 4.19884273e-02]
 [4.44800318e+00 3.02127520e+02 3.44884138e+00 1.83655127e+00
  1.37076158e+03 4.19884273e-02]
 [4.44800318e+00 3.02127520e+02 3.44884138e+00 1.83655127e+00
  1.37076158e+03 4.19884273e-02]
 [4.44800318e+00 3.02127520e+02 3.44884138e+00 1.83655127e+00
  1.37076158e+03 4.19884273e-02]
 [4.44800318e+00 3.02127520e+02 3.44884138e+00 1.83655127e+00
  1.37076158e+03 4.19884273e-02]
 [4.44800318e+00 3.02127520e+02 3.44884138e+00 1.83655127e+00
  1.37076158e+03 4.19884273e-02]
 [4.44800318e+00 3.02127520e+02 3.44884138e+00 1.83655127e+00
  1.37076158e+03 4.19884273e-02]
 [4.44800318e+00 3.02127520e+02 3.44884138e+00 1.83655127e+00
  1.37076158e+03 4.19884273e-02]
 [4.44800318e+00 3.02127520e+02 3.44884138e+00 1.83655127e+00
  1.37076158e+03 4.19884273e-02]
 [4.44800318e+00 3.02127520e+02 3.44884138e+00 1.83655127e+00
  1.37076158e+03 4.19884273e-02]
 [4.44800318e+00 3.02127520e+02 3.44884138e+00 1.83655127e+00
  1.37076158e+03 4.19884273e-02]
 [4.44800318e+00 3.02127520e+02 3.44884138e+00 1.83655127e+00
  1.37076158e+03 4.19884273e-02]
 [4.44800318e+00 3.02127520e+02 3.44884138e+00 1.83655127e+00
  1.37076158e+03 4.19884273e-02]
 [4.44800318e+00 3.02127520e+02 3.44884138e+00 1.83655127e+00
  1.37076158e+03 4.19884273e-02]
 [4.44800318e+00 3.02127520e+02 3.44884138e+00 1.83655127e+00
  1.37076158e+03 4.19884273e-02]
 [4.44800318e+00 3.02127520e+02 3.44884138e+00 1.83655127e+00
  1.37076158e+03 4.19884273e-02]
 [4.44800318e+00 3.02127520e+02 3.44884138e+00 1.83655127e+00
  1.37076158e+03 4.19884273e-02]
 [4.44800318e+00 3.02127520e+02 3.44884138e+00 1.83655127e+00
  1.37076158e+03 4.19884273e-02]
 [4.44800318e+00 3.02127520e+02 3.44884138e+00 1.83655127e+00
  1.37076158e+03 4.19884273e-02]
 [4.44800318e+00 3.02127520e+02 3.44884138e+00 1.83655127e+00
  1.37076158e+03 4.19884273e-02]]"
10,11,"[[424.8246124  424.18318699 419.81272669 433.16339524 418.67273516
  408.91605769]
 [424.8246124  420.24391752 419.81272669 433.65675391 418.67273516
  408.91605769]
 [424.8246124  420.24391752 419.81272669 433.65675391 418.67273516
  408.91605769]
 [424.8246124  420.24391752 420.20214055 433.16339524 424.55772619
  408.42246202]
 [424.8246124  420.24391752 424.63757273 433.16339524 424.55772619
  408.91605769]
 [424.8246124  424.18318699 420.20214055 433.66742871 418.67273516
  408.91605769]
 [424.8246124  424.18318699 419.81272669 433.65675391 418.67273516
  408.91605769]
 [424.8246124  424.18318699 419.81272669 433.65675391 418.67273516
  408.91605769]
 [424.8246124  424.18318699 419.81272669 433.16339524 416.24219151
  408.91605769]
 [424.8246124  424.18318699 420.20214055 433.66742871 424.55772619
  408.91605769]
 [424.8246124  424.18318699 420.20214055 433.66742871 424.55772619
  408.91605769]
 [424.8246124  420.24391752 423.22664277 433.66742871 424.55772619
  408.6811736 ]
 [424.8246124  424.18318699 424.64155584 433.16339524 424.55772619
  408.91605769]
 [424.8246124  420.24391752 417.42599433 433.65675391 424.55772619
  408.97053932]
 [424.8246124  424.18318699 419.81272669 433.66742871 424.55772619
  408.91605769]
 [424.8246124  420.24391752 420.20214055 433.66742871 424.55772619
  408.38477358]
 [424.8246124  420.24391752 424.63757273 433.66742871 424.55772619
  408.91605769]
 [424.8246124  424.18318699 424.63757273 433.65675391 418.67273516
  408.91605769]
 [424.8246124  420.24391752 424.63757273 433.65675391 424.55772619
  408.62131006]
 [424.8246124  420.24391752 424.64155584 433.66742871 424.55772619
  408.62131006]
 [424.8246124  424.18318699 424.64155584 433.66742871 418.67273516
  408.62131006]
 [424.8246124  424.18318699 424.63757273 433.65675391 424.55772619
  408.91605769]
 [424.8246124  424.18318699 420.20214055 433.66742871 424.55772619
  408.38477358]
 [424.8246124  424.18318699 424.64155584 433.66742871 424.55772619
  408.91605769]
 [414.0723846  424.18318699 419.81272669 433.16339524 418.67273516
  408.91605769]
 [424.8246124  424.18318699 423.22664277 433.65675391 418.67273516
  408.21266713]
 [424.8246124  424.18318699 423.22664277 433.66742871 418.67273516
  408.21266713]
 [424.8246124  424.18318699 419.81272669 433.65675391 418.67273516
  408.04213538]
 [424.8246124  420.24391752 415.72613358 433.66742871 424.55772619
  408.91605769]
 [424.8246124  424.18318699 415.72613358 433.66742871 418.67273516
  408.91605769]]","[-2473.05753427 -2472.75967404 -2472.75967404 -2471.93047543
 -2471.80272838 -2471.58171604 -2471.52120384 -2471.52120384
 -2470.91128755 -2470.61961382 -2470.61961382 -2470.58296823
 -2470.56056543 -2470.54731575 -2470.52520287 -2470.24350603
 -2470.2324992  -2469.99002998 -2469.37892437 -2469.34133286
 -2469.06496488 -2469.02792776 -2469.00503583 -2468.99033625
 -2468.96402954 -2468.89410801 -2468.86020925 -2468.82989927
 -2468.47586363 -2468.19949565]","[[5.25029170e+00 5.69858438e+02 3.95744319e+00 1.96488316e+00
  3.05853356e+03 2.95218799e-02]
 [5.25029170e+00 5.69858438e+02 3.95744319e+00 1.96488316e+00
  3.05853356e+03 2.95218799e-02]
 [5.25029170e+00 5.69858438e+02 3.95744319e+00 1.96488316e+00
  3.05853356e+03 2.95218799e-02]
 [5.25029170e+00 5.69858438e+02 3.95744319e+00 1.96488316e+00
  3.05853356e+03 2.95218799e-02]
 [5.25029170e+00 5.69858438e+02 3.95744319e+00 1.96488316e+00
  3.05853356e+03 2.95218799e-02]
 [5.25029170e+00 5.69858438e+02 3.95744319e+00 1.96488316e+00
  3.05853356e+03 2.95218799e-02]
 [5.25029170e+00 5.69858438e+02 3.95744319e+00 1.96488316e+00
  3.05853356e+03 2.95218799e-02]
 [5.25029170e+00 5.69858438e+02 3.95744319e+00 1.96488316e+00
  3.05853356e+03 2.95218799e-02]
 [5.25029170e+00 5.69858438e+02 3.95744319e+00 1.96488316e+00
  3.05853356e+03 2.95218799e-02]
 [5.25029170e+00 5.69858438e+02 3.95744319e+00 1.96488316e+00
  3.05853356e+03 2.95218799e-02]
 [5.25029170e+00 5.69858438e+02 3.95744319e+00 1.96488316e+00
  3.05853356e+03 2.95218799e-02]
 [5.25029170e+00 5.69858438e+02 3.95744319e+00 1.96488316e+00
  3.05853356e+03 2.95218799e-02]
 [5.25029170e+00 5.69858438e+02 3.95744319e+00 1.96488316e+00
  3.05853356e+03 2.95218799e-02]
 [5.25029170e+00 5.69858438e+02 3.95744319e+00 1.96488316e+00
  3.05853356e+03 2.95218799e-02]
 [5.25029170e+00 5.69858438e+02 3.95744319e+00 1.96488316e+00
  3.05853356e+03 2.95218799e-02]
 [5.25029170e+00 5.69858438e+02 3.95744319e+00 1.96488316e+00
  3.05853356e+03 2.95218799e-02]
 [5.25029170e+00 5.69858438e+02 3.95744319e+00 1.96488316e+00
  3.05853356e+03 2.95218799e-02]
 [5.25029170e+00 5.69858438e+02 3.95744319e+00 1.96488316e+00
  3.05853356e+03 2.95218799e-02]
 [5.25029170e+00 5.69858438e+02 3.95744319e+00 1.96488316e+00
  3.05853356e+03 2.95218799e-02]
 [5.25029170e+00 5.69858438e+02 3.95744319e+00 1.96488316e+00
  3.05853356e+03 2.95218799e-02]
 [5.25029170e+00 5.69858438e+02 3.95744319e+00 1.96488316e+00
  3.05853356e+03 2.95218799e-02]
 [5.25029170e+00 5.69858438e+02 3.95744319e+00 1.96488316e+00
  3.05853356e+03 2.95218799e-02]
 [5.25029170e+00 5.69858438e+02 3.95744319e+00 1.96488316e+00
  3.05853356e+03 2.95218799e-02]
 [5.25029170e+00 5.69858438e+02 3.95744319e+00 1.96488316e+00
  3.05853356e+03 2.95218799e-02]
 [5.25029170e+00 5.69858438e+02 3.95744319e+00 1.96488316e+00
  3.05853356e+03 2.95218799e-02]
 [5.25029170e+00 5.69858438e+02 3.95744319e+00 1.96488316e+00
  3.05853356e+03 2.95218799e-02]
 [5.25029170e+00 5.69858438e+02 3.95744319e+00 1.96488316e+00
  3.05853356e+03 2.95218799e-02]
 [5.25029170e+00 5.69858438e+02 3.95744319e+00 1.96488316e+00
  3.05853356e+03 2.95218799e-02]
 [5.25029170e+00 5.69858438e+02 3.95744319e+00 1.96488316e+00
  3.05853356e+03 2.95218799e-02]
 [5.25029170e+00 5.69858438e+02 3.95744319e+00 1.96488316e+00
  3.05853356e+03 2.95218799e-02]]"
11,12,"[[424.8246124  420.24391752 420.20214055 433.16339524 418.67273516
  408.91605769]
 [424.8246124  420.24391752 420.20214055 433.16339524 424.55772619
  408.91605769]
 [424.8246124  424.18318699 419.81272669 433.16339524 418.67273516
  408.91605769]
 [424.8246124  424.18318699 419.81272669 433.16339524 418.67273516
  408.91605769]
 [424.8246124  424.18318699 419.81272669 433.16339524 418.67273516
  408.91605769]
 [424.8246124  424.18318699 419.81272669 433.16339524 418.67273516
  408.91605769]
 [424.8246124  420.24391752 420.20214055 433.65675391 418.67273516
  408.91605769]
 [424.8246124  420.24391752 419.81272669 433.65675391 418.67273516
  408.91605769]
 [424.8246124  420.24391752 419.81272669 433.65675391 418.67273516
  408.91605769]
 [424.8246124  420.24391752 419.81272669 433.65675391 418.67273516
  408.91605769]
 [424.8246124  420.24391752 419.81272669 433.65675391 418.67273516
  408.91605769]
 [424.8246124  420.24391752 419.81272669 433.65675391 418.67273516
  408.91605769]
 [424.8246124  420.24391752 419.81272669 433.66742871 418.67273516
  408.91605769]
 [424.8246124  420.24391752 419.81272669 433.66742871 418.67273516
  408.91605769]
 [424.8246124  420.24391752 423.22664277 433.65675391 418.67273516
  408.97053932]
 [424.8246124  424.18318699 420.20214055 433.16339524 424.55772619
  408.91605769]
 [424.8246124  424.18318699 420.20214055 433.16339524 424.55772619
  408.91605769]
 [424.8246124  424.18318699 419.81272669 433.16339524 424.55772619
  408.91605769]
 [424.8246124  424.18318699 419.81272669 433.16339524 424.55772619
  408.91605769]
 [424.8246124  424.18318699 419.81272669 433.16339524 424.55772619
  408.91605769]
 [424.8246124  420.24391752 419.81272669 433.65675391 418.67273516
  408.62131006]
 [424.8246124  420.24391752 419.81272669 433.65675391 418.67273516
  408.62131006]
 [424.8246124  420.24391752 420.20214055 433.66742871 424.55772619
  408.91605769]
 [424.8246124  420.24391752 420.20214055 433.66742871 424.55772619
  408.91605769]
 [424.8246124  420.24391752 420.20214055 433.66742871 424.55772619
  408.91605769]
 [424.8246124  420.24391752 419.81272669 433.16339524 424.55772619
  408.42246202]
 [424.8246124  420.24391752 424.63757273 433.16339524 424.55772619
  408.91605769]
 [424.8246124  420.24391752 424.63757273 433.16339524 424.55772619
  408.91605769]
 [424.8246124  420.24391752 424.63757273 433.16339524 424.55772619
  408.91605769]
 [424.8246124  420.24391752 424.63757273 433.16339524 424.55772619
  408.91605769]]","[-2474.39041541 -2473.42831319 -2473.05753427 -2473.05753427
 -2473.05753427 -2473.05753427 -2472.85408499 -2472.75967404
 -2472.75967404 -2472.75967404 -2472.75967404 -2472.75967404
 -2472.72577528 -2472.72577528 -2472.44630889 -2472.189843
 -2472.189843   -2472.09543205 -2472.09543205 -2472.09543205
 -2471.87220045 -2471.87220045 -2471.85808401 -2471.85808401
 -2471.85808401 -2471.83606448 -2471.80272838 -2471.80272838
 -2471.80272838 -2471.80272838]","[[6.19728938e+00 1.07483966e+03 4.54104869e+00 2.10218243e+00
  6.82440158e+03 2.07567048e-02]
 [6.19728938e+00 1.07483966e+03 4.54104869e+00 2.10218243e+00
  6.82440158e+03 2.07567048e-02]
 [6.19728938e+00 1.07483966e+03 4.54104869e+00 2.10218243e+00
  6.82440158e+03 2.07567048e-02]
 [6.19728938e+00 1.07483966e+03 4.54104869e+00 2.10218243e+00
  6.82440158e+03 2.07567048e-02]
 [6.19728938e+00 1.07483966e+03 4.54104869e+00 2.10218243e+00
  6.82440158e+03 2.07567048e-02]
 [6.19728938e+00 1.07483966e+03 4.54104869e+00 2.10218243e+00
  6.82440158e+03 2.07567048e-02]
 [6.19728938e+00 1.07483966e+03 4.54104869e+00 2.10218243e+00
  6.82440158e+03 2.07567048e-02]
 [6.19728938e+00 1.07483966e+03 4.54104869e+00 2.10218243e+00
  6.82440158e+03 2.07567048e-02]
 [6.19728938e+00 1.07483966e+03 4.54104869e+00 2.10218243e+00
  6.82440158e+03 2.07567048e-02]
 [6.19728938e+00 1.07483966e+03 4.54104869e+00 2.10218243e+00
  6.82440158e+03 2.07567048e-02]
 [6.19728938e+00 1.07483966e+03 4.54104869e+00 2.10218243e+00
  6.82440158e+03 2.07567048e-02]
 [6.19728938e+00 1.07483966e+03 4.54104869e+00 2.10218243e+00
  6.82440158e+03 2.07567048e-02]
 [6.19728938e+00 1.07483966e+03 4.54104869e+00 2.10218243e+00
  6.82440158e+03 2.07567048e-02]
 [6.19728938e+00 1.07483966e+03 4.54104869e+00 2.10218243e+00
  6.82440158e+03 2.07567048e-02]
 [6.19728938e+00 1.07483966e+03 4.54104869e+00 2.10218243e+00
  6.82440158e+03 2.07567048e-02]
 [6.19728938e+00 1.07483966e+03 4.54104869e+00 2.10218243e+00
  6.82440158e+03 2.07567048e-02]
 [6.19728938e+00 1.07483966e+03 4.54104869e+00 2.10218243e+00
  6.82440158e+03 2.07567048e-02]
 [6.19728938e+00 1.07483966e+03 4.54104869e+00 2.10218243e+00
  6.82440158e+03 2.07567048e-02]
 [6.19728938e+00 1.07483966e+03 4.54104869e+00 2.10218243e+00
  6.82440158e+03 2.07567048e-02]
 [6.19728938e+00 1.07483966e+03 4.54104869e+00 2.10218243e+00
  6.82440158e+03 2.07567048e-02]
 [6.19728938e+00 1.07483966e+03 4.54104869e+00 2.10218243e+00
  6.82440158e+03 2.07567048e-02]
 [6.19728938e+00 1.07483966e+03 4.54104869e+00 2.10218243e+00
  6.82440158e+03 2.07567048e-02]
 [6.19728938e+00 1.07483966e+03 4.54104869e+00 2.10218243e+00
  6.82440158e+03 2.07567048e-02]
 [6.19728938e+00 1.07483966e+03 4.54104869e+00 2.10218243e+00
  6.82440158e+03 2.07567048e-02]
 [6.19728938e+00 1.07483966e+03 4.54104869e+00 2.10218243e+00
  6.82440158e+03 2.07567048e-02]
 [6.19728938e+00 1.07483966e+03 4.54104869e+00 2.10218243e+00
  6.82440158e+03 2.07567048e-02]
 [6.19728938e+00 1.07483966e+03 4.54104869e+00 2.10218243e+00
  6.82440158e+03 2.07567048e-02]
 [6.19728938e+00 1.07483966e+03 4.54104869e+00 2.10218243e+00
  6.82440158e+03 2.07567048e-02]
 [6.19728938e+00 1.07483966e+03 4.54104869e+00 2.10218243e+00
  6.82440158e+03 2.07567048e-02]
 [6.19728938e+00 1.07483966e+03 4.54104869e+00 2.10218243e+00
  6.82440158e+03 2.07567048e-02]]"
12,13,"[[424.8246124  420.24391752 420.20214055 433.16339524 418.67273516
  408.91605769]
 [424.8246124  420.24391752 420.20214055 433.16339524 418.67273516
  408.91605769]
 [424.8246124  420.24391752 420.20214055 433.16339524 418.67273516
  408.91605769]
 [424.8246124  420.24391752 420.20214055 433.16339524 418.67273516
  408.91605769]
 [424.8246124  420.24391752 419.81272669 433.16339524 418.67273516
  408.91605769]
 [424.8246124  420.24391752 419.81272669 433.16339524 418.67273516
  408.91605769]
 [424.8246124  420.24391752 419.81272669 433.16339524 418.67273516
  408.91605769]
 [424.8246124  420.24391752 419.81272669 433.16339524 418.67273516
  408.91605769]
 [424.8246124  420.24391752 419.81272669 433.16339524 418.67273516
  408.91605769]
 [424.8246124  420.24391752 419.81272669 433.16339524 418.67273516
  408.91605769]
 [424.8246124  420.24391752 419.81272669 433.16339524 418.67273516
  408.91605769]
 [424.8246124  420.24391752 419.81272669 433.16339524 418.67273516
  408.91605769]
 [424.8246124  420.24391752 419.81272669 433.16339524 418.67273516
  408.91605769]
 [424.8246124  420.24391752 419.81272669 433.16339524 418.67273516
  408.91605769]
 [424.8246124  420.24391752 419.81272669 433.16339524 418.67273516
  408.91605769]
 [424.8246124  420.24391752 419.81272669 433.16339524 418.67273516
  408.91605769]
 [424.8246124  420.24391752 419.81272669 433.16339524 418.67273516
  408.91605769]
 [424.8246124  420.24391752 423.22664277 433.16339524 418.67273516
  408.91605769]
 [424.8246124  420.24391752 420.20214055 433.16339524 424.55772619
  408.91605769]
 [424.8246124  420.24391752 420.20214055 433.16339524 424.55772619
  408.91605769]
 [424.8246124  420.24391752 420.20214055 433.16339524 424.55772619
  408.91605769]
 [424.8246124  420.24391752 420.20214055 433.16339524 424.55772619
  408.91605769]
 [424.8246124  420.24391752 420.20214055 433.16339524 424.55772619
  408.91605769]
 [424.8246124  420.24391752 420.20214055 433.16339524 424.55772619
  408.91605769]
 [424.8246124  420.24391752 420.20214055 433.16339524 424.55772619
  408.91605769]
 [424.8246124  420.24391752 420.20214055 433.16339524 424.55772619
  408.91605769]
 [424.8246124  420.24391752 419.81272669 433.16339524 418.67273516
  408.62131006]
 [424.8246124  420.24391752 419.81272669 433.16339524 418.67273516
  408.62131006]
 [424.8246124  420.24391752 419.81272669 433.16339524 424.55772619
  408.91605769]
 [424.8246124  420.24391752 419.81272669 433.16339524 424.55772619
  408.91605769]]","[-2474.39041541 -2474.39041541 -2474.39041541 -2474.39041541
 -2474.29600446 -2474.29600446 -2474.29600446 -2474.29600446
 -2474.29600446 -2474.29600446 -2474.29600446 -2474.29600446
 -2474.29600446 -2474.29600446 -2474.29600446 -2474.29600446
 -2474.29600446 -2473.82085751 -2473.42831319 -2473.42831319
 -2473.42831319 -2473.42831319 -2473.42831319 -2473.42831319
 -2473.42831319 -2473.42831319 -2473.40853087 -2473.40853087
 -2473.33390224 -2473.33390224]","[[7.31509750e+00 2.02731102e+03 5.21071868e+00 2.24907571e+00
  1.52270544e+04 1.45939485e-02]
 [7.31509750e+00 2.02731102e+03 5.21071868e+00 2.24907571e+00
  1.52270544e+04 1.45939485e-02]
 [7.31509750e+00 2.02731102e+03 5.21071868e+00 2.24907571e+00
  1.52270544e+04 1.45939485e-02]
 [7.31509750e+00 2.02731102e+03 5.21071868e+00 2.24907571e+00
  1.52270544e+04 1.45939485e-02]
 [7.31509750e+00 2.02731102e+03 5.21071868e+00 2.24907571e+00
  1.52270544e+04 1.45939485e-02]
 [7.31509750e+00 2.02731102e+03 5.21071868e+00 2.24907571e+00
  1.52270544e+04 1.45939485e-02]
 [7.31509750e+00 2.02731102e+03 5.21071868e+00 2.24907571e+00
  1.52270544e+04 1.45939485e-02]
 [7.31509750e+00 2.02731102e+03 5.21071868e+00 2.24907571e+00
  1.52270544e+04 1.45939485e-02]
 [7.31509750e+00 2.02731102e+03 5.21071868e+00 2.24907571e+00
  1.52270544e+04 1.45939485e-02]
 [7.31509750e+00 2.02731102e+03 5.21071868e+00 2.24907571e+00
  1.52270544e+04 1.45939485e-02]
 [7.31509750e+00 2.02731102e+03 5.21071868e+00 2.24907571e+00
  1.52270544e+04 1.45939485e-02]
 [7.31509750e+00 2.02731102e+03 5.21071868e+00 2.24907571e+00
  1.52270544e+04 1.45939485e-02]
 [7.31509750e+00 2.02731102e+03 5.21071868e+00 2.24907571e+00
  1.52270544e+04 1.45939485e-02]
 [7.31509750e+00 2.02731102e+03 5.21071868e+00 2.24907571e+00
  1.52270544e+04 1.45939485e-02]
 [7.31509750e+00 2.02731102e+03 5.21071868e+00 2.24907571e+00
  1.52270544e+04 1.45939485e-02]
 [7.31509750e+00 2.02731102e+03 5.21071868e+00 2.24907571e+00
  1.52270544e+04 1.45939485e-02]
 [7.31509750e+00 2.02731102e+03 5.21071868e+00 2.24907571e+00
  1.52270544e+04 1.45939485e-02]
 [7.31509750e+00 2.02731102e+03 5.21071868e+00 2.24907571e+00
  1.52270544e+04 1.45939485e-02]
 [7.31509750e+00 2.02731102e+03 5.21071868e+00 2.24907571e+00
  1.52270544e+04 1.45939485e-02]
 [7.31509750e+00 2.02731102e+03 5.21071868e+00 2.24907571e+00
  1.52270544e+04 1.45939485e-02]
 [7.31509750e+00 2.02731102e+03 5.21071868e+00 2.24907571e+00
  1.52270544e+04 1.45939485e-02]
 [7.31509750e+00 2.02731102e+03 5.21071868e+00 2.24907571e+00
  1.52270544e+04 1.45939485e-02]
 [7.31509750e+00 2.02731102e+03 5.21071868e+00 2.24907571e+00
  1.52270544e+04 1.45939485e-02]
 [7.31509750e+00 2.02731102e+03 5.21071868e+00 2.24907571e+00
  1.52270544e+04 1.45939485e-02]
 [7.31509750e+00 2.02731102e+03 5.21071868e+00 2.24907571e+00
  1.52270544e+04 1.45939485e-02]
 [7.31509750e+00 2.02731102e+03 5.21071868e+00 2.24907571e+00
  1.52270544e+04 1.45939485e-02]
 [7.31509750e+00 2.02731102e+03 5.21071868e+00 2.24907571e+00
  1.52270544e+04 1.45939485e-02]
 [7.31509750e+00 2.02731102e+03 5.21071868e+00 2.24907571e+00
  1.52270544e+04 1.45939485e-02]
 [7.31509750e+00 2.02731102e+03 5.21071868e+00 2.24907571e+00
  1.52270544e+04 1.45939485e-02]
 [7.31509750e+00 2.02731102e+03 5.21071868e+00 2.24907571e+00
  1.52270544e+04 1.45939485e-02]]"
13,14,"[[424.8246124  420.24391752 420.20214055 433.16339524 418.67273516
  408.91605769]
 [424.8246124  420.24391752 420.20214055 433.16339524 418.67273516
  408.91605769]
 [424.8246124  420.24391752 420.20214055 433.16339524 418.67273516
  408.91605769]
 [424.8246124  420.24391752 420.20214055 433.16339524 418.67273516
  408.91605769]
 [424.8246124  420.24391752 420.20214055 433.16339524 418.67273516
  408.91605769]
 [424.8246124  420.24391752 420.20214055 433.16339524 418.67273516
  408.91605769]
 [424.8246124  420.24391752 420.20214055 433.16339524 418.67273516
  408.91605769]
 [424.8246124  420.24391752 420.20214055 433.16339524 418.67273516
  408.91605769]
 [424.8246124  420.24391752 420.20214055 433.16339524 418.67273516
  408.91605769]
 [424.8246124  420.24391752 420.20214055 433.16339524 418.67273516
  408.91605769]
 [424.8246124  420.24391752 420.20214055 433.16339524 418.67273516
  408.91605769]
 [424.8246124  420.24391752 420.20214055 433.16339524 418.67273516
  408.91605769]
 [424.8246124  420.24391752 420.20214055 433.16339524 418.67273516
  408.91605769]
 [424.8246124  420.24391752 420.20214055 433.16339524 418.67273516
  408.91605769]
 [424.8246124  420.24391752 420.20214055 433.16339524 418.67273516
  408.91605769]
 [424.8246124  420.24391752 420.20214055 433.16339524 418.67273516
  408.91605769]
 [424.8246124  420.24391752 420.20214055 433.16339524 418.67273516
  408.91605769]
 [424.8246124  420.24391752 420.20214055 433.16339524 418.67273516
  408.91605769]
 [424.8246124  420.24391752 420.20214055 433.16339524 418.67273516
  408.91605769]
 [424.8246124  420.24391752 420.20214055 433.16339524 418.67273516
  408.91605769]
 [424.8246124  420.24391752 420.20214055 433.16339524 418.67273516
  408.91605769]
 [424.8246124  420.24391752 420.20214055 433.16339524 418.67273516
  408.91605769]
 [424.8246124  420.24391752 420.20214055 433.16339524 418.67273516
  408.91605769]
 [424.8246124  420.24391752 420.20214055 433.16339524 418.67273516
  408.91605769]
 [424.8246124  420.24391752 420.20214055 433.16339524 418.67273516
  408.91605769]
 [424.8246124  420.24391752 420.20214055 433.16339524 418.67273516
  408.91605769]
 [424.8246124  420.24391752 420.20214055 433.16339524 418.67273516
  408.91605769]
 [424.8246124  420.24391752 420.20214055 433.16339524 418.67273516
  408.91605769]
 [424.8246124  420.24391752 420.20214055 433.16339524 418.67273516
  408.91605769]
 [424.8246124  420.24391752 420.20214055 433.16339524 418.67273516
  408.91605769]]","[-2474.39041541 -2474.39041541 -2474.39041541 -2474.39041541
 -2474.39041541 -2474.39041541 -2474.39041541 -2474.39041541
 -2474.39041541 -2474.39041541 -2474.39041541 -2474.39041541
 -2474.39041541 -2474.39041541 -2474.39041541 -2474.39041541
 -2474.39041541 -2474.39041541 -2474.39041541 -2474.39041541
 -2474.39041541 -2474.39041541 -2474.39041541 -2474.39041541
 -2474.39041541 -2474.39041541 -2474.39041541 -2474.39041541
 -2474.39041541 -2474.39041541]","[[8.63452522e+00 3.82381682e+03 5.97914514e+00 2.40623339e+00
  3.39756070e+04 1.02609415e-02]
 [8.63452522e+00 3.82381682e+03 5.97914514e+00 2.40623339e+00
  3.39756070e+04 1.02609415e-02]
 [8.63452522e+00 3.82381682e+03 5.97914514e+00 2.40623339e+00
  3.39756070e+04 1.02609415e-02]
 [8.63452522e+00 3.82381682e+03 5.97914514e+00 2.40623339e+00
  3.39756070e+04 1.02609415e-02]
 [8.63452522e+00 3.82381682e+03 5.97914514e+00 2.40623339e+00
  3.39756070e+04 1.02609415e-02]
 [8.63452522e+00 3.82381682e+03 5.97914514e+00 2.40623339e+00
  3.39756070e+04 1.02609415e-02]
 [8.63452522e+00 3.82381682e+03 5.97914514e+00 2.40623339e+00
  3.39756070e+04 1.02609415e-02]
 [8.63452522e+00 3.82381682e+03 5.97914514e+00 2.40623339e+00
  3.39756070e+04 1.02609415e-02]
 [8.63452522e+00 3.82381682e+03 5.97914514e+00 2.40623339e+00
  3.39756070e+04 1.02609415e-02]
 [8.63452522e+00 3.82381682e+03 5.97914514e+00 2.40623339e+00
  3.39756070e+04 1.02609415e-02]
 [8.63452522e+00 3.82381682e+03 5.97914514e+00 2.40623339e+00
  3.39756070e+04 1.02609415e-02]
 [8.63452522e+00 3.82381682e+03 5.97914514e+00 2.40623339e+00
  3.39756070e+04 1.02609415e-02]
 [8.63452522e+00 3.82381682e+03 5.97914514e+00 2.40623339e+00
  3.39756070e+04 1.02609415e-02]
 [8.63452522e+00 3.82381682e+03 5.97914514e+00 2.40623339e+00
  3.39756070e+04 1.02609415e-02]
 [8.63452522e+00 3.82381682e+03 5.97914514e+00 2.40623339e+00
  3.39756070e+04 1.02609415e-02]
 [8.63452522e+00 3.82381682e+03 5.97914514e+00 2.40623339e+00
  3.39756070e+04 1.02609415e-02]
 [8.63452522e+00 3.82381682e+03 5.97914514e+00 2.40623339e+00
  3.39756070e+04 1.02609415e-02]
 [8.63452522e+00 3.82381682e+03 5.97914514e+00 2.40623339e+00
  3.39756070e+04 1.02609415e-02]
 [8.63452522e+00 3.82381682e+03 5.97914514e+00 2.40623339e+00
  3.39756070e+04 1.02609415e-02]
 [8.63452522e+00 3.82381682e+03 5.97914514e+00 2.40623339e+00
  3.39756070e+04 1.02609415e-02]
 [8.63452522e+00 3.82381682e+03 5.97914514e+00 2.40623339e+00
  3.39756070e+04 1.02609415e-02]
 [8.63452522e+00 3.82381682e+03 5.97914514e+00 2.40623339e+00
  3.39756070e+04 1.02609415e-02]
 [8.63452522e+00 3.82381682e+03 5.97914514e+00 2.40623339e+00
  3.39756070e+04 1.02609415e-02]
 [8.63452522e+00 3.82381682e+03 5.97914514e+00 2.40623339e+00
  3.39756070e+04 1.02609415e-02]
 [8.63452522e+00 3.82381682e+03 5.97914514e+00 2.40623339e+00
  3.39756070e+04 1.02609415e-02]
 [8.63452522e+00 3.82381682e+03 5.97914514e+00 2.40623339e+00
  3.39756070e+04 1.02609415e-02]
 [8.63452522e+00 3.82381682e+03 5.97914514e+00 2.40623339e+00
  3.39756070e+04 1.02609415e-02]
 [8.63452522e+00 3.82381682e+03 5.97914514e+00 2.40623339e+00
  3.39756070e+04 1.02609415e-02]
 [8.63452522e+00 3.82381682e+03 5.97914514e+00 2.40623339e+00
  3.39756070e+04 1.02609415e-02]
 [8.63452522e+00 3.82381682e+03 5.97914514e+00 2.40623339e+00
  3.39756070e+04 1.02609415e-02]]"
