,population,best_x,best_energy,running_time
0,20,"[ 421.3111524   419.39686958  421.08557206 -303.81477775  420.55134996
  414.2836103 ]",-2389.286066881254,0.650001
1,15,"[ 419.44496035  420.91790473  422.95946105  420.89018932 -308.38665467
  420.86336613]",-2390.3088492042116,0.489035
2,20,"[421.51076973 420.87874453 419.39038184 402.18095476 420.94227373
 449.22155535]",-2372.2282916569916,0.746971
3,17,"[404.93075339 419.77295271 421.21618456 424.46911979 421.08127599
 420.6268019 ]",-2480.3105242349516,0.518165
4,40,"[ 408.02605544  420.71736431 -305.34333151  425.70759456 -302.34601364
  448.67604366]",-2158.0443647770644,1.368752
5,15,"[429.7788929  421.14865795 431.48001242 420.58213574 418.55409809
 431.13030798]",-2476.415947132723,0.454681
6,13,"[425.54895887 429.07755041 420.92298474 422.69850207 419.71060103
 400.69996885]",-2452.013519370846,0.374586
7,29,"[394.32575084 402.44371602 418.77358232 426.5054529  424.38527578
 421.01684257]",-2380.2415214996863,0.946301
8,40,"[420.93545193 427.16394297 420.41421057 397.05805158 411.33193528
 415.50545441]",-2424.2377186244858,1.288902
9,21,"[421.08009562 429.16002474 421.17196219 411.26334072 421.30200545
 422.39148584]",-2493.3712108707086,0.648289
10,23,"[-300.13260523  420.50626197  420.79258149  420.59388303  431.42093443
  423.04612337]",-2380.37630981456,0.733118
11,40,"[ 394.12743813  413.76414169  418.5580042  -330.81198534  420.26280158
  420.33157132]",-2204.043998977898,1.317034
12,17,"[426.73116579 434.57712751 420.67066664 421.14616875 420.49561042
 419.94192495]",-2486.2539658460155,0.542005
13,22,"[430.83529965 420.95228862 421.05405435 420.84183963 432.26143156
 422.81628781]",-2485.133592572021,0.725239
14,17,"[423.21711375 411.25290474 420.66918283 425.27563212 431.17236067
 417.5773171 ]",-2484.5259367252506,0.5268
15,19,"[ 421.58585457 -302.19946921  420.787476    421.43229554  420.98500674
  420.54735372]",-2395.343811437025,0.616994
16,21,"[420.85865642 415.18497504 420.84457674 421.28389388 420.97241974
 448.79144464]",-2414.647237706662,0.673558
17,27,"[420.94767134 393.9135179  420.06869128 421.63744328 429.98085557
 418.32535032]",-2414.6090756033805,0.856995
18,15,"[421.25141545 444.24090241 416.12656912 419.35697197 419.18105543
 414.33598011]",-2437.5511987475716,0.437046
19,17,"[444.95758606 421.08402035 434.34677608 420.46422894 420.87485094
 444.90655593]",-2349.1983912715273,0.520005
20,17,"[399.80129015 418.83763651 416.09857856 445.33932994 419.69207683
 420.79997926]",-2381.870766772025,0.511995
21,17,"[428.46918329 432.46635978 421.5094145  420.82797812 437.35712426
 421.29472512]",-2456.4484597177257,0.523112
22,23,"[420.72079846 420.77256523 420.85736722 421.01152801 421.05448554
 420.98050116]",-2513.8819695146094,0.717002
23,17,"[419.40061672 420.40190055 438.96645854 420.67588681 420.73065438
 420.61742264]",-2473.012836197588,0.504026
24,18,"[421.07103527 415.28466988 421.0547644  400.24487402 419.5266527
 419.88179679]",-2456.834208763701,0.544548
25,37,"[425.15675853 420.85830153 420.70527095 411.68137392 420.74255375
 421.05975592]",-2500.8669728121554,1.227634
26,18,"[428.20996522 420.78845383 420.53488941 422.18621774 389.762349
 423.09820191]",-2391.0791616235956,0.573052
27,26,"[403.31204406 421.12486202 412.44934681 421.50092734 423.10677123
 411.00434853]",-2453.3154608069135,0.837059
28,40,"[422.25094914 421.44110191 421.46471056 443.92482253 423.33127037
 422.7992086 ]",-2447.1438160401376,1.273605
29,15,"[420.38843936 402.73182966 421.00029629 423.54053102 418.00425967
 418.86959852]",-2470.388433578296,0.466128
30,17,"[420.26918685 418.58556824 435.01341627 419.66193599 419.3622763
 420.65474252]",-2487.786282691548,0.539995
31,23,"[442.44341232 421.47785329 412.88502852 442.12679261 458.68515777
 421.37359303]",-2222.7655765814325,0.809497
32,32,"[449.10653272 425.58281796 428.35482476 421.15762667 421.0178314
 427.68541812]",-2401.503164291355,1.059086
33,17,"[419.80894126 415.32976568 419.18415589 418.63327055 421.15334058
 433.12188516]",-2490.050041123564,0.532086
34,15,"[420.53481349 420.35934038 428.23152407 423.9627166  421.62078666
 415.85862575]",-2502.699969629071,0.476982
35,18,"[ 420.52496618  442.7196576   423.69923447  420.54644371  420.79909309
 -323.48494332]",-2281.0824059299475,0.705708
36,14,"[435.58755515 419.46131793 420.63388178 422.44659289 437.35356991
 421.2530245 ]",-2452.8411528186857,0.426983
37,26,"[ 421.14859802  408.0159373   425.39095041  403.72647171 -306.2888369
  421.39233855]",-2333.5786089151143,0.856057
38,28,"[422.43702026 402.40079869 420.79218947 428.77457886 422.57452256
 420.81871229]",-2463.167605713817,0.904019
39,24,"[ 420.91976824  419.84114811  426.60070525  420.1132252  -306.09974022
  411.19787323]",-2377.637825762677,0.746012
40,21,"[ 422.05972783 -302.54959526  422.98142157  423.84601108  407.04611504
  420.89385954]",-2369.6620314526863,0.658049
41,17,"[435.41369345 420.47667092 426.94499419 419.44396703 446.97962803
 406.45686806]",-2373.3241300773793,0.525977
42,15,"[420.31684707 425.01074828 419.44295317 418.72361033 420.58228164
 419.64342806]",-2510.6114023162886,0.448001
43,35,"[ 411.1146658  -302.29849963  420.62788609  423.27263394  425.7191369
  400.03440263]",-2326.1387654207583,1.114057
44,20,"[ 434.94799796 -308.2844511   420.66373297  421.30956606  424.31892988
  424.04051687]",-2364.068125968372,0.624992
45,22,"[-305.6728673   421.01083859  421.28292138  406.40086082  421.52381252
  445.10146767]",-2295.7417879337618,0.692043
46,16,"[436.44129697 412.7964527  419.98973438 425.72438599 419.05301765
 421.48873966]",-2472.022502218904,0.497009
47,14,"[420.87270882 429.11230434 421.70132363 420.92017502 420.89616262
 420.56425127]",-2505.4401782321784,0.461026
48,16,"[420.61611698 421.30301341 419.42180385 425.61376053 421.87331591
 421.13218331]",-2510.734662428917,0.500502
49,22,"[420.94557417 394.02624558 420.64914077 420.89853563 438.05056353
 420.62505044]",-2390.033998134251,0.712536
