,population,best_x,best_energy,running_time
0,22,"[ 437.14802013  420.71207309  424.39088496  419.67629763  421.2947689
 -306.49879977]",-2358.9384993233602,0.784101
1,20,"[429.79169162 422.23668545 421.16538365 396.44791718 420.84866689
 420.67428325]",-2430.9990745701953,0.806259
2,43,"[ 419.29028494  419.74318997 -302.61391792  421.21498499  404.04333821
  421.44445709]",-2359.4870910079094,1.665607
3,21,"[415.58115511 420.90201003 431.92080225 408.97788557 422.9387603
 444.86782712]",-2406.009981396596,1.043017
4,16,"[422.53357043 414.78821419 418.45522464 402.32031953 418.53415187
 441.6806884 ]",-2411.032014359629,0.562133
5,17,"[433.9749375  421.53212889 420.98965152 418.93720641 421.85974042
 421.23430423]",-2491.955518743283,0.437001
6,34,"[422.3255648  419.73170605 428.20244527 420.7549788  420.34147733
 423.46030277]",-2506.028888452895,0.979005
7,23,"[420.95624172 410.38900764 427.50158072 432.65116148 416.14566516
 421.12934   ]",-2474.412203549322,0.577997
8,15,"[422.22138664 421.55704626 422.32007386 426.68651258 421.51689442
 422.29997868]",-2509.0357950045354,0.359002
9,16,"[421.08669791 421.21269062 423.41646804 420.04966044 395.97072727
 420.61568517]",-2437.393634259986,0.383001
10,33,"[420.16626845 422.18077884 425.25039563 421.01639086 420.78775649
 436.9325665 ]",-2479.363571500631,0.844998
11,16,"[406.95653102 422.63443171 421.73470593 422.23982592 422.11213204
 423.5992071 ]",-2487.834188928664,0.39038
12,19,"[420.42668629 403.58595891 420.13849746 425.15196875 420.77738561
 412.86496207]",-2466.0338174790677,0.48762
13,49,"[434.28971622 421.03409942 422.03151801 423.91976645 432.340584
 420.87538454]",-2474.0614540838787,1.240999
14,15,"[403.59493184 426.22188296 423.42773265 419.95554108 422.71363758
 408.07397404]",-2451.18059909772,0.359004
15,14,"[408.83076751 418.68980755 421.67584702 420.52453843 421.84233117
 421.6835346 ]",-2494.628250137702,0.328096
16,28,"[420.16511725 425.19759828 418.91194104 422.28614248 421.59920574
 420.94864471]",-2510.7550668254166,0.7219
17,40,"[392.16961039 420.68107657 412.32479452 408.17500747 421.02084225
 418.41967269]",-2384.1845920078954,1.015001
18,14,"[420.41360962 421.36765437 418.03585958 398.09950109 420.66515803
 421.89357679]",-2448.9590762234207,0.327999
19,19,"[ 399.02481296 -290.97736981  421.23978436  416.82262806  427.41130066
  420.88570415]",-2312.645116751036,0.471004
20,16,"[ 431.91808861  427.38455256 -296.6843246   443.91483453  421.89667253
  443.32740034]",-2243.383541522003,0.409025
21,16,"[419.09448522 422.43932314 421.02623433 445.02193124 422.35438669
 426.66878509]",-2437.23237503781,0.405086
22,20,"[ 430.64789178  416.58044214  420.55516894  436.70938938  421.7377094
 -305.9515725 ]",-2348.571578991221,0.568333
23,47,"[420.62038258 416.28154738 393.64711629 421.14322627 418.34352077
 404.56096969]",-2387.2799939534234,1.162331
24,18,"[428.22522508 420.9522375  434.67711375 415.67162919 422.59987339
 420.08627241]",-2479.673705832007,0.437103
25,17,"[420.74594178 421.21010269 421.23716032 434.04907706 427.50079023
 414.03392326]",-2480.9370781089447,0.421068
26,17,"[ 392.37327971  420.16661976  411.01356238 -302.42331179  419.94956793
  423.04285627]",-2284.4961792826857,0.418089
27,16,"[414.7249445  414.78477591 421.4105064  434.23394094 421.16191113
 420.76667302]",-2482.0376599476995,0.384361
28,29,"[-308.91834721  428.18772692  421.21881396  416.38979012  420.15170022
  428.10206584]",-2374.550261020526,0.741221
29,37,"[409.01485114 420.92748297 420.9142506  415.30198136 424.05836211
 420.98687246]",-2490.836547424666,0.937142
30,49,"[437.64498548 421.0576938  430.08022382 376.99098877 418.01040193
 405.26832034]",-2220.3675579558267,1.255971
31,19,"[434.04898457 410.57162446 421.59465826 428.90764642 422.51286503
 395.56350818]",-2392.5664903763536,0.468018
32,26,"[ 420.10685095  420.38973503 -292.68654005  415.20566023 -295.4137726
  421.45776784]",-2254.211914198321,0.67398
33,15,"[421.87484209 407.17979022 420.52385611 423.49758    438.51190247
 418.2092441 ]",-2449.862912240977,0.344
34,49,"[420.86587414 432.51592906 409.95933817 441.97687395 406.50559587
 428.83416798]",-2393.269041696439,1.272131
35,49,"[417.68241489 420.84196554 417.7597006  407.10048068 424.92265237
 421.04719048]",-2485.3591903489773,1.240004
36,17,"[-295.91020658  436.32321562  420.07485412  401.25064225  420.54406619
  421.52863921]",-2312.4878279802615,0.425018
37,15,"[441.72995286 423.98469183 424.64369755 422.56854444 403.01858466
 419.11528963]",-2416.9052825789745,0.368982
38,19,"[ 439.43884661  420.89684664  416.35951184  409.36801695 -304.89820113
  414.2611881 ]",-2327.0055543260546,0.467026
39,12,"[421.34903415 437.17362634 420.20389171 393.15230108 438.37039574
 421.96637862]",-2350.079451613107,0.269974
40,34,"[429.83673228 444.18913789 421.03705198 387.54638124 418.87488194
 442.93731144]",-2245.3524052150256,0.845003
41,16,"[420.76339292 417.9301853  404.49525194 444.46860752 420.03501374
 417.61318083]",-2409.2218175996168,0.378024
42,18,"[396.72506768 415.0187926  421.53280485 418.30190731 422.01653072
 419.9100531 ]",-2436.9519131978764,0.444973
43,22,"[419.8444332  412.00139533 446.85519609 423.65061285 448.5247852
 417.17791192]",-2325.05351814346,0.539996
44,13,"[420.27640112 422.28926813 420.35260884 431.65755494 404.52127101
 420.91384874]",-2465.7215216973236,0.279016
45,18,"[ 420.22657545  418.15076545 -300.3947512   420.34507932  432.82568664
  419.43704933]",-2375.773877850721,0.454004
46,15,"[ 428.45977076  424.60132335  419.46440522  421.02741419  426.16679222
 -302.03990147]",-2382.98410717229,0.363998
47,17,"[421.21468036 419.56379253 428.65103675 428.73379869 421.59452303
 420.90564887]",-2498.535641296734,0.411981
48,23,"[421.4182299  421.73587151 420.94313663 420.7741061  420.80371076
 420.86991016]",-2513.788017578683,0.557115
49,21,"[420.88500548 420.90362896 436.16408987 421.42632633 418.40257139
 413.78352171]",-2477.5884104008296,0.523003
