,population,best_x,best_energy,running_time
0,17,"[425.90448727 421.40633741 419.20920741 419.27700764 413.25831408
 421.56231041]",-2502.5444402047906,0.771721
1,19,"[421.08894222 422.15810785 421.033574   420.74933388 420.81820826
 420.82595808]",-2513.7048983720097,1.050189
2,23,"[420.95419236 420.25553633 425.16664763 420.20760941 421.16066348
 421.65996983]",-2511.4698212226485,0.995001
3,30,"[419.54523336 421.20423876 420.6408198  420.97026826 420.61190807
 417.65781865]",-2512.2244332155933,1.309553
4,17,"[418.94850319 421.58098127 425.99342673 420.20083896 421.383592
 421.08278128]",-2510.0498407956766,0.682
5,30,"[424.6322539  423.69587505 421.0379951  436.76545248 421.56539983
 418.50494253]",-2479.16434900633,1.318557
6,18,"[420.96502499 419.56788083 423.82132944 430.54867844 421.04351607
 420.47239284]",-2501.0204841655873,0.754978
7,20,"[428.91858657 438.91182482 423.32587573 425.70745258 421.04544804
 410.17498781]",-2447.5741586674612,0.849002
8,15,"[421.51781539 423.89685128 421.84292501 416.94808319 446.45239449
 421.24127717]",-2430.4964907648728,0.58301
9,16,"[419.76128515 418.3023988  422.0663683  421.00685216 420.72227154
 423.53466499]",-2511.8263470499205,0.63699
10,20,"[419.3308405  420.01372056 434.60934995 421.11223217 420.36825157
 421.02606046]",-2490.011250334357,0.821001
11,30,"[420.24545361 426.58279705 417.4881259  442.84246816 413.73922485
 421.00253768]",-2442.3087563877407,1.27815
12,30,"[421.01061284 424.20140132 422.73742194 422.23076821 420.95581196
 418.43370881]",-2511.1716638103294,1.305996
13,17,"[420.98604398 420.75398463 421.26328468 434.91881884 420.38224059
 421.54141742]",-2489.3458067364422,0.71704
14,30,"[421.00893536 420.04690393 420.99852374 420.84934635 421.15237446
 395.12927006]",-2433.199084999297,1.264999
15,17,"[ 420.93536506 -305.93991421  436.15886113  422.45231923  418.50292431
  423.84102814]",-2362.9427044055365,0.684685
16,14,"[421.32012781 425.3403497  390.00142404 407.45271622 424.83830388
 420.1819443 ]",-2373.028713656019,0.569558
17,16,"[420.97305431 422.01504488 420.87464524 421.83111264 421.33847882
 420.85503723]",-2513.645267146488,0.660459
18,30,"[413.45582965 419.42738119 421.11868135 427.76373601 427.17603363
 411.17273633]",-2483.816919037951,1.269484
19,17,"[415.22074712 421.14615485 420.14685935 419.38918786 451.00097506
 421.00193569]",-2399.2148860264806,0.720535
20,18,"[421.52931874 423.16267019 432.49592691 421.06301258 422.410524
 419.01549854]",-2495.77544147786,0.767015
21,30,"[ 419.47028451  421.2138974   421.37900644  420.09873507  416.64210478
 -302.67646876]",-2392.692670864702,1.302361
22,27,"[412.54061597 420.97571448 420.24268802 420.38415962 420.57787841
 424.88064316]",-2502.9339678166803,1.150842
23,15,"[423.02039836 423.4208708  421.28782487 419.02821213 418.04068161
 418.64023658]",-2510.3555698991,0.596123
24,21,"[421.06038813 420.63764747 442.7310022  420.79982169 414.08401227
 420.70302043]",-2449.0538515631424,0.998564
25,17,"[421.17352713 424.29588385 404.61528475 420.99235484 420.3300529
 405.41776396]",-2449.4037421215007,0.684067
26,29,"[425.04516986 421.06046457 411.37194095 420.85249705 438.18487718
 420.80865436]",-2463.170170587788,1.185886
27,15,"[420.90929783 420.77922876 421.5604587  430.39038518 421.11706946
 412.33450924]",-2493.313127884042,0.603075
28,19,"[419.72632728 438.82478081 419.92443962 409.2368529  420.67277964
 420.96133799]",-2456.5124506957004,0.77614
29,30,"[435.17077696 422.57172153 422.35507239 421.02253811 428.9889597
 424.56891661]",-2478.2430654610653,1.285945
30,18,"[421.2903206  431.04196111 420.73210722 421.25092587 445.48761917
 415.13108431]",-2422.461124840016,0.758156
31,20,"[450.09564864 421.07864076 420.96452743 422.12634492 412.83118067
 421.10492008]",-2401.6008341395986,0.869124
32,22,"[426.54865324 421.15715974 420.49272731 398.08892379 419.40126349
 421.19035813]",-2445.884146934085,0.91
33,30,"[427.20034332 420.05408956 419.20529286 421.59919305 404.58891262
 434.14210909]",-2453.444559905636,1.307994
34,18,"[419.85937932 412.99999108 421.53590505 420.49560051 419.13629553
 420.71751681]",-2505.2794066943,0.734194
35,19,"[420.18662678 428.25397211 421.87411184 420.93725256 420.02191885
 420.829003  ]",-2506.9029248445845,0.788014
36,18,"[419.98343593 421.1167686  435.15064745 420.4000048  423.04909286
 420.06801409]",-2487.8191367598797,0.744027
37,17,"[421.19446409 421.79454032 421.75614545 421.10144874 423.24454689
 425.133803  ]",-2510.879806724671,0.679613
38,20,"[421.11156796 412.12068616 421.12127672 420.4037779  419.92757377
 420.76239972]",-2503.9034139280657,0.801698
39,19,"[426.64599487 418.73027558 421.07966087 416.48664408 424.79950144
 421.26536825]",-2504.8026800668367,0.763894
40,24,"[420.66557701 421.30953411 421.16090115 420.88012191 429.63319875
 419.47428761]",-2504.1148306761283,1.007006
41,17,"[421.1842682  420.55808426 410.91860734 419.01197445 421.0484093
 416.52857896]",-2498.274719307102,0.698244
42,23,"[420.94085594 428.78618642 411.79638555 428.32921407 439.91781269
 431.56885734]",-2429.8252666807925,0.943855
43,30,"[424.24670706 406.99535906 417.44944773 421.55742543 429.56752347
 442.86981922]",-2417.743955749191,1.266028
44,17,"[421.11270358 428.15458918 420.21006683 403.50634586 418.42159314
 441.98057723]",-2413.913720484226,0.702004
45,14,"[404.36294495 415.83556483 418.85802141 421.06952017 421.06528103
 422.3037728 ]",-2475.7052206810863,0.593816
46,18,"[419.71979846 420.71069732 420.09864745 421.79576298 422.69556008
 421.84265964]",-2513.037522461678,0.748001
47,17,"[428.991769   419.60914975 421.30010747 422.17280754 416.04130668
 422.59728371]",-2501.9571839754353,0.719999
48,30,"[430.27770698 429.63138726 424.49538526 420.05425379 444.47138431
 413.85601249]",-2417.0425376717158,1.268998
49,24,"[418.5660015  421.06758579 420.96369905 431.45983398 425.75551014
 424.2448571 ]",-2495.052060740036,1.017999
