,population,best_x,best_energy,running_time
0,32,[405.82485952 420.95785634],-809.5306001552731,0.317175
1,11,[421.98432218 421.21749824],-837.8277768222058,0.108829
2,28,[421.87023494 421.31440545],-837.8481177724841,0.238996
3,12,[461.35021496 388.91960974],-523.6948749985618,0.106003
4,28,[420.46036519 418.39492026],-837.0983627439969,0.254
5,9,[400.16588402 427.34322219],-779.856967581063,0.07901
6,67,[421.10888386 420.76575645],-837.9580973924571,0.605988
7,12,[421.01908299 420.95054452],-837.9654130126271,0.098002
8,25,[420.9155606 420.6297591],-837.9509195415867,0.212999
9,18,[429.86219354 410.88095958],-815.2656963504986,0.157012
10,16,[406.80431644 429.14385731],-804.6121865904727,0.143989
11,14,[424.90464596 407.91424729],-814.7983161937084,0.116008
12,31,[384.7867698  421.27765651],-685.8456380029216,0.254012
13,16,[382.29620398 409.64928824],-650.1014328473516,0.13698
14,11,[420.61864868 417.41776554],-836.3623884781896,0.087392
15,27,[422.19808001 407.71069552],-815.904833767964,0.232741
16,10,[-497.04945899 -300.17959731],-448.37812348592286,0.077015
17,7,[419.29526164 413.70271159],-830.9871374817653,0.057008
18,15,[421.72195454 390.10506373],-724.8597024114474,0.132952
19,8,[418.84392814 429.80707984],-827.5446742358188,0.062017
20,9,[ 417.36120173 -301.94779442],-717.8464254837602,0.076983
21,14,[421.33476382 439.41692729],-795.4228570942357,0.121001
22,10,[420.79974514 425.771454  ],-835.0496095856954,0.090007
23,18,[449.575632   420.96003254],-737.6910271857712,0.155002
24,9,[395.08687089 451.71316833],-641.9286787017875,0.07199
25,12,[-324.51388937 -299.96262062],-540.3380727352276,0.099002
26,10,[421.65962253 420.99722065],-837.9054290234333,0.081015
27,14,[390.78202218 416.70209505],-727.2789445988399,0.116983
28,13,[421.80811578 420.60347806],-837.8600144616757,0.108
29,15,[421.67130195 432.82997111],-820.1943936496425,0.1284
30,21,[420.68699908 421.43062362],-837.9288357247626,0.182256
31,8,[456.45290879 421.43519424],-686.5390554199828,0.065644
32,9,[420.38442026 436.02551685],-809.4726664208983,0.066989
33,9,[400.91391878 420.98040397],-788.6355090930238,0.068
34,13,[424.86975864 425.76272523],-833.1421243457828,0.106999
35,36,[392.26410862 453.23111013],-613.1058953832915,0.321999
36,10,[428.10932162 427.92251989],-825.4275455035283,0.080017
37,24,[211.72027554 419.94539286],-612.7320801926402,0.202982
38,22,[-302.46020557  421.95344466],-719.4045174839925,0.232998
39,8,[420.31239033 420.0202835 ],-837.797963336221,0.082013
40,15,[421.5466835 419.7336915],-837.7312500204628,0.164988
41,11,[422.2686876 420.131168 ],-837.6639642816386,0.108006
42,11,[ 428.72162322 -300.24984778],-711.2886139978369,0.108995
43,10,[420.34276958 420.90900832],-837.9158925078775,0.099021
44,14,[420.55398775 421.05407886],-837.94315266048,0.13798
45,63,[ 418.56555751 -283.78567157],-675.871809445093,0.557053
46,9,[421.89015101 414.71272595],-832.9417007826518,0.068004
47,14,[399.54375083 419.11256376],-781.426109473512,0.117002
48,15,[420.96729638 397.2312627 ],-769.5308555067654,0.126001
49,8,[-283.7175112   421.01858168],-676.2961998452826,0.075996
