,population,best_x,best_energy,running_time
0,102,"[204.87121023 425.97550857 412.46175781 203.1922592  454.19790276
 420.71592364]",-1933.525715508636,1.356161
1,13,"[-284.16904183  409.27511149  418.03089823  430.25034814  425.46430472
 -328.60568829]",-2120.864601096155,0.140993
2,17,"[-316.48339719 -279.60848362  422.7080004   409.06230307  458.75244738
  420.89912989]",-2000.7905376970266,0.185703
3,12,"[ 433.15706899 -298.57241683 -302.81445757  441.70201194  416.02371649
  418.91157442]",-2199.210134785601,0.124349
4,42,"[ 433.54542104 -276.67193832  192.48026281  415.11006934  421.73922373
 -292.28660747]",-1926.979372244315,0.456299
5,32,"[ 420.89942595  421.59427913  436.86921783  421.91363333  421.09811458
 -285.42736889]",-2327.6757692058645,0.463335
6,17,"[-301.36515368  381.84772516  445.50842483 -312.21552166  416.92091743
  420.74979852]",-2012.9284737464893,0.189976
7,20,"[-327.71894175  411.06885174  421.34618899  420.96527931  440.4452808
  421.87609095]",-2257.7635145248196,0.238015
8,24,"[ 435.05288411  438.64919889 -288.80370786 -324.66441937  420.34474695
  444.4524947 ]",-2060.5463171204838,0.276488
9,20,"[ 403.1275306  -323.11512259  450.92466681  420.97227784 -302.73056133
  417.89891425]",-2074.2799397153317,0.228514
10,19,"[-301.95855315 -299.03000672  415.54183171  420.32513867  422.06291329
  409.78188734]",-2255.907290272572,0.210996
11,18,"[415.22028289 399.94431686 421.23967548 430.43692865 406.34683345
 419.79680431]",-2417.6403613257826,0.196178
12,26,"[-302.37626713  421.45329095 -295.55255209  461.652489    421.55817177
  420.01022516]",-2075.1033406857973,0.295865
13,24,"[ 421.173381    400.71286128  420.16554465  398.00361992  421.06136734
 -303.53332755]",-2280.74923939243,0.282989
14,17,"[ 430.18163602  421.74518441  402.26028613  420.13150318 -303.75249474
  418.72326526]",-2340.6975353585544,0.198001
15,19,"[ 206.18026557  390.97287526  201.70585916  421.21200321  421.14896973
 -127.09406636]",-1674.4552027756229,0.222999
16,22,"[-303.04007647  422.54132459 -305.79926166  443.05110529  441.29273869
  395.14387954]",-2082.777041546361,0.264005
17,22,"[ 203.82428614 -287.26967692  426.40597032  415.49887234 -303.59324687
  391.58952307]",-1920.5243635709278,0.244993
18,26,"[-339.68103128  421.06135577  421.31730793  433.76685286 -299.84681307
  424.46564775]",-2091.642982496097,0.288999
19,20,"[-301.08750749  419.06571937  422.33047713  398.51459528 -307.50183762
  419.7962463 ]",-2211.299884568669,0.207001
20,16,"[ 421.10140383  421.68943862  420.33072048  424.3720032  -296.36676192
  421.5915914 ]",-2389.0541268758025,0.166031
21,28,"[ 420.87179786  451.98537761  395.37300745  379.37028084  417.0194832
 -283.3106773 ]",-1956.0083826695663,0.328986
22,14,"[422.84767946 421.96452948 420.71585427 436.38987681 446.33856282
 421.41132895]",-2404.0182121504477,0.166892
23,15,"[ 441.35617203  419.74663289  384.66343694 -317.03315715 -293.73567402
  418.41141626]",-2035.0016871509174,0.231275
24,20,"[423.59933237 428.60262883 460.20426993 445.23897908 422.06670891
 418.92239599]",-2249.2605610061432,0.300727
25,16,"[ 421.44810072  419.53022128  421.0580015   420.76597595  419.81306945
 -122.44132957]",-2216.593489734412,0.257999
26,81,"[ 430.86979848  442.99697125  436.6890092   420.84520616 -289.42475006
 -302.41850816]",-2152.0676822333817,1.344001
27,22,"[ 420.62677308 -301.1693484   415.75299319  204.70306581  416.97473014
 -305.09904284]",-2053.2637657079886,0.279001
28,14,"[ 445.76643117 -316.07039038  435.14264129  418.66221948  424.79379504
  423.18281115]",-2267.9879512092944,0.219998
29,13,"[408.53617278 421.51516024 453.72531547 418.94325624 422.33564571
 421.07895097]",-2363.7884028650305,0.222001
30,35,"[-303.18163968  419.22019267  420.50596921  411.74713871  428.1191484
 -303.99068853]",-2259.182188435433,0.578003
31,19,"[420.83542051 422.82100502 430.11442557 421.51403144 203.59531309
 399.78752073]",-2230.8605234892652,0.256998
32,18,"[-336.02370013 -290.83883729 -330.19737123  421.70880835 -304.31665561
  420.91262985]",-1795.2834167071808,0.234996
33,12,"[ 425.73496162  432.56690913  403.62699513  419.32873665  422.15671932
 -303.14801181]",-2337.9690713204523,0.235004
34,16,"[455.52122439 439.49856924 422.9201845  420.95724046 422.53244498
 426.7859277 ]",-2321.978449322415,0.181141
35,15,"[ 424.73596069  423.57442034 -306.02655436  420.92924104 -301.23329016
  398.31808816]",-2210.1032917623957,0.214876
36,45,"[ 374.15117596 -303.14968112  421.18125591  442.42287092  400.146121
  442.64802271]",-1984.8943815228563,0.694111
37,22,"[ 452.24415567 -303.26769541  421.00863413  419.54332601  420.03717897
  422.51326113]",-2275.677454426683,0.278979
38,13,"[ 420.05521209 -317.71352337  420.66063557  395.41545623 -316.64234202
  428.66455245]",-2136.486358186153,0.199042
39,43,"[-331.06767207 -319.17877771  423.76089025  416.40365947  421.5844107
 -297.77356753]",-2018.2608141449373,0.588208
40,17,"[400.8408283  417.40991907 426.68006583 420.67198804 182.36456059
 423.84418199]",-2185.5052836445316,0.198002
41,27,"[-287.8234031   383.71522363 -303.52243594 -277.612625    420.22346779
  420.71608685]",-1897.0057619123031,0.319015
42,21,"[411.39202879 425.91140296 430.12372991 407.32324881 415.25510842
 420.12067987]",-2461.4217155995393,0.237156
43,11,"[ 420.68789213  420.21899258  418.16656733  425.65362109 -308.50771897
  419.47107378]",-2386.798430593205,0.12402
44,17,"[420.42662741 429.07800859 421.3427492  421.5529666  421.10787072
 420.52781416]",-2505.476107046402,0.185985
45,16,"[-499.97473611  425.12745897  405.44086874  419.81387348  411.06504872
  420.62490714]",-2230.72302303105,0.192
46,78,"[436.35189451 451.56133355 420.83040822 187.98905036 439.43403566
 396.84017023]",-2009.0526985676297,0.940941
47,31,"[456.69365108 451.10655675 432.55830518 404.3160653  193.45926938
 420.97773449]",-1967.950817068916,0.360002
48,20,"[ 420.45704464  443.11668096  424.44895504 -297.87795056  420.88458934
  418.3362678 ]",-2329.370053654159,0.239992
49,45,"[ 425.95003149  182.4921111  -284.32063579 -300.06987311  423.04145682
  427.60893842]",-1955.1041241091666,0.543999
