,population,best_x,best_energy,running_time
0,11,"[ 423.8244487   425.80125543 -310.88949588  433.37667652  395.01755841
  420.66908563]",-2281.987085151833,0.086378
1,16,"[-332.35631631  420.7488017  -310.56984004  438.16171342 -308.38290587
  424.69103973]",-1999.5557748075012,0.118614
2,14,"[ 422.69388775 -314.12096988  411.97237145  456.54019285  422.32932979
  423.76976913]",-2214.644288215717,0.127007
3,19,"[210.65472347 415.2248156  420.30898078 442.7211956  442.8633297
 420.27082736]",-2168.1466019829295,0.192986
4,60,"[ 420.95134732 -322.88599232  392.16478665 -302.25465108  403.02204703
  379.71119932]",-1893.3124212399443,0.689997
5,25,"[ 415.48972086 -283.87172928  396.7757343   420.76364492  203.91809035
  204.40149627]",-1843.815271372722,0.353622
6,14,"[ 422.42109848 -303.5888856  -294.53071207  437.31364813  420.78124892
 -308.90635145]",-2111.5097012564634,0.17416
7,20,"[-329.13143094  454.13547264  420.99737478  390.16793034 -290.74455417
  455.02301305]",-1787.2914140196099,0.201
8,16,"[ 420.76122226  425.59196147  403.35318595  426.33141402 -274.44816163
  416.96722074]",-2256.0077338690844,0.203
9,13,"[ 413.29792832  430.12658149  422.72251155  450.70482264 -304.57625112
  427.24199983]",-2263.5674895286948,0.098017
10,22,"[ 464.23164267  381.97594319 -301.71410278  420.43234696 -301.36800102
  422.83135118]",-1882.7163584583182,0.214983
11,14,"[-287.68488478 -124.87786919  382.3627067   427.8239372   418.08529665
  412.31060534]",-1884.4114549796486,0.180003
12,15,"[-311.01819403 -121.95085987  422.41623413  411.13984757 -299.81848906
  450.42452716]",-1851.352146983263,0.222182
13,17,"[ 416.09623597 -311.80406909  422.70605034  418.31621426  388.93677443
 -303.13568364]",-2140.6014927106658,0.179
14,136,"[-318.62911358  399.11982698  420.68268346  420.36903188  203.89246976
  433.94481433]",-2066.2703175505053,1.396023
15,12,"[-326.60321275  422.8766337   419.22221005  423.20183238  398.17371953
  417.53995429]",-2257.769970082108,0.170978
16,13,"[ 402.6049388  -303.88090454 -297.9913094   433.28691011  417.64931679
  422.81649755]",-2211.754502290659,0.129008
17,11,"[-288.56908909  419.07791046  422.74323758  437.39171772  420.10715231
  436.18916877]",-2307.513564271777,0.086996
18,28,"[ 434.27545275 -283.57544819 -305.15670208  420.12000405  446.72795409
  422.6931731 ]",-2127.7161861483223,0.239997
19,15,"[-272.95419211  418.72335625  431.23672263 -305.78425033  420.32110859
  418.50433099]",-2158.718270471447,0.117002
20,21,"[-315.07138586  423.24018495 -275.4510091   435.18503201 -300.59071877
  426.86260785]",-2021.1213576202306,0.264019
21,15,"[-298.1884244   421.14439777  414.74501328  413.92395119  421.81979788
 -331.35172338]",-2162.513253702787,0.14298
22,27,"[ 418.76030955  423.61721097 -335.73493394 -316.65871272  428.28437686
 -276.83074005]",-1914.764101625103,0.301
23,26,"[423.77750678 385.91758575 419.4321114  203.07527792 396.62665767
 420.7261881 ]",-2080.119037260284,0.321252
24,14,"[ 420.44927495  193.47558761  421.9349824   436.63469331  386.0007594
 -305.08007167]",-1990.4069273237556,0.118002
25,14,"[410.80206889 425.17925506 412.26933513 421.99091796 424.51616161
 438.95293129]",-2447.0928639760077,0.117
26,15,"[ 434.23286778  444.05095916  420.77481761  420.28529487 -313.10486172
  391.43577148]",-2189.075538887983,0.113006
27,12,"[-317.65751851 -316.66786646  391.13845771  443.89184148  422.00938307
 -302.09586531]",-1933.3178076299178,0.192993
28,13,"[427.11046576 243.48967826 417.93236602 193.01392894 409.01554717
 416.0245653 ]",-1861.6342139876738,0.102
29,21,"[-304.35004191  413.8447447   420.98089888  428.27258324  419.42101494
  423.57668324]",-2380.773589012633,0.272997
30,11,"[-324.29420188  423.26703192  216.62907393  396.56589471  420.32583747
  419.17721535]",-2025.4699820118585,0.083
31,12,"[-288.55454239  418.53974837  403.3622078   413.9992033   427.33684221
  421.2579712 ]",-2321.0551744548834,0.093
32,20,"[ 420.96739762  457.43604245  411.48135406  440.34974717 -299.72207924
  414.27898586]",-2171.2957538757864,0.255003
33,17,"[ 414.54134253  422.50562553  420.11520742 -289.38459422  202.82222836
  408.04266756]",-2130.3659457070235,0.154533
34,13,"[ 413.57381336  424.21580453 -307.12380264  408.75029586  413.1261537
 -295.14031156]",-2232.972802975127,0.097998
35,30,"[ 422.36245919  421.73883604 -283.31765611  452.46483267  397.45440175
 -298.93489263]",-2042.1879070713946,0.339996
36,40,"[428.23107051 421.03482753 427.00862101 188.08655182 444.25960142
 199.9717855 ]",-1968.934791500446,0.340026
37,15,"[ 421.6028395   410.16289835 -308.78913992  388.8864619   410.46232533
  424.46287586]",-2238.9301913984527,0.124979
38,15,"[ 203.46547654  423.01720649  418.68183344  424.45811533  458.41309506
 -499.82266558]",-1886.163173496001,0.126015
39,13,"[422.61262748 421.76740928 418.35216589 434.77808965 421.93727993
 438.91400512]",-2448.264500786757,0.197978
40,15,"[-302.03964342  422.33105578 -335.92170704  448.8649137   420.6936003
 -294.55243234]",-1921.5865895350553,0.120009
41,17,"[ 396.59919623  424.72041366  422.4762454  -298.50329681  423.43618547
  421.08508419]",-2318.5870021959954,0.136012
42,11,"[ 435.94654995 -274.41798544 -300.404436    196.77321385  422.23937363
  422.76443353]",-1931.287703174775,0.083008
43,144,"[ 422.40762795  397.4954859   203.70918605 -302.13869844  213.67930222
 -295.15674442]",-1756.2962773026243,1.378183
44,26,"[ 406.9170556   421.29362397  419.42858564 -289.26424194 -292.69409767
  419.58185166]",-2218.00480511473,0.31401
45,65,"[-299.99250544  439.2500782   440.57914898  420.89311287  395.16155829
  456.2639099 ]",-2074.6385704177283,0.568991
46,20,"[ 421.75053011  413.71359135  197.26280479 -304.52948926  422.30544514
  381.13969947]",-1984.1516636054287,0.169026
47,14,"[ 419.80693785  423.76266721  429.63836902 -304.53845119  408.52988487
  425.95332491]",-2361.8938120371804,0.107001
48,11,"[ 422.16838885  403.459368   -313.24497294  415.00856276  426.40230315
 -301.86281517]",-2216.2452010424477,0.085976
49,42,"[ 427.8034264  -303.83337782  396.81153232  397.91241754  383.72531043
  420.49129785]",-2093.4130507985597,0.350011
