,population,best_x,best_energy,ave_energy
0,1,"[ 428.5201539   393.47164913 -274.42923836  497.25703179  171.99074595
  184.81651851]",-1044.7154461075258,-28.623096897863626
1,2,"[ 467.88466317 -271.98524933  435.76512165 -342.55198902  384.8615472
 -116.73701574]",-1245.3562446286141,-722.1317262795776
2,3,"[ 428.76092352  447.35961417 -273.93511137  391.75120048  167.47206492
  382.21855953]",-1573.929327136986,-1204.6657302208594
3,4,"[422.78268131 392.94754848 457.96588919 419.36904216 384.35428094
 408.40254089]",-2080.1033860021116,-1617.9230993044798
4,5,"[ 426.96415114 -276.76254048  418.44642251  420.29017853  439.84197003
 -305.84047468]",-2146.7673729020203,-1936.0669464596092
5,6,"[422.63117705 393.9864829  420.28330349 413.12627256 445.40584353
 410.43979544]",-2330.5172384698317,-2170.068310035993
6,7,"[421.41811329 393.88824773 419.83258137 419.7055324  439.69694956
 413.12460841]",-2373.8181461267336,-2309.627998115382
7,8,"[422.34333001 393.47632609 419.22826528 421.12401979 439.65231246
 418.05258059]",-2377.854481363899,-2353.6540306244688
8,9,"[418.27732098 393.47498872 419.39957228 421.50797492 438.65027239
 419.69013883]",-2382.5712972053216,-2369.086055325473
9,10,"[418.21659068 394.03090321 418.55666964 419.87007265 438.96139655
 420.62505044]",-2384.2869126365813,-2373.345462756797
10,11,"[418.30226727 447.79446408 420.91938207 419.48651205 438.46239517
 421.20385989]",-2385.8840398300304,-2377.6395912812122
11,12,"[419.35946594 393.98451045 420.45814766 419.95652554 438.07120404
 422.96415365]",-2388.724853292745,-2380.9506097245026
12,13,"[419.35946594 393.98451045 420.45814766 419.95652554 438.07120404
 422.96415365]",-2388.724853292745,-2384.518922836155
13,14,"[420.94557417 394.02624558 420.45648805 420.74095541 438.07120404
 422.96415365]",-2389.4327115906235,-2386.8416166056636
14,15,"[420.94557417 393.98371412 420.64914077 420.74095541 438.07120404
 422.96415365]",-2389.1890706201975,-2387.871858375987
15,16,"[420.94557417 393.98371412 420.41973129 420.89853563 438.07120404
 422.00163365]",-2389.5378958952406,-2388.778047829727
16,17,"[421.93326753 394.02613782 420.45814766 420.89853563 438.05056353
 420.08049673]",-2389.8113525758795,-2389.272173518314
17,18,"[420.94557417 394.02624558 420.45814766 420.89853563 438.05056353
 420.08049673]",-2389.9293796717516,-2389.6479185709572
18,19,"[420.94557417 394.02624558 420.45814766 421.09924352 438.05056353
 420.62505044]",-2390.0124683616937,-2389.8707180740157
19,20,"[420.94557417 394.02624558 420.45648805 420.89853563 438.05056353
 420.62505044]",-2390.013781168046,-2389.962980683488
20,21,"[420.94557417 394.02624558 420.64914077 420.89853563 438.05056353
 420.62505044]",-2390.033998134251,-2390.0141830774573
21,22,"[420.94557417 394.02624558 420.64914077 420.89853563 438.05056353
 420.62505044]",-2390.033998134251,-2390.0303267668396
