,population,best_x,best_energy,running_time
0,15,"[426.19352218 421.71684233 418.18836734 420.39793431 399.26984915
 420.53819508]",-2451.8338270114427,0.432998
1,17,"[421.42444663 421.19567688 420.13278688 427.32972585 421.76733288
 416.29802536]",-2505.843379835964,0.491249
2,17,"[ 391.68441348 -304.35274252  419.77754396 -301.11036036  446.33256498
  420.87555894]",-2094.4190937853905,0.619298
3,17,"[417.68549675 419.13133178 411.81650466 420.41119206 425.82824313
 424.02225372]",-2497.4278241272514,0.478239
4,19,"[ 411.53300901  424.85880883  421.9139027   422.70714411 -297.32560085
  419.92429772]",-2378.365322230552,0.521581
5,17,"[421.16829265 421.14209252 420.88284202 421.3416748  421.92570283
 427.36177039]",-2508.5950885570037,0.459047
6,23,"[-302.52967407  425.52232182  444.43131624  425.19533739  421.04976971
  421.53855863]",-2322.333682312022,0.614002
7,22,"[420.86083261 381.34637305 398.12132061 412.08783359 420.40965542
 407.92543014]",-2239.614790312957,0.617
8,20,"[419.48412588 420.55722546 420.41771931 433.50527949 412.17324517
 419.93295665]",-2483.9619175463463,0.548123
9,20,"[416.61280134 425.47635956 416.37259992 416.76688678 395.6269962
 420.54577518]",-2426.41215181218,0.552008
10,20,"[ 421.17279852  429.31623581  406.23145222  421.17775691  420.67366357
 -298.16932447]",-2357.303397294233,0.566507
11,35,"[-301.77364319  421.2512178   418.4337247   420.7088244   422.36348035
  435.4600549 ]",-2367.9441984226623,0.968
12,17,"[-301.97498867  424.33106952  402.4430716   420.51679565  420.83531828
  420.73639667]",-2351.7100701692057,0.473997
13,39,"[ 420.89814633  439.29051145 -319.45983586  440.3346913   413.36562441
  418.77435492]",-2262.9210031236935,1.081992
14,13,"[414.98553547 425.48996584 414.84831639 420.65968229 424.71254962
 418.56968814]",-2499.603389011435,0.345014
15,33,"[421.13719316 411.95714115 421.45134562 421.0705494  420.92990677
 423.43174367]",-2502.927151812113,0.970565
16,34,"[414.14652132 405.57731345 422.86844404 429.43457811 421.69095976
 421.07408904]",-2469.1319373226834,0.977449
17,18,"[419.51700026 421.29103995 418.55306904 420.60146205 421.17414219
 420.99833959]",-2512.860555108145,0.502987
18,28,"[421.09431057 432.31238902 408.93132556 420.95168326 423.6415821
 428.88391556]",-2470.819258887497,0.803102
19,20,"[421.49904054 433.73521158 408.86935599 416.47758294 421.64716301
 420.98850825]",-2472.515492143583,0.5679
20,16,"[421.11142772 421.46014744 421.46551901 422.11438262 420.68546973
 428.78037189]",-2505.957792747389,0.453999
21,17,"[405.05856381 421.1048474  419.92208872 420.08693936 405.43160103
 420.69166469]",-2452.4030940330576,0.472001
22,36,"[424.7262685  435.94742979 401.83781222 426.95204434 411.36665087
 410.76339522]",-2409.8880835115788,1.028005
23,16,"[420.40649139 421.85734409 404.68528526 420.23268365 428.56617448
 418.33123362]",-2472.7285566717624,0.423993
24,44,"[-292.4646647   422.72766814  443.73395773  422.17081003  420.59987799
  418.83867236]",-2317.339801650619,1.249884
25,14,"[384.72671166 420.90240965 421.71587282 432.07320451 427.85397416
 421.33922834]",-2339.7207693779287,0.375924
26,20,"[-304.4492636   422.33067463  420.65509758  422.71154082 -302.60944947
  419.22835207]",-2275.538508093316,0.531976
27,18,"[420.5870736  422.67972876 405.23813953 420.45222772 448.33044892
 421.56615864]",-2390.780322184428,0.4977
28,18,"[ 418.3505925   416.80049872  422.07315766  435.889919   -302.86538702
  420.8969    ]",-2364.2949159425343,0.511214
29,17,"[-307.5714126   420.73846693  422.44161988  421.13336844  421.17458686
  420.12594657]",-2391.8519627333253,0.461
30,44,"[420.94065486 412.39456086 412.22679542 427.74850866 423.60790253
 416.73157268]",-2486.1710741283123,1.281055
31,14,"[ 423.51381383  449.54585939  418.76230216  423.68935451  421.50575659
 -313.33171566]",-2278.2284653722554,0.380589
32,16,"[427.68276538 421.59257519 419.88535472 420.318606   426.32991672
 430.20901268]",-2493.5616486821054,0.438006
33,14,"[422.57475439 421.38417685 430.46082208 421.79154542 426.19741412
 411.75873691]",-2488.0334250777087,0.382279
34,44,"[423.34757057 428.4492052  425.71035403 406.48047508 402.7425531
 418.7003111 ]",-2435.65348335649,1.280273
35,17,"[420.55057108 421.43190598 421.10229776 421.47114988 442.29923883
 420.98087261]",-2457.219109705585,0.459006
36,34,"[417.26601705 420.52440071 421.25917528 421.07699517 420.9834795
 447.13778217]",-2427.7502354029616,0.998983
37,17,"[409.92870776 421.02905967 421.25354888 410.61815869 417.66021012
 420.86576738]",-2483.895178895971,0.46452
38,44,"[424.40887572 420.83579175 439.8429926  424.82412015 420.73229788
 430.78911463]",-2453.87483282894,1.261722
39,39,"[418.9244839  435.97686724 436.51887499 420.96723771 424.69739315
 413.12393915]",-2445.3009197651722,1.108785
40,17,"[415.31634804 420.1716249  420.20245861 421.18322415 420.73317162
 433.28615813]",-2490.623672649336,0.468059
41,26,"[418.31102996 421.78329954 421.22770513 420.52564446 430.46552833
 420.6494092 ]",-2501.5067659188135,0.750997
42,21,"[426.5267657  424.02031394 421.03537832 444.50326616 421.07055033
 397.5645482 ]",-2373.6104776362754,0.663617
43,33,"[420.98766675 427.4847722  411.0145757  416.44301559 436.10962885
 440.63314586]",-2416.5713811954292,1.592385
44,21,"[420.4521428  429.06410813 415.07100177 420.68266109 421.29056908
 422.34214628]",-2500.962639383804,1.329878
45,21,"[419.94670993 419.93679518 441.79852293 439.85260947 421.5762784
 416.3485342 ]",-2412.3539140864063,0.991187
46,44,"[ 418.90041068  421.01681765  429.71035958  412.21417977 -298.77971652
  429.78640885]",-2364.103185818677,1.306121
47,20,"[434.83611139 420.29229067 419.93047062 402.59654403 421.23035952
 404.21040617]",-2413.259196058628,0.764023
48,21,"[417.21769809 420.66036353 420.53023564 420.95108229 419.47744856
 420.34537797]",-2511.759942391406,0.775004
49,16,"[421.77608638 421.357064   421.56865828 421.33234582 444.11701565
 420.11291229]",-2447.20755130037,0.529384
