,population,best_x,best_energy,running_time
0,21,"[420.94948539 420.98335351 432.60043529 408.10456836 431.44456526
 418.40856061]",-2461.606185534021,0.880156
1,32,"[412.59775466 421.43427045 413.7064509  420.8238482  423.23105801
 421.11502056]",-2497.8172823573996,1.537924
2,32,"[421.7292202  421.02847705 422.17534165 411.74606242 420.844114
 421.70625563]",-2502.9207225250434,1.273269
3,15,"[420.81082887 415.04520688 415.65945256 421.31647144 436.31020754
 423.92483725]",-2475.2945845291133,0.562102
4,18,"[420.87242671 421.28590704 420.71683766 421.49740944 420.83099603
 420.09646576]",-2513.7418110039307,0.690794
5,21,"[422.41703589 441.62626172 415.64167771 420.75882971 421.12352319
 421.09229647]",-2456.9134252866024,0.825981
6,30,"[420.91254685 420.49028265 420.95289772 421.07010903 390.11622619
 420.976655  ]",-2400.909376690995,1.191048
7,17,"[420.68188879 421.88209738 425.69841703 403.63685664 420.75162348
 420.46527288]",-2473.841230579808,0.642579
8,19,"[425.51964183 421.20718272 420.59594849 420.84027663 420.88251833
 438.53883965]",-2472.6330942156,0.708027
9,15,"[421.94601108 420.26583279 420.51466016 411.83098886 416.00371122
 421.10176107]",-2500.130657505378,0.551974
10,18,"[419.94721594 448.1566072  420.47560454 424.54629202 420.87448793
 420.5124895 ]",-2421.215998700352,0.677022
11,25,"[419.78671286 421.05453345 420.9328195  423.32994025 415.1602929
 439.94802542]",-2463.8007620033827,1.006977
12,18,"[422.06936982 421.32079724 413.86948801 420.89143458 421.63293142
 421.74110513]",-2507.2709978908943,0.702001
13,22,"[421.04841054 421.02412477 429.96588898 420.74434178 418.03821611
 421.04827518]",-2502.598604241802,0.848
14,19,"[413.09027817 420.52987304 420.64280022 420.90619617 421.48197637
 415.52065716]",-2502.3100151927606,0.736
15,16,"[420.72743875 420.64334782 420.13831831 431.33438268 414.83487167
 415.61978165]",-2491.9252968275505,0.625997
16,27,"[419.99882283 413.4582712  421.31361867 420.61780597 420.98712338
 419.95697694]",-2506.542112735704,1.078569
17,21,"[418.55608541 394.5461797  420.95449359 421.28156299 419.48159415
 419.65834727]",-2428.546954447933,0.853993
18,32,"[ 441.69484361  419.27667692  420.7073436   420.84176497  414.49011692
 -295.10008228]",-2329.4007981801346,1.29701
19,32,"[414.61988383 433.95364754 396.18733905 422.38350666 416.21790957
 426.34711893]",-2406.5270150370843,1.26199
20,32,"[443.0300116  424.110076   430.97423166 420.72303105 399.77181875
 425.00158357]",-2382.560581379016,1.256999
21,32,"[423.42994354 420.75242727 421.18660108 423.93422059 421.34491735
 408.77473274]",-2493.4583553423636,1.264199
22,18,"[ 420.71246914 -306.07664896  421.23563353  420.16112434  421.00599564
  420.0113577 ]",-2393.6444827653586,0.707805
23,20,"[392.9372748  420.9890318  420.84362659 421.47869434 418.40358647
 420.44253746]",-2418.828535390452,0.760007
24,20,"[421.27256306 439.2956323  421.08627161 420.61750653 420.98131697
 417.56125379]",-2470.430089153154,0.756943
25,32,"[429.81382947 441.78113369 405.73219833 420.83351937 421.41120655
 429.75401421]",-2411.5637870127057,1.259889
26,32,"[ 421.46738907  427.378203    421.00921708  421.84169845  418.47308903
 -299.7405573 ]",-2388.380566540422,1.29099
27,19,"[426.87229798 427.70277874 421.02196226 410.86798228 432.00033303
 420.441053  ]",-2475.6523059728734,0.779249
28,26,"[421.96921938 419.44664589 420.93218049 419.54457739 420.53901633
 419.90385354]",-2513.056585127713,1.056562
29,16,"[422.16897207 423.31732199 424.78417179 404.19229028 438.41841479
 414.74431968]",-2433.432473701527,0.625991
30,13,"[424.00081739 415.54953083 420.0073762  417.14439477 423.29151798
 420.98814292]",-2506.40462859122,0.485005
31,19,"[427.0536219  420.42398365 421.01243672 421.00910091 422.62415453
 421.0081065 ]",-2508.838973908868,0.741994
32,18,"[420.69053184 421.19488196 430.67761598 421.59855235 423.55134272
 422.67534203]",-2500.738422385037,0.668026
33,17,"[419.96586515 416.26949326 433.13500877 424.96059226 420.59437821
 422.14043533]",-2490.1618644461737,0.65003
34,15,"[427.45818086 424.46259647 435.34430974 421.68767778 414.78617323
 421.96443328]",-2476.094090920522,0.567996
35,32,"[414.73906477 416.06585347 402.06665291 421.00232768 435.12579883
 415.25248277]",-2432.770676717489,1.77435
36,19,"[416.89046909 427.81798139 429.37752432 420.81769398 420.92323642
 418.85951567]",-2496.399053807516,0.903979
37,32,"[ 420.73004459  426.2446499   414.50266048  419.58868585 -302.42035624
  420.9557672 ]",-2386.444132348483,1.648001
38,17,"[419.9864929  421.70073366 431.93688392 420.85574129 425.3130815
 421.69492866]",-2496.103794847417,0.775521
39,16,"[412.15408944 425.85163789 420.32069074 422.03215546 419.62123092
 420.9123665 ]",-2500.7290599448024,0.791014
40,19,"[421.58329386 437.36989372 440.42587978 422.49199555 419.98602786
 412.84532738]",-2424.223632786246,0.928987
41,19,"[421.4250236  421.38350685 418.00449761 414.42664945 418.041959
 421.68698287]",-2506.222738960704,0.840281
42,15,"[420.1369153  416.80400636 422.67242025 425.47717075 419.94765663
 421.81601329]",-2508.471628205975,0.569767
43,20,"[420.82975285 429.99012931 424.93128596 424.38309717 420.89387953
 421.03423602]",-2500.175426867083,0.843042
44,17,"[420.1661395  419.90894557 420.62129833 421.7616093  419.87069167
 423.21995916]",-2512.787877477095,0.751298
45,15,"[-299.39962732  420.53554737  420.99035812 -298.85816609  427.06145132
  421.30083685]",-2269.3647182864106,0.576468
46,16,"[421.53432155 425.31799313 428.49571948 420.38023469 427.80378157
 416.04312076]",-2495.326636871032,0.601601
47,27,"[416.00853787 420.63602047 420.87120561 420.94771732 421.05342009
 425.04583946]",-2508.6873417086363,1.085712
48,24,"[426.2643205  424.94847515 413.5311484  421.07130687 420.96214676
 414.05145607]",-2495.407318682889,0.919809
49,20,"[421.19785489 421.30184829 421.21751086 409.33734932 420.77580376
 421.00029315]",-2496.9857011217923,0.775996
