,population,parents,parents_energy,parents_sigma
0,1,"[[-326.09176825   69.45283962 -328.6680653   226.18245684  479.48090611
   207.14539275]
 [ 165.08605202  219.57708484  456.89063376 -103.70804395 -140.69519549
    51.47085223]
 [-101.03935931  -81.52188252  403.920209    376.02691908   25.14739864
   -62.13145735]
 [-144.8946875   472.51534462 -484.65741561   24.5041884   -24.12768478
   380.52879553]
 [ 173.36307346  258.21549959   42.57037173  391.29222689  298.1226613
  -320.74282727]
 [-363.39156209 -269.90043793  467.62336627   65.51352635 -162.24052235
  -361.75225987]
 [ 109.58762937   85.0783636  -279.54165488  127.28537431  -37.00491264
  -332.76948264]
 [ 217.11464448  128.30536277  391.63982818 -265.89864962 -193.37852935
  -183.45678967]
 [-167.73395315 -116.807032    484.86881252  -33.07937014    9.06089828
  -140.6786649 ]
 [ 402.60586032  482.08036196 -495.26512376 -210.4232184   143.33110368
  -186.58277194]
 [-430.70330248   -9.40899304  172.57908223 -313.52464073  231.56568832
    93.97575306]
 [  82.42820733  -74.00895828 -210.40530091 -115.24684531  369.92793416
    47.36707624]
 [ 137.04906601  141.43678174  162.35608867  139.62086029 -468.89302329
  -321.37877072]
 [-346.46795706  221.51410987 -192.67205193 -162.72549527 -404.06450435
    65.10871683]
 [-332.52044003   57.39377203  324.75411431 -369.06828288 -160.31164406
  -194.41657911]
 [ -70.1782135   156.93646087  -37.55542354  107.24383418 -454.61458176
   -31.98776555]
 [-367.71230837   47.14068555  170.46188517 -460.82270719  153.99254992
  -459.06798648]
 [-170.05729021 -455.80050971  440.70439413 -195.87484361 -404.34527788
  -185.1910958 ]
 [ 114.53765782 -125.15275396  279.47694828 -408.78911849  237.52270568
  -186.63741119]
 [-430.19000507 -359.47965844  127.79613367  164.11427079 -219.02531754
   332.62266496]]","[-896.09465251 -683.17336206 -518.7533248  -435.69758352 -291.88387465
 -243.52717919 -234.45699509 -183.89105951 -147.1075994   -80.96531187
  -54.85198195  -54.07507637  157.85897787  293.54012193  329.01884414
  410.47732062  512.42559924  718.70336932  720.47776764  893.60283237]","[[1. 1. 1. 1. 1. 1.]
 [1. 1. 1. 1. 1. 1.]
 [1. 1. 1. 1. 1. 1.]
 [1. 1. 1. 1. 1. 1.]
 [1. 1. 1. 1. 1. 1.]
 [1. 1. 1. 1. 1. 1.]
 [1. 1. 1. 1. 1. 1.]
 [1. 1. 1. 1. 1. 1.]
 [1. 1. 1. 1. 1. 1.]
 [1. 1. 1. 1. 1. 1.]
 [1. 1. 1. 1. 1. 1.]
 [1. 1. 1. 1. 1. 1.]
 [1. 1. 1. 1. 1. 1.]
 [1. 1. 1. 1. 1. 1.]
 [1. 1. 1. 1. 1. 1.]
 [1. 1. 1. 1. 1. 1.]
 [1. 1. 1. 1. 1. 1.]
 [1. 1. 1. 1. 1. 1.]
 [1. 1. 1. 1. 1. 1.]
 [1. 1. 1. 1. 1. 1.]]"
1,2,"[[-326.79852867   68.87857561  403.64295557  376.14087991   25.64751993
   207.34695166]
 [-326.09176825   69.45283962 -328.6680653   226.18245684  479.48090611
   207.14539275]
 [-327.32082329   69.560098   -328.40583688  224.53973877  480.11135338
   205.02313135]
 [-326.34493915   69.48917518 -328.28785325  226.66051936  480.30459627
   208.85713587]
 [-326.98462647 -117.02155077 -327.38790334  227.13858706  479.84813617
  -138.19460201]
 [-327.59894511  482.18556015 -495.34046858  224.01633712  479.67846825
   206.48331604]
 [-143.45162085  472.31004609  403.8244407   372.35160656  -22.33170973
   -60.77825731]
 [ 165.08605202  219.57708484  456.89063376 -103.70804395 -140.69519549
    51.47085223]
 [ 164.78621867  219.53837024  457.92428094 -103.92340317 -139.35880386
    49.21208154]
 [ 164.7594084   220.10330673  457.58108754 -104.16413582 -141.01516585
    47.15264583]
 [ 174.88346461  259.52001397  404.87676364  387.6896565   298.02372295
  -320.45657151]
 [ 164.53714188  471.82582504  456.78586497 -103.87192505 -140.92547727
    52.7430341 ]
 [ 165.97747104  219.67314654  441.88920407 -105.0077757  -140.86926637
  -185.61176468]
 [-344.88579243  -82.02768161  403.41804434  377.89492061   24.56722291
   -60.66351849]
 [-165.91664757   69.68362355 -328.31212102  228.51122661    9.5688698
   207.99410541]
 [-144.04990282  473.77405811 -279.13570379  126.29795859  -23.13219914
   380.40993703]
 [-147.63772381   69.22981402 -485.28631669  222.81190288  -23.6298096
   205.88036247]
 [-101.03935931  -81.52188252  403.920209    376.02691908   25.14739864
   -62.13145735]
 [-102.03185994 -360.84982323  404.40969908  375.29558116   24.60979654
   -62.21263205]
 [-100.51056227 -268.47637977  467.87095863  373.96301564 -159.39620012
   -62.25017166]]","[-1043.16066336  -896.09465251  -893.32410924  -883.65400067
  -842.89029017  -763.71420422  -705.68409506  -683.17336206
  -671.657804    -660.0117951   -643.53571788  -639.11566797
  -592.19383927  -572.14267024  -556.49297237  -549.45961268
  -521.46631344  -518.7533248   -497.69108662  -494.17896633]","[[1.48465886 0.67334992 0.56677013 2.03370952 1.08628416 1.31658745]
 [1.         1.         1.         1.         1.         1.        ]
 [1.48465886 0.67334992 0.56677013 2.03370952 1.08628416 1.31658745]
 [1.48465886 0.67334992 0.56677013 2.03370952 1.08628416 1.31658745]
 [1.48465886 0.67334992 0.56677013 2.03370952 1.08628416 1.31658745]
 [1.48465886 0.67334992 0.56677013 2.03370952 1.08628416 1.31658745]
 [1.48465886 0.67334992 0.56677013 2.03370952 1.08628416 1.31658745]
 [1.         1.         1.         1.         1.         1.        ]
 [1.48465886 0.67334992 0.56677013 2.03370952 1.08628416 1.31658745]
 [1.48465886 0.67334992 0.56677013 2.03370952 1.08628416 1.31658745]
 [1.48465886 0.67334992 0.56677013 2.03370952 1.08628416 1.31658745]
 [1.48465886 0.67334992 0.56677013 2.03370952 1.08628416 1.31658745]
 [1.48465886 0.67334992 0.56677013 2.03370952 1.08628416 1.31658745]
 [1.48465886 0.67334992 0.56677013 2.03370952 1.08628416 1.31658745]
 [1.48465886 0.67334992 0.56677013 2.03370952 1.08628416 1.31658745]
 [1.48465886 0.67334992 0.56677013 2.03370952 1.08628416 1.31658745]
 [1.48465886 0.67334992 0.56677013 2.03370952 1.08628416 1.31658745]
 [1.         1.         1.         1.         1.         1.        ]
 [1.48465886 0.67334992 0.56677013 2.03370952 1.08628416 1.31658745]
 [1.48465886 0.67334992 0.56677013 2.03370952 1.08628416 1.31658745]]"
2,3,"[[ 173.51405578  472.33616226  405.20784067  387.78081419  -21.54277292
  -322.64273   ]
 [-322.31440298  482.47042833  402.75166645  377.75501558  479.82201535
   205.75390487]
 [ 166.39896204  219.56877888  403.84528728  374.99860815 -139.59259066
   206.69098591]
 [-325.76308809  470.81901054 -328.44257962  222.2728062  -139.73770772
   205.83705762]
 [-326.79852867   68.87857561  403.64295557  376.14087991   25.64751993
   207.34695166]
 [-330.74901688   69.18729072  403.57490191  224.53023454  480.11278402
   204.93274162]
 [-327.182104     68.85124764  402.97687937  374.42405321   24.32254051
   210.3253045 ]
 [-323.59356371   68.70665365  456.9747454   224.08543887 -141.87317324
   203.4138901 ]
 [-326.92504998   69.43639019  404.86892016  371.19881858   24.14638252
   206.54962244]
 [ 173.65718689  259.98829955  405.03188642  388.50486396  479.223005
  -321.38151038]
 [-141.13452626  472.34170942  404.11094052  221.60216692  481.21189847
   210.70996538]
 [-323.97680159  219.67687684  457.87088528  221.46445653 -138.99519654
    50.13303538]
 [-162.8956091    70.11608839  404.24085602  388.28798545   10.30523169
  -320.62367593]
 [-329.59694384  219.58005075 -327.77829214  -99.25804072 -140.40601367
   206.30064267]
 [-328.94455704  220.67349342  456.3061406  -102.75651335  480.85571847
   208.85920416]
 [-325.64401368   69.53939999 -327.67794175  375.03157943  480.24773651
   208.24661418]
 [-329.69888977 -117.17090679 -328.907174    227.49772876  478.09362179
   205.1232619 ]
 [-330.39760299  482.79937087  457.42985827  219.73947192 -140.60295369
   207.81981402]
 [-326.28339904  219.05828478 -328.27240754 -107.83618967  482.11312784
   208.06358872]
 [ 165.50438906  219.07432854  441.58061505  -97.65075868 -141.4636909
   206.09598706]]","[-1168.59878979 -1094.1278695  -1088.72693097 -1043.31719508
 -1043.16066336 -1035.66176642 -1019.36618629 -1010.1991498
 -1003.32188026  -980.80777472  -978.02107828  -965.79166941
  -965.43313443  -947.99260811  -945.95172447  -939.99939145
  -935.85456813  -935.68369324  -927.00529656  -919.67174236]","[[2.20421194 0.45340011 0.32122838 4.13597441 1.18001329 1.7334025 ]
 [1.8444354  0.56337501 0.44399926 3.08484197 1.13314873 1.52499497]
 [2.20421194 0.45340011 0.32122838 4.13597441 1.18001329 1.7334025 ]
 [1.8444354  0.56337501 0.44399926 3.08484197 1.13314873 1.52499497]
 [1.48465886 0.67334992 0.56677013 2.03370952 1.08628416 1.31658745]
 [2.20421194 0.45340011 0.32122838 4.13597441 1.18001329 1.7334025 ]
 [2.20421194 0.45340011 0.32122838 4.13597441 1.18001329 1.7334025 ]
 [2.20421194 0.45340011 0.32122838 4.13597441 1.18001329 1.7334025 ]
 [1.8444354  0.56337501 0.44399926 3.08484197 1.13314873 1.52499497]
 [2.20421194 0.45340011 0.32122838 4.13597441 1.18001329 1.7334025 ]
 [2.20421194 0.45340011 0.32122838 4.13597441 1.18001329 1.7334025 ]
 [2.20421194 0.45340011 0.32122838 4.13597441 1.18001329 1.7334025 ]
 [2.20421194 0.45340011 0.32122838 4.13597441 1.18001329 1.7334025 ]
 [2.20421194 0.45340011 0.32122838 4.13597441 1.18001329 1.7334025 ]
 [1.8444354  0.56337501 0.44399926 3.08484197 1.13314873 1.52499497]
 [1.8444354  0.56337501 0.44399926 3.08484197 1.13314873 1.52499497]
 [2.20421194 0.45340011 0.32122838 4.13597441 1.18001329 1.7334025 ]
 [1.8444354  0.56337501 0.44399926 3.08484197 1.13314873 1.52499497]
 [2.20421194 0.45340011 0.32122838 4.13597441 1.18001329 1.7334025 ]
 [2.20421194 0.45340011 0.32122838 4.13597441 1.18001329 1.7334025 ]]"
3,4,"[[-327.7565299   220.02997809  403.79747799  381.44747329 -140.44140872
   205.65494239]
 [-334.07503764  472.01895053  405.06252129  387.36747506  476.71807263
  -322.72633454]
 [-328.43375628  470.46436553  405.39597348  211.06494719 -140.98538181
  -322.64562434]
 [-327.53532164   68.33974217  457.05711051  395.46905988 -142.33571129
  -320.56609364]
 [-329.84188788  219.36375672  441.74741318  216.20106762 -141.51805856
   202.916785  ]
 [ 170.9282322   472.0054827   404.99618884  394.00206569  -17.50780874
  -321.63318072]
 [-323.47504268 -116.87115064  405.18668188  218.7726724   477.91392524
   203.12375615]
 [-323.90032589  470.92233919  403.89629961  227.54048257 -140.51082072
   207.73469062]
 [-318.30615354  218.93118544  402.24010315  367.73205552  479.13597401
   206.59574208]
 [-326.58379963 -116.65029586  403.6086422   374.03599671  477.31970194
   206.77651326]
 [ 173.51405578  472.33616226  405.20784067  387.78081419  -21.54277292
  -322.64273   ]
 [-323.56550873  470.6825399  -327.9029609   394.55086558  481.32481643
   209.4419758 ]
 [ 174.46874613  472.00249356  405.30230544  390.3508448   -21.16605985
   207.79009903]
 [-320.36730852  482.67398562  402.90140025  383.9440808   480.20938813
   209.18154793]
 [-327.1919726   220.56487579  404.92354341  374.74656522   22.57383159
   208.67260744]
 [-327.57491871   70.20227757 -327.72211934  395.14269722  481.01296911
  -321.81264216]
 [ 162.4131522   218.84346485  441.55007761  380.83542976 -140.44745066
  -326.17034649]
 [-323.7747805    68.65552801  403.78627214  383.03642518   25.85022356
   204.33878852]
 [-322.35974329   69.29573985  402.55842694  373.52312436  478.48438084
   207.05759924]
 [-326.69901839  472.2370283   404.01304808  225.53464099  480.06575788
   201.12809113]]","[-1307.46094284 -1302.97085333 -1281.96894889 -1233.73634561
 -1218.16669492 -1195.96330665 -1186.38385123 -1186.27895445
 -1185.84769906 -1170.58697143 -1168.59878979 -1162.01420068
 -1145.46039265 -1145.38810874 -1138.27565609 -1127.77391636
 -1127.13956271 -1120.16526016 -1118.4045105  -1116.70277729]","[[2.47128465 0.41637431 0.28643695 5.20482345 1.2054674  1.87059587]
 [3.27250279 0.30529693 0.18206265 8.41137054 1.28182975 2.28217597]
 [3.27250279 0.30529693 0.18206265 8.41137054 1.28182975 2.28217597]
 [3.27250279 0.30529693 0.18206265 8.41137054 1.28182975 2.28217597]
 [3.27250279 0.30529693 0.18206265 8.41137054 1.28182975 2.28217597]
 [3.00543008 0.34232272 0.21685408 7.34252151 1.25637563 2.14498261]
 [3.00543008 0.34232272 0.21685408 7.34252151 1.25637563 2.14498261]
 [3.00543008 0.34232272 0.21685408 7.34252151 1.25637563 2.14498261]
 [3.00543008 0.34232272 0.21685408 7.34252151 1.25637563 2.14498261]
 [2.47128465 0.41637431 0.28643695 5.20482345 1.2054674  1.87059587]
 [2.20421194 0.45340011 0.32122838 4.13597441 1.18001329 1.7334025 ]
 [3.00543008 0.34232272 0.21685408 7.34252151 1.25637563 2.14498261]
 [3.27250279 0.30529693 0.18206265 8.41137054 1.28182975 2.28217597]
 [3.00543008 0.34232272 0.21685408 7.34252151 1.25637563 2.14498261]
 [3.00543008 0.34232272 0.21685408 7.34252151 1.25637563 2.14498261]
 [2.73835737 0.37934852 0.25164552 6.27367248 1.23092152 2.00778924]
 [3.00543008 0.34232272 0.21685408 7.34252151 1.25637563 2.14498261]
 [3.27250279 0.30529693 0.18206265 8.41137054 1.28182975 2.28217597]
 [2.47128465 0.41637431 0.28643695 5.20482345 1.2054674  1.87059587]
 [3.27250279 0.30529693 0.18206265 8.41137054 1.28182975 2.28217597]]"
4,5,"[[-321.83213591  470.23340423  403.63461678  401.69769035  475.39121779
   207.48604909]
 [-325.16233384  470.82944345  404.0402514   407.02220286 -143.18574936
   210.28321337]
 [-321.95314713  220.04856201  403.93868763  392.82934575 -139.08815421
   206.6152546 ]
 [-323.34436031  471.96662686  405.28216498  408.73109085  480.16335166
   207.94227535]
 [-329.31999456  219.49859517  402.85721364  409.83125339  480.59162695
   215.11625491]
 [-332.2555777   472.06062398  405.18240866  402.5365029   -21.9917398
  -316.54432127]
 [-331.63480406  472.1331211   403.53041453  401.02758423  478.49473446
  -322.54265625]
 [-333.5413673   470.54612405  403.45493693  394.86646352  478.68024644
  -317.29121049]
 [-324.55763046  472.23049741  402.17464567  389.56402039  476.56690667
  -324.45345629]
 [-331.10882516  218.60599678  441.69648652  388.78265256  476.17567911
  -324.90323511]
 [-313.8131498  -116.33863552  403.61768318  395.91915389  480.56182319
   209.79447212]
 [-325.09534507  472.26779763  403.46827778  402.02597958  480.80957414
   206.42011864]
 [-328.16050233  472.07473011  405.32449742  398.82992104  479.05039002
   209.96081991]
 [-328.24362654  221.11039592  457.12789137  412.12467734 -142.77897643
   208.64396166]
 [-316.65865061 -117.15865257  405.09046988  388.5602536   479.82003062
  -329.52742356]
 [-335.10337894  220.58012579  404.89668658  383.85642621  475.8699085
  -323.45444624]
 [-324.22680767   68.36957787  403.78590987  393.27091139 -139.97607096
   207.62587548]
 [-327.7565299   220.02997809  403.79747799  381.44747329 -140.44140872
   205.65494239]
 [-326.57402285  218.95246282  402.11626307  374.87821256 -140.97120435
  -321.57659155]
 [-334.07503764  472.01895053  405.06252129  387.36747506  476.71807263
  -322.72633454]]","[-1439.90975071 -1428.71170592 -1427.46516411 -1397.06215794
 -1384.37362774 -1379.84227026 -1378.22356643 -1367.99237954
 -1356.85019747 -1356.59482666 -1353.7585255  -1346.32226173
 -1337.6082077  -1336.58168897 -1326.51116217 -1316.33053857
 -1308.05977811 -1307.46094284 -1306.58333822 -1302.97085333]","[[ 4.06552654  0.25543429  0.14262516 12.75882745  1.33713055  2.64343011]
 [ 4.66029434  0.21803732  0.11304704 16.01942013  1.37860615  2.9143707 ]
 [ 4.46203841  0.23050298  0.12290642 14.93255591  1.36478095  2.82405717]
 [ 4.46203841  0.23050298  0.12290642 14.93255591  1.36478095  2.82405717]
 [ 4.85855028  0.20557166  0.10318767 17.10628436  1.39243135  3.00468424]
 [ 4.66029434  0.21803732  0.11304704 16.01942013  1.37860615  2.9143707 ]
 [ 3.8672706   0.26789995  0.15248453 11.67196323  1.32330535  2.55311657]
 [ 4.26378247  0.24296864  0.13276579 13.84569168  1.35095575  2.73374364]
 [ 4.46203841  0.23050298  0.12290642 14.93255591  1.36478095  2.82405717]
 [ 4.46203841  0.23050298  0.12290642 14.93255591  1.36478095  2.82405717]
 [ 4.26378247  0.24296864  0.13276579 13.84569168  1.35095575  2.73374364]
 [ 4.85855028  0.20557166  0.10318767 17.10628436  1.39243135  3.00468424]
 [ 4.26378247  0.24296864  0.13276579 13.84569168  1.35095575  2.73374364]
 [ 4.06552654  0.25543429  0.14262516 12.75882745  1.33713055  2.64343011]
 [ 4.26378247  0.24296864  0.13276579 13.84569168  1.35095575  2.73374364]
 [ 4.26378247  0.24296864  0.13276579 13.84569168  1.35095575  2.73374364]
 [ 4.26378247  0.24296864  0.13276579 13.84569168  1.35095575  2.73374364]
 [ 2.47128465  0.41637431  0.28643695  5.20482345  1.2054674   1.87059587]
 [ 4.66029434  0.21803732  0.11304704 16.01942013  1.37860615  2.9143707 ]
 [ 3.27250279  0.30529693  0.18206265  8.41137054  1.28182975  2.28217597]]"
5,6,"[[-298.88214594  218.7045832   402.1322875   418.03733616 -141.80696355
  -325.55706842]
 [-320.76644906  219.31587607  402.07602977  422.1172941   479.90956594
  -319.20194616]
 [-326.86432207  471.88273809  405.12637288  411.81238175  475.63327288
  -314.3825927 ]
 [-321.31014083  219.01278947  402.15318272  422.91762139 -141.37420165
   201.58063236]
 [-319.4744928   470.22428254  403.78479996  409.11596579 -135.540957
   204.7846649 ]
 [-325.00402954  472.0541994   404.99609845  410.09824183  475.6452788
  -320.23088448]
 [-319.79284515  470.82470065  405.28890934  423.68540141 -141.56294937
   208.50557637]
 [-325.09900669  470.25439968  404.79000955  414.25410955  476.93803372
  -324.5084801 ]
 [-327.13779545  470.24328604  402.11966801  429.00469559  477.58782092
  -317.45500004]
 [-325.1050283   470.46547033  403.66367163  412.73273808  476.75343158
  -324.04315044]
 [-328.89085858  470.74071488  403.57030258  437.61921634  476.76752335
  -309.39468223]
 [-323.70969515  471.83148987  403.74863231  413.42045421  477.59159668
  -321.48489552]
 [-322.19245326  472.09281955  405.16985483  419.03682303  -23.60282831
  -316.3741837 ]
 [-321.37004     219.95378993  405.21016432  440.8952471   -20.43553463
  -316.6973401 ]
 [-329.04550526  219.49845974  402.88493389  414.58275113  479.92493971
  -321.02433624]
 [-322.69170394  218.6684862   405.21887863  390.83643948 -140.17046615
  -320.70077472]
 [-305.73305931  471.82800798  405.1684117   411.25769698  479.16264749
   208.20350408]
 [-322.11554772  218.70807179  441.69088234  412.22166787  478.76715019
  -330.29784366]
 [-324.46413427  472.05174508  403.55666161  431.87816229  474.6600175
  -329.20979323]
 [-319.69482144  471.99505626  405.05890895  406.90248027  478.37434622
  -326.04788679]]","[-1587.72288161 -1530.57210438 -1518.0096809  -1512.88523334
 -1500.31742329 -1500.30972194 -1492.38592616 -1491.95433702
 -1491.71355276 -1486.78747088 -1486.69665079 -1485.68045286
 -1481.62726318 -1478.38170809 -1475.97024022 -1475.60707936
 -1468.01018254 -1460.79578001 -1459.62127488 -1458.82897997]","[[ 5.59440636  0.18458729  0.08921768 22.63219967  1.4299766   3.3019484 ]
 [ 5.14680977  0.21778739  0.1160018  20.47679006  1.39601004  3.09046063]
 [ 6.47743365  0.15940604  0.07245368 29.26329805  1.47503089  3.65866539]
 [ 6.62460487  0.15520916  0.06965969 30.36848111  1.48253994  3.71811822]
 [ 6.62460487  0.15520916  0.06965969 30.36848111  1.48253994  3.71811822]
 [ 6.18309122  0.16779979  0.07804168 27.05293192  1.46001279  3.53975972]
 [ 6.47743365  0.15940604  0.07245368 29.26329805  1.47503089  3.65866539]
 [ 5.14680977  0.21778739  0.1160018  20.47679006  1.39601004  3.09046063]
 [ 6.47743365  0.15940604  0.07245368 29.26329805  1.47503089  3.65866539]
 [ 6.62460487  0.15520916  0.06965969 30.36848111  1.48253994  3.71811822]
 [ 6.18309122  0.16779979  0.07804168 27.05293192  1.46001279  3.53975972]
 [ 6.33026244  0.16360291  0.07524768 28.15811499  1.46752184  3.59921256]
 [ 6.77177608  0.15101229  0.06686569 31.47366418  1.49004899  3.77757105]
 [ 6.62460487  0.15520916  0.06965969 30.36848111  1.48253994  3.71811822]
 [ 6.18309122  0.16779979  0.07804168 27.05293192  1.46001279  3.53975972]
 [ 5.14680977  0.21778739  0.1160018  20.47679006  1.39601004  3.09046063]
 [ 4.99963855  0.22198426  0.11879579 19.37160699  1.38850099  3.0310078 ]
 [ 6.77177608  0.15101229  0.06686569 31.47366418  1.49004899  3.77757105]
 [ 5.88874879  0.17619354  0.08362968 24.8425658   1.44499469  3.42085406]
 [ 7.21328973  0.13842166  0.05848369 34.78921337  1.51257613  3.95592955]]"
6,7,"[[-307.91346795  471.86181655  405.17406461  428.84465153  472.65164188
  -301.81023538]
 [-292.59266352  218.67920094  402.15092725  421.6935012  -139.32158646
  -322.70288393]
 [-298.88214594  218.7045832   402.1322875   418.03733616 -141.80696355
  -325.55706842]
 [-308.67144018  218.78298369  402.12586462  418.08601219  478.23820006
  -319.51683806]
 [-297.81719784  219.90717866  405.2259912   424.5831922   -22.71813942
  -314.91379728]
 [-321.31014083  219.01278947  402.15318272  414.58275113 -141.37420165
  -321.02433624]
 [-291.47075581  218.75245247  404.87018326  402.23494794  473.83845564
  -325.49430897]
 [-304.53522852  471.74277328  405.06663815  442.16004039  475.128107
  -310.86774437]
 [-321.98083911  218.76944757  403.76843877  415.57922028  477.00028711
  -321.07546468]
 [-319.49010365  470.10996048  403.74289463  426.30952543 -134.23565103
  -325.47180284]
 [-322.97511778  471.99368842  405.04238456  410.51259384  475.26269369
  -312.34323862]
 [-316.86531764  219.67795156  402.0406221   425.4373962  -138.89310022
   207.93062365]
 [-323.98786089  472.15329442  404.98228084  424.68024092  472.70728094
  -323.70894945]
 [-320.76644906  219.31587607  402.07602977  422.1172941   479.90956594
  -319.20194616]
 [-329.58551469  470.66259379  403.61610907  420.04119723  475.25213523
  -311.87272211]
 [-314.48457627  218.58685216  403.5508561   438.69814581  479.86882383
  -318.88900832]
 [-304.31857752  218.53659994  402.06986416  434.05497964 -141.98467626
   212.31199885]
 [-315.42140301  219.83632711  405.15782626  395.3737924   477.91016633
  -314.56950945]
 [-310.98344382  470.63952088  405.12233615  418.00882291 -141.57575333
   210.0998762 ]
 [-327.09136388  470.54683954  405.14690821  434.35854842  472.82103383
  -321.74043054]]","[-1639.10021718 -1602.69147884 -1587.72288161 -1585.43181768
 -1576.55267868 -1564.83335922 -1561.99984602 -1560.53234267
 -1554.04748183 -1552.19906706 -1543.78686248 -1533.73411058
 -1531.75418297 -1530.57210438 -1528.88904614 -1525.86654869
 -1525.81420313 -1521.24380383 -1519.43549253 -1519.28440343]","[[9.28903071e+00 1.11574989e-01 4.34399170e-02 5.61416159e+01
  1.59006726e+00 4.69954064e+00]
 [9.07053166e+00 1.14400954e-01 4.50234721e-02 5.38939946e+01
  1.58191030e+00 4.62126579e+00]
 [5.59440636e+00 1.84587285e-01 8.92176780e-02 2.26321997e+01
  1.42997660e+00 3.30194840e+00]
 [9.39828023e+00 1.10162006e-01 4.26481394e-02 5.72654265e+01
  1.59414574e+00 4.73867807e+00]
 [9.50752976e+00 1.08749024e-01 4.18563619e-02 5.83892372e+01
  1.59822422e+00 4.77781549e+00]
 [8.30126943e+00 1.31230528e-01 5.57808013e-02 4.72070134e+01
  1.54714771e+00 4.32549501e+00]
 [7.64125674e+00 1.46647118e-01 6.57463530e-02 4.16438429e+01
  1.51646360e+00 4.06886167e+00]
 [8.62901801e+00 1.26991579e-01 5.34054687e-02 5.05784454e+01
  1.55938315e+00 4.44290729e+00]
 [9.83527833e+00 1.04510075e-01 3.94810292e-02 6.17606692e+01
  1.61045966e+00 4.89522777e+00]
 [8.41051896e+00 1.29817545e-01 5.49890238e-02 4.83308241e+01
  1.55122619e+00 4.36463244e+00]
 [9.50752976e+00 1.08749024e-01 4.18563619e-02 5.83892372e+01
  1.59822422e+00 4.77781549e+00]
 [8.62901801e+00 1.26991579e-01 5.34054687e-02 5.05784454e+01
  1.55938315e+00 4.44290729e+00]
 [9.83527833e+00 1.04510075e-01 3.94810292e-02 6.17606692e+01
  1.61045966e+00 4.89522777e+00]
 [5.14680977e+00 2.17787385e-01 1.16001796e-01 2.04767901e+01
  1.39601004e+00 3.09046063e+00]
 [8.51976848e+00 1.28404562e-01 5.41972462e-02 4.94546347e+01
  1.55530467e+00 4.40376987e+00]
 [9.50752976e+00 1.08749024e-01 4.18563619e-02 5.83892372e+01
  1.59822422e+00 4.77781549e+00]
 [9.83527833e+00 1.04510075e-01 3.94810292e-02 6.17606692e+01
  1.61045966e+00 4.89522777e+00]
 [8.41051896e+00 1.29817545e-01 5.49890238e-02 4.83308241e+01
  1.55122619e+00 4.36463244e+00]
 [8.41051896e+00 1.29817545e-01 5.49890238e-02 4.83308241e+01
  1.55122619e+00 4.36463244e+00]
 [9.83527833e+00 1.04510075e-01 3.94810292e-02 6.17606692e+01
  1.61045966e+00 4.89522777e+00]]"
7,8,"[[-307.91346795  471.86181655  405.17406461  428.84465153  472.65164188
  -301.81023538]
 [-293.82869106  218.54166942  402.04492847  417.58281174 -141.81879892
  -310.47518308]
 [-316.52403507  219.73202932  403.55197625  433.35761843 -139.26527122
  -303.66756663]
 [-315.42140301  219.83632711  403.61610907  420.04119723  475.25213523
  -314.56950945]
 [-304.53522852  218.75245247  404.87018326  442.16004039  473.83845564
  -310.86774437]
 [-312.54046063  472.00444682  405.18375217  423.65192466  473.55920552
  -311.3303649 ]
 [-304.53522852  471.74277328  405.06663815  424.68024092  475.128107
  -310.86774437]
 [-292.59266352  218.75245247  404.87018326  421.6935012  -139.32158646
  -322.70288393]
 [-307.91346795  470.54683954  405.14690821  428.84465153  472.65164188
  -321.74043054]
 [-310.38063188  218.70402485  404.89645565  414.77576112  476.08967817
  -321.42644514]
 [-308.67144018  219.01278947  402.12586462  414.58275113 -141.37420165
  -321.02433624]
 [-292.59266352  218.67920094  402.15092725  421.6935012  -139.32158646
  -322.70288393]
 [-316.86531764  219.83632711  405.15782626  425.4373962   477.91016633
  -314.56950945]
 [-321.5942149   219.2684289   405.13015342  413.16649761  475.55819235
  -315.90958663]
 [-323.98786089  219.31587607  402.07602977  424.68024092  472.70728094
  -319.20194616]
 [-292.87880814  219.96383324  405.09385848  434.01764545  478.99270687
  -308.52071325]
 [-298.88214594  218.7045832   402.1322875   418.03733616 -141.80696355
  -325.55706842]
 [-308.67144018  218.78298369  402.12586462  418.08601219  478.23820006
  -319.51683806]
 [-310.98344382  470.63952088  403.5508561   418.00882291 -141.57575333
  -318.88900832]
 [-319.49010365  218.58685216  403.74289463  438.69814581 -134.23565103
  -318.88900832]]","[-1639.10021718 -1637.27198984 -1623.95237409 -1622.26307537
 -1620.45894574 -1616.47801978 -1614.66484945 -1613.91065532
 -1606.34245584 -1605.10635201 -1603.97198382 -1602.69147884
 -1592.94201137 -1591.15969785 -1589.64278912 -1589.64272832
 -1587.72288161 -1585.43181768 -1583.24726169 -1579.32217077]","[[9.28903071e+00 1.11574989e-01 4.34399170e-02 5.61416159e+01
  1.59006726e+00 4.69954064e+00]
 [1.34632932e+01 7.93679577e-02 2.69957800e-02 1.10804307e+02
  1.71502944e+00 6.06994393e+00]
 [1.41154383e+01 7.32261460e-02 2.37229357e-02 1.18746748e+02
  1.73612566e+00 6.29041190e+00]
 [1.46020331e+01 7.03718506e-02 2.23766681e-02 1.25603261e+02
  1.74941682e+00 6.44499543e+00]
 [1.37099426e+01 7.56047254e-02 2.48448253e-02 1.13032987e+02
  1.72504969e+00 6.16159229e+00]
 [1.36254915e+01 7.84165259e-02 2.65470242e-02 1.13089811e+02
  1.71945983e+00 6.12147177e+00]
 [1.32199958e+01 8.07951054e-02 2.76689138e-02 1.07376050e+02
  1.70838386e+00 5.99265216e+00]
 [1.33821941e+01 7.98436736e-02 2.72201580e-02 1.09661555e+02
  1.71281425e+00 6.04418001e+00]
 [1.33821941e+01 7.98436736e-02 2.72201580e-02 1.09661555e+02
  1.71281425e+00 6.04418001e+00]
 [1.34632932e+01 7.93679577e-02 2.69957800e-02 1.10804307e+02
  1.71502944e+00 6.06994393e+00]
 [1.43587357e+01 7.17989983e-02 2.30498019e-02 1.22175004e+02
  1.74277124e+00 6.36770366e+00]
 [9.07053166e+00 1.14400954e-01 4.50234721e-02 5.38939946e+01
  1.58191030e+00 4.62126579e+00]
 [1.35443923e+01 7.88922418e-02 2.67714021e-02 1.11947059e+02
  1.71724463e+00 6.09570785e+00]
 [1.34632932e+01 7.93679577e-02 2.69957800e-02 1.10804307e+02
  1.71502944e+00 6.06994393e+00]
 [1.24867515e+01 8.74126330e-02 3.11661362e-02 9.82908570e+01
  1.68507244e+00 5.74642028e+00]
 [9.49295814e+00 1.22695971e-01 5.15047110e-02 6.31676613e+01
  1.58188700e+00 4.71293693e+00]
 [5.59440636e+00 1.84587285e-01 8.92176780e-02 2.26321997e+01
  1.42997660e+00 3.30194840e+00]
 [9.39828023e+00 1.10162006e-01 4.26481394e-02 5.72654265e+01
  1.59414574e+00 4.73867807e+00]
 [1.41154383e+01 7.32261460e-02 2.37229357e-02 1.18746748e+02
  1.73612566e+00 6.29041190e+00]
 [1.36254915e+01 7.84165259e-02 2.65470242e-02 1.13089811e+02
  1.71945983e+00 6.12147177e+00]]"
8,9,"[[-304.53522852  219.2684289   405.13015342  413.16649761  475.55819235
  -310.86774437]
 [-312.54046063  219.73202932  403.55197625  423.65192466 -139.26527122
  -311.3303649 ]
 [-293.82869106  218.54166942  402.04492847  420.04119723  475.25213523
  -310.47518308]
 [-293.82869106  218.54166942  402.07602977  424.68024092  472.70728094
  -319.20194616]
 [-307.91346795  471.86181655  405.17406461  428.84465153  472.65164188
  -301.81023538]
 [-307.91346795  218.75245247  404.87018326  442.16004039  472.65164188
  -301.81023538]
 [-304.53522852  219.96383324  405.06663815  434.01764545  475.128107
  -310.86774437]
 [-293.82869106  218.7045832   402.1322875   418.03733616 -141.81879892
  -310.47518308]
 [-293.82869106  218.54166942  402.04492847  417.58281174 -141.81879892
  -310.47518308]
 [-307.91346795  471.86181655  402.07602977  424.68024092  472.65164188
  -301.81023538]
 [-308.67144018  219.01278947  402.12586462  414.58275113  472.65164188
  -321.74043054]
 [-315.42140301  218.75245247  403.61610907  420.04119723  475.25213523
  -314.56950945]
 [-308.67144018  219.01278947  402.12586462  434.01764545 -141.37420165
  -308.52071325]
 [-316.52403507  219.73202932  403.55197625  433.35761843 -139.26527122
  -303.66756663]
 [-315.42140301  219.83632711  403.61610907  420.04119723  475.25213523
  -314.56950945]
 [-315.42140301  219.83632711  403.61610907  420.04119723  475.25213523
  -314.56950945]
 [-304.53522852  218.75245247  404.87018326  442.16004039  473.83845564
  -310.86774437]
 [-312.54046063  472.00444682  405.18375217  423.65192466  473.55920552
  -311.3303649 ]
 [-292.59266352  219.31587607  402.15092725  421.6935012  -139.32158646
  -319.20194616]
 [-304.53522852  471.74277328  405.06663815  424.68024092  475.128107
  -310.86774437]]","[-1649.76915824 -1644.69149265 -1642.08664437 -1640.21773176
 -1639.10021718 -1638.30645239 -1637.5619602  -1637.43217712
 -1637.27198984 -1632.1776675  -1629.38937123 -1626.40683359
 -1625.87186472 -1623.95237409 -1622.26307537 -1622.26307537
 -1620.45894574 -1616.47801978 -1616.11590175 -1614.66484945]","[[1.99883976e+01 5.34424077e-02 1.53004018e-02 2.25343774e+02
  1.86300932e+00 7.99161198e+00]
 [2.05929086e+01 5.10542903e-02 1.42457558e-02 2.35744108e+02
  1.87687390e+00 8.17066511e+00]
 [2.08337178e+01 5.04136437e-02 1.39914144e-02 2.40392161e+02
  1.88168656e+00 8.23850602e+00]
 [1.40868890e+01 8.90272822e-02 3.29967437e-02 1.34523534e+02
  1.70698196e+00 6.15249766e+00]
 [9.28903071e+00 1.11574989e-01 4.34399170e-02 5.61416159e+01
  1.59006726e+00 4.69954064e+00]
 [1.70101242e+01 6.39653854e-02 1.98332539e-02 1.72083782e+02
  1.79754343e+00 7.12340455e+00]
 [1.67877237e+01 6.50769788e-02 2.03455951e-02 1.68636265e+02
  1.79190988e+00 7.05491648e+00]
 [1.99281953e+01 5.36025694e-02 1.53639871e-02 2.24181761e+02
  1.86180616e+00 7.97465175e+00]
 [1.34632932e+01 7.93679577e-02 2.69957800e-02 1.10804307e+02
  1.71502944e+00 6.06994393e+00]
 [1.94465771e+01 5.48838624e-02 1.58726700e-02 2.14885656e+02
  1.85218083e+00 7.83896992e+00]
 [2.06531109e+01 5.08941286e-02 1.41821705e-02 2.36906121e+02
  1.87807706e+00 8.18762534e+00]
 [2.05327064e+01 5.12144519e-02 1.43093412e-02 2.34582095e+02
  1.87567073e+00 8.15370488e+00]
 [1.76355322e+01 6.12617136e-02 1.86178154e-02 1.82464856e+02
  1.81242003e+00 7.31126138e+00]
 [1.41154383e+01 7.32261460e-02 2.37229357e-02 1.18746748e+02
  1.73612566e+00 6.29041190e+00]
 [1.46020331e+01 7.03718506e-02 2.23766681e-02 1.25603261e+02
  1.74941682e+00 6.44499543e+00]
 [2.01714927e+01 5.21754217e-02 1.46908533e-02 2.27610017e+02
  1.86845174e+00 8.05194351e+00]
 [1.37099426e+01 7.56047254e-02 2.48448253e-02 1.13032987e+02
  1.72504969e+00 6.16159229e+00]
 [1.36254915e+01 7.84165259e-02 2.65470242e-02 1.13089811e+02
  1.71945983e+00 6.12147177e+00]
 [2.01112904e+01 5.23355833e-02 1.47544387e-02 2.26448004e+02
  1.86724857e+00 8.03498329e+00]
 [1.32199958e+01 8.07951054e-02 2.76689138e-02 1.07376050e+02
  1.70838386e+00 5.99265216e+00]]"
9,10,"[[-307.91346795  218.75245247  404.87018326  428.84465153  472.65164188
  -301.81023538]
 [-293.82869106  218.75245247  402.04492847  420.04119723  472.65164188
  -310.47518308]
 [-312.54046063  219.73202932  402.07602977  424.68024092  472.65164188
  -301.81023538]
 [-304.53522852  219.2684289   403.55197625  423.65192466 -139.26527122
  -310.86774437]
 [-308.67144018  219.01278947  402.12586462  434.01764545  472.65164188
  -301.81023538]
 [-304.53522852  219.2684289   405.17406461  428.84465153  475.55819235
  -301.81023538]
 [-304.53522852  219.83632711  405.06663815  420.04119723  475.25213523
  -310.86774437]
 [-293.82869106  218.54166942  405.06663815  420.04119723  475.128107
  -310.47518308]
 [-308.67144018  219.01278947  402.12586462  434.01764545  472.70728094
  -308.52071325]
 [-308.67144018  219.73202932  402.12586462  423.65192466 -139.26527122
  -308.52071325]
 [-315.42140301  218.75245247  403.61610907  420.04119723  473.83845564
  -310.86774437]
 [-304.53522852  219.2684289   405.13015342  413.16649761  475.55819235
  -310.86774437]
 [-315.42140301  219.01278947  403.61610907  414.58275113  472.65164188
  -314.56950945]
 [-304.53522852  219.96383324  405.06663815  434.01764545  475.128107
  -301.81023538]
 [-307.91346795  471.86181655  405.17406461  424.68024092  472.65164188
  -301.81023538]
 [-312.54046063  219.73202932  403.55197625  423.65192466 -139.26527122
  -311.3303649 ]
 [-304.53522852  219.01278947  402.12586462  413.16649761 -141.37420165
  -308.52071325]
 [-293.82869106  218.54166942  402.04492847  420.04119723  475.25213523
  -310.47518308]
 [-293.82869106  218.54166942  402.04492847  420.04119723  475.25213523
  -310.47518308]
 [-308.67144018  219.01278947  404.87018326  414.58275113  472.65164188
  -321.74043054]]","[-1686.35186572 -1668.35888323 -1667.87416532 -1659.6569624
 -1659.08581962 -1658.49281514 -1658.06659897 -1656.12609969
 -1654.0224301  -1651.60234792 -1650.67789406 -1649.76915824
 -1647.46874257 -1646.30814924 -1645.18731064 -1644.69149265
 -1643.92378074 -1642.08664437 -1642.08664437 -1640.99248529]","[[2.48928788e+01 4.84512786e-02 1.38488620e-02 3.55298398e+02
  1.93313109e+00 9.21049529e+00]
 [2.09354176e+01 5.46266662e-02 1.60735100e-02 2.57539091e+02
  1.87009664e+00 8.19108926e+00]
 [2.99012484e+01 3.54510335e-02 8.46303549e-03 4.62951415e+02
  2.02802051e+00 1.05837015e+01]
 [2.97224887e+01 3.56667232e-02 8.53511205e-03 4.58225021e+02
  2.02540655e+00 1.05390423e+01]
 [1.77350399e+01 6.12569446e-02 1.86514372e-02 1.84808143e+02
  1.81381434e+00 7.33637814e+00]
 [2.35696799e+01 4.52786946e-02 1.19987365e-02 3.06288453e+02
  1.92736450e+00 8.95389614e+00]
 [2.51511866e+01 4.30203757e-02 1.12038209e-02 3.46384460e+02
  1.95178185e+00 9.35668140e+00]
 [3.05287544e+01 3.44313245e-02 8.09208803e-03 4.78253439e+02
  2.03816490e+00 1.07462303e+01]
 [2.52503982e+01 4.80198994e-02 1.37047088e-02 3.64751186e+02
  1.93835901e+00 9.29981378e+00]
 [3.07075141e+01 3.42156349e-02 8.02001147e-03 4.82979833e+02
  2.04077886e+00 1.07908895e+01]
 [2.57184904e+01 4.21608284e-02 1.08964588e-02 3.60524471e+02
  1.96072307e+00 9.50224997e+00]
 [1.99883976e+01 5.34424077e-02 1.53004018e-02 2.25343774e+02
  1.86300932e+00 7.99161198e+00]
 [1.37910418e+01 7.51290095e-02 2.46204474e-02 1.14175739e+02
  1.72726488e+00 6.18735621e+00]
 [2.68977879e+01 4.03878112e-02 1.02637154e-02 3.89986091e+02
  1.97925902e+00 9.80455193e+00]
 [2.93649693e+01 3.60981024e-02 8.67926517e-03 4.48772234e+02
  2.02017863e+00 1.04497238e+01]
 [2.05929086e+01 5.10542903e-02 1.42457558e-02 2.35744108e+02
  1.87687390e+00 8.17066511e+00]
 [2.74204017e+01 3.95821863e-02 9.97437243e-03 4.02944504e+02
  1.98754675e+00 9.93895569e+00]
 [2.08337178e+01 5.04136437e-02 1.39914144e-02 2.40392161e+02
  1.88168656e+00 8.23850602e+00]
 [2.52809210e+01 4.39099049e-02 1.16872353e-02 3.52389406e+02
  1.95091386e+00 9.37450354e+00]
 [2.52790738e+01 4.41747002e-02 1.18059148e-02 3.53629760e+02
  1.94991832e+00 9.36828211e+00]]"
10,11,"[[-307.91346795  218.54166942  405.17406461  424.68024092  472.65164188
  -301.81023538]
 [-307.91346795  218.54166942  405.17406461  424.68024092  472.65164188
  -301.81023538]
 [-307.91346795  218.75245247  404.87018326  423.65192466  472.65164188
  -301.81023538]
 [-307.91346795  219.2684289   405.17406461  424.68024092  472.65164188
  -301.81023538]
 [-307.91346795  219.73202932  405.17406461  424.68024092  472.65164188
  -301.81023538]
 [-307.91346795  218.75245247  404.87018326  428.84465153  472.65164188
  -301.81023538]
 [-308.67144018  219.01278947  404.87018326  420.04119723  472.65164188
  -310.47518308]
 [-312.54046063  219.73202932  405.17406461  424.68024092  472.65164188
  -301.81023538]
 [-308.67144018  219.01278947  402.12586462  420.04119723  472.65164188
  -301.81023538]
 [-293.82869106  219.2684289   405.13015342  420.04119723  472.65164188
  -310.47518308]
 [-293.82869106  218.75245247  402.04492847  424.68024092  472.65164188
  -301.81023538]
 [-312.54046063  219.73202932  403.61610907  424.68024092  472.65164188
  -301.81023538]
 [-293.82869106  218.54166942  404.87018326  428.84465153  472.65164188
  -310.47518308]
 [-293.82869106  219.2684289   403.55197625  420.04119723  472.65164188
  -310.47518308]
 [-308.67144018  219.01278947  402.04492847  420.04119723  472.70728094
  -310.47518308]
 [-293.82869106  218.75245247  403.61610907  414.58275113  472.65164188
  -310.47518308]
 [-293.82869106  218.54166942  402.04492847  420.04119723  472.65164188
  -310.47518308]
 [-293.82869106  218.54166942  402.04492847  420.04119723  472.65164188
  -310.47518308]
 [-293.82869106  218.75245247  402.04492847  420.04119723  472.65164188
  -310.47518308]
 [-312.54046063  219.73202932  402.07602977  424.68024092  472.65164188
  -301.81023538]]","[-1694.39398896 -1694.39398896 -1693.26938123 -1691.67995422
 -1689.88584536 -1686.35186572 -1684.05341647 -1680.88380846
 -1680.38872742 -1679.40138853 -1674.66634346 -1674.61064367
 -1673.38629383 -1673.02749932 -1671.51038098 -1670.22266936
 -1669.13358733 -1669.13358733 -1668.35888323 -1667.87416532]","[[3.19093558e+01 3.67907769e-02 9.16924856e-03 5.58822020e+02
  2.03796324e+00 1.09515007e+01]
 [3.06617091e+01 3.58678819e-02 8.68580147e-03 4.99373912e+02
  2.03199166e+00 1.07237853e+01]
 [3.74145798e+01 3.06509808e-02 7.05870531e-03 7.23121667e+02
  2.11289920e+00 1.22814537e+01]
 [3.54325014e+01 3.05705761e-02 6.87354154e-03 6.41003126e+02
  2.09704202e+00 1.18776318e+01]
 [4.17539853e+01 2.57866599e-02 5.38107056e-03 8.52915311e+02
  2.17196434e+00 1.33294475e+01]
 [2.48928788e+01 4.84512786e-02 1.38488620e-02 3.55298398e+02
  1.93313109e+00 9.21049529e+00]
 [3.40196932e+01 3.47037628e-02 8.47955333e-03 6.23166718e+02
  2.06569303e+00 1.14553539e+01]
 [4.08900733e+01 2.63478223e-02 5.54746780e-03 8.22937206e+02
  2.16219524e+00 1.31342591e+01]
 [3.69018539e+01 3.00008129e-02 6.75462863e-03 6.95090183e+02
  2.11196229e+00 1.21986134e+01]
 [3.43783145e+01 3.13831962e-02 7.12492812e-03 6.06318543e+02
  2.08436041e+00 1.16339691e+01]
 [3.36047475e+01 3.27760858e-02 7.64789329e-03 5.87470734e+02
  2.07150218e+00 1.14320048e+01]
 [3.58276350e+01 3.22158441e-02 7.57871564e-03 6.74237326e+02
  2.09217202e+00 1.19036676e+01]
 [3.72441171e+01 3.11848476e-02 7.27018059e-03 7.20876973e+02
  2.10904754e+00 1.22302925e+01]
 [4.49916682e+01 2.34550227e-02 4.67104933e-03 9.61874693e+02
  2.20993616e+00 1.40707591e+01]
 [4.07343442e+01 2.64919758e-02 5.59371879e-03 8.18170981e+02
  2.16017839e+00 1.30972300e+01]
 [3.75095142e+01 3.10396130e-02 7.22932975e-03 7.30489085e+02
  2.11188704e+00 1.22890903e+01]
 [3.46325690e+01 3.25859257e-02 7.64288636e-03 6.28480875e+02
  2.08067940e+00 1.16474142e+01]
 [4.05425947e+01 2.83204248e-02 6.34328393e-03 8.27235162e+02
  2.15004838e+00 1.30009966e+01]
 [2.09354176e+01 5.46266662e-02 1.60735100e-02 2.57539091e+02
  1.87009664e+00 8.19108926e+00]
 [2.99012484e+01 3.54510335e-02 8.46303549e-03 4.62951415e+02
  2.02802051e+00 1.05837015e+01]]"
11,12,"[[-307.91346795  218.54166942  405.17406461  420.04119723  472.65164188
  -301.81023538]
 [-307.91346795  218.54166942  405.17406461  424.68024092  472.65164188
  -301.81023538]
 [-307.91346795  218.54166942  405.17406461  424.68024092  472.65164188
  -301.81023538]
 [-307.91346795  218.54166942  405.17406461  424.68024092  472.65164188
  -301.81023538]
 [-307.91346795  218.54166942  405.17406461  424.68024092  472.65164188
  -301.81023538]
 [-307.91346795  218.54166942  405.17406461  424.68024092  472.65164188
  -301.81023538]
 [-307.91346795  218.54166942  405.17406461  424.68024092  472.65164188
  -301.81023538]
 [-307.91346795  218.75245247  404.87018326  423.65192466  472.65164188
  -301.81023538]
 [-307.91346795  218.75245247  404.87018326  423.65192466  472.65164188
  -301.81023538]
 [-307.91346795  218.75245247  404.87018326  423.65192466  472.65164188
  -301.81023538]
 [-307.91346795  219.01278947  404.87018326  420.04119723  472.65164188
  -301.81023538]
 [-307.91346795  219.01278947  405.17406461  424.68024092  472.65164188
  -301.81023538]
 [-307.91346795  218.75245247  404.87018326  424.68024092  472.65164188
  -301.81023538]
 [-307.91346795  219.2684289   405.17406461  424.68024092  472.65164188
  -301.81023538]
 [-307.91346795  219.2684289   405.17406461  424.68024092  472.65164188
  -301.81023538]
 [-307.91346795  219.2684289   405.17406461  424.68024092  472.65164188
  -301.81023538]
 [-307.91346795  219.2684289   405.17406461  424.68024092  472.65164188
  -301.81023538]
 [-308.67144018  219.01278947  405.17406461  424.68024092  472.65164188
  -301.81023538]
 [-307.91346795  219.73202932  405.17406461  420.04119723  472.70728094
  -301.81023538]
 [-293.82869106  218.54166942  405.17406461  420.04119723  472.65164188
  -301.81023538]]","[-1696.02495375 -1694.39398896 -1694.39398896 -1694.39398896
 -1694.39398896 -1694.39398896 -1694.39398896 -1693.26938123
 -1693.26938123 -1693.26938123 -1693.09902948 -1692.64839038
 -1692.43895917 -1691.67995422 -1691.67995422 -1691.67995422
 -1691.67995422 -1691.54120239 -1690.94453939 -1690.22310277]","[[4.58838307e+01 2.43220085e-02 4.99672596e-03 1.03899518e+03
  2.20840688e+00 1.41764884e+01]
 [3.19093558e+01 3.67907769e-02 9.16924856e-03 5.58822020e+02
  2.03796324e+00 1.09515007e+01]
 [5.44403243e+01 2.12965284e-02 4.19637891e-03 1.42840274e+03
  2.28340140e+00 1.59259407e+01]
 [3.06617091e+01 3.58678819e-02 8.68580147e-03 4.99373912e+02
  2.03199166e+00 1.07237853e+01]
 [4.62526604e+01 2.66317499e-02 5.92489231e-03 1.09659658e+03
  2.19756932e+00 1.41480151e+01]
 [5.78699051e+01 1.98541955e-02 3.79792359e-03 1.57648772e+03
  2.31538623e+00 1.66432783e+01]
 [5.21159426e+01 2.14122042e-02 4.16679304e-03 1.30213933e+03
  2.26845052e+00 1.54946785e+01]
 [4.39987513e+01 2.68782685e-02 5.94365887e-03 9.77824764e+02
  2.18206870e+00 1.37217800e+01]
 [3.74145798e+01 3.06509808e-02 7.05870531e-03 7.23121667e+02
  2.11289920e+00 1.22814537e+01]
 [5.77433655e+01 2.00339351e-02 3.85785253e-03 1.57420519e+03
  2.31329423e+00 1.66095993e+01]
 [5.58739396e+01 1.94365883e-02 3.59116774e-03 1.45334551e+03
  2.30648308e+00 1.63047691e+01]
 [5.39255565e+01 2.13057181e-02 4.18360446e-03 1.40020189e+03
  2.28018739e+00 1.58311285e+01]
 [5.37832152e+01 2.19213111e-02 4.39602003e-03 1.40941884e+03
  2.27468535e+00 1.57677786e+01]
 [3.54325014e+01 3.05705761e-02 6.87354154e-03 6.41003126e+02
  2.09704202e+00 1.18776318e+01]
 [5.12483818e+01 2.13272348e-02 4.11515775e-03 1.24917949e+03
  2.26411177e+00 1.53445875e+01]
 [6.36369421e+01 1.68159036e-02 2.90888198e-03 1.81004792e+03
  2.37359312e+00 1.78845167e+01]
 [5.29993917e+01 2.09950025e-02 4.04660278e-03 1.33975180e+03
  2.27694397e+00 1.56812248e+01]
 [4.92072886e+01 2.29524696e-02 4.61752632e-03 1.18477873e+03
  2.23900745e+00 1.48678730e+01]
 [4.99705205e+01 2.22548929e-02 4.39862953e-03 1.20606406e+03
  2.24910776e+00 1.50519881e+01]
 [5.91074148e+01 1.88675840e-02 3.48958547e-03 1.61716063e+03
  2.33041387e+00 1.69301120e+01]]"
12,13,"[[-307.91346795  218.54166942  405.17406461  420.04119723  472.65164188
  -301.81023538]
 [-307.91346795  218.54166942  405.17406461  420.04119723  472.65164188
  -301.81023538]
 [-307.91346795  218.54166942  405.17406461  420.04119723  472.65164188
  -301.81023538]
 [-307.91346795  218.54166942  405.17406461  420.04119723  472.65164188
  -301.81023538]
 [-307.91346795  218.54166942  405.17406461  420.04119723  472.65164188
  -301.81023538]
 [-307.91346795  218.54166942  405.17406461  420.04119723  472.65164188
  -301.81023538]
 [-307.91346795  218.54166942  405.17406461  420.04119723  472.65164188
  -301.81023538]
 [-307.91346795  218.54166942  405.17406461  420.04119723  472.65164188
  -301.81023538]
 [-307.91346795  218.75245247  405.17406461  420.04119723  472.65164188
  -301.81023538]
 [-307.91346795  218.54166942  405.17406461  423.65192466  472.65164188
  -301.81023538]
 [-307.91346795  218.54166942  405.17406461  423.65192466  472.65164188
  -301.81023538]
 [-307.91346795  218.54166942  404.87018326  420.04119723  472.65164188
  -301.81023538]
 [-307.91346795  218.54166942  404.87018326  420.04119723  472.65164188
  -301.81023538]
 [-307.91346795  218.54166942  404.87018326  420.04119723  472.65164188
  -301.81023538]
 [-307.91346795  218.75245247  405.17406461  420.04119723  472.70728094
  -301.81023538]
 [-307.91346795  218.75245247  405.17406461  423.65192466  472.65164188
  -301.81023538]
 [-307.91346795  218.75245247  405.17406461  423.65192466  472.65164188
  -301.81023538]
 [-307.91346795  218.75245247  405.17406461  423.65192466  472.65164188
  -301.81023538]
 [-307.91346795  218.54166942  405.17406461  424.68024092  472.65164188
  -301.81023538]
 [-307.91346795  218.54166942  405.17406461  424.68024092  472.65164188
  -301.81023538]]","[-1696.02495375 -1696.02495375 -1696.02495375 -1696.02495375
 -1696.02495375 -1696.02495375 -1696.02495375 -1696.02495375
 -1695.25024964 -1695.22441101 -1695.22441101 -1694.84462806
 -1694.84462806 -1694.84462806 -1694.67797888 -1694.44970691
 -1694.44970691 -1694.44970691 -1694.39398896 -1694.39398896]","[[6.03635066e+01 1.84809587e-02 3.36385653e-03 1.70831428e+03
  2.33847048e+00 1.71512638e+01]
 [4.58838307e+01 2.43220085e-02 4.99672596e-03 1.03899518e+03
  2.20840688e+00 1.41764884e+01]
 [7.55377878e+01 1.47324238e-02 2.43368082e-03 2.53434850e+03
  2.45222673e+00 2.00656205e+01]
 [7.50135188e+01 1.59809114e-02 2.82466537e-03 2.57586555e+03
  2.43680278e+00 1.98580689e+01]
 [6.33971767e+01 1.77850126e-02 3.19436493e-03 1.87819906e+03
  2.36057684e+00 1.77275998e+01]
 [8.38020372e+01 1.37325996e-02 2.23466283e-03 3.07759175e+03
  2.50122318e+00 2.15248162e+01]
 [8.16457318e+01 1.38933634e-02 2.25708174e-03 2.92714562e+03
  2.48967464e+00 2.11562152e+01]
 [5.68220070e+01 2.02644289e-02 3.87742393e-03 1.56429794e+03
  2.30313889e+00 1.63916939e+01]
 [8.29537396e+01 1.30876251e-02 2.03536661e-03 2.95568261e+03
  2.50549604e+00 2.14666543e+01]
 [6.83956290e+01 1.71548545e-02 3.09502350e-03 2.17158665e+03
  2.39307109e+00 1.86458429e+01]
 [7.80737098e+01 1.43534477e-02 2.35174527e-03 2.69403607e+03
  2.46820011e+00 2.05227781e+01]
 [8.29890615e+01 1.38575122e-02 2.26184585e-03 3.02686100e+03
  2.49604942e+00 2.13776981e+01]
 [6.28306073e+01 1.80198692e-02 3.25639701e-03 1.85655497e+03
  2.35509094e+00 1.76063979e+01]
 [7.07324775e+01 1.70038282e-02 3.07660649e-03 2.33836875e+03
  2.40518817e+00 1.90409695e+01]
 [5.77481719e+01 2.05751445e-02 4.01442561e-03 1.62474803e+03
  2.30638231e+00 1.65415975e+01]
 [8.67417733e+01 1.30971673e-02 2.08215419e-03 3.24515553e+03
  2.52219328e+00 2.20789814e+01]
 [9.44791501e+01 1.13229873e-02 1.64866742e-03 3.68111168e+03
  2.57839661e+00 2.35465302e+01]
 [7.67303802e+01 1.43892989e-02 2.34698116e-03 2.59432069e+03
  2.46182532e+00 2.03012952e+01]
 [7.43652388e+01 1.61393451e-02 2.86459702e-03 2.53888140e+03
  2.43205810e+00 1.97350820e+01]
 [8.68357073e+01 1.30366535e-02 2.06517123e-03 3.24747653e+03
  2.52332954e+00 2.21011521e+01]]"
13,14,"[[-307.91346795  218.54166942  405.17406461  420.04119723  472.65164188
  -301.81023538]
 [-307.91346795  218.54166942  405.17406461  420.04119723  472.65164188
  -301.81023538]
 [-307.91346795  218.54166942  405.17406461  420.04119723  472.65164188
  -301.81023538]
 [-307.91346795  218.54166942  405.17406461  420.04119723  472.65164188
  -301.81023538]
 [-307.91346795  218.54166942  405.17406461  420.04119723  472.65164188
  -301.81023538]
 [-307.91346795  218.54166942  405.17406461  420.04119723  472.65164188
  -301.81023538]
 [-307.91346795  218.54166942  405.17406461  420.04119723  472.65164188
  -301.81023538]
 [-307.91346795  218.54166942  405.17406461  420.04119723  472.65164188
  -301.81023538]
 [-307.91346795  218.54166942  405.17406461  420.04119723  472.65164188
  -301.81023538]
 [-307.91346795  218.54166942  405.17406461  420.04119723  472.65164188
  -301.81023538]
 [-307.91346795  218.54166942  405.17406461  420.04119723  472.65164188
  -301.81023538]
 [-307.91346795  218.54166942  405.17406461  420.04119723  472.65164188
  -301.81023538]
 [-307.91346795  218.54166942  405.17406461  420.04119723  472.65164188
  -301.81023538]
 [-307.91346795  218.54166942  405.17406461  420.04119723  472.65164188
  -301.81023538]
 [-307.91346795  218.54166942  405.17406461  420.04119723  472.65164188
  -301.81023538]
 [-307.91346795  218.54166942  405.17406461  420.04119723  472.65164188
  -301.81023538]
 [-307.91346795  218.54166942  405.17406461  420.04119723  472.65164188
  -301.81023538]
 [-307.91346795  218.54166942  405.17406461  420.04119723  472.65164188
  -301.81023538]
 [-307.91346795  218.54166942  405.17406461  420.04119723  472.65164188
  -301.81023538]
 [-307.91346795  218.54166942  405.17406461  420.04119723  472.65164188
  -301.81023538]]","[-1696.02495375 -1696.02495375 -1696.02495375 -1696.02495375
 -1696.02495375 -1696.02495375 -1696.02495375 -1696.02495375
 -1696.02495375 -1696.02495375 -1696.02495375 -1696.02495375
 -1696.02495375 -1696.02495375 -1696.02495375 -1696.02495375
 -1696.02495375 -1696.02495375 -1696.02495375 -1696.02495375]","[[9.91398677e+01 1.16670423e-02 1.76390344e-03 4.22871115e+03
  2.58805259e+00 2.41547644e+01]
 [1.03135513e+02 1.09478065e-02 1.59490411e-03 4.48691999e+03
  2.61403615e+00 2.48790397e+01]
 [8.16457318e+01 1.38933634e-02 2.25708174e-03 2.92714562e+03
  2.48967464e+00 2.11562152e+01]
 [1.13033143e+02 9.80455475e-03 1.35476821e-03 5.21511168e+03
  2.66902847e+00 2.65732872e+01]
 [1.25969974e+02 8.81576390e-03 1.16684390e-03 6.30535178e+03
  2.73074965e+00 2.86658187e+01]
 [5.68220070e+01 2.02644289e-02 3.87742393e-03 1.56429794e+03
  2.30313889e+00 1.63916939e+01]
 [1.04195572e+02 1.20007775e-02 1.88320524e-03 4.79966313e+03
  2.59991442e+00 2.48328264e+01]
 [1.31739877e+02 8.47764364e-03 1.10818106e-03 6.82103395e+03
  2.75614519e+00 2.95733375e+01]
 [8.38020372e+01 1.37325996e-02 2.23466283e-03 3.07759175e+03
  2.50122318e+00 2.15248162e+01]
 [6.03635066e+01 1.84809587e-02 3.36385653e-03 1.70831428e+03
  2.33847048e+00 1.71512638e+01]
 [1.13002821e+02 1.07393022e-02 1.60483599e-03 5.39528870e+03
  2.65312900e+00 2.63897628e+01]
 [1.12315302e+02 1.06346920e-02 1.56601175e-03 5.33381974e+03
  2.65136736e+00 2.62910822e+01]
 [1.26065924e+02 9.05459214e-03 1.22621202e-03 6.38008998e+03
  2.72623594e+00 2.86218542e+01]
 [1.12377311e+02 1.04410873e-02 1.51805677e-03 5.28606623e+03
  2.65548709e+00 2.63472458e+01]
 [1.17652925e+02 9.36631379e-03 1.26646129e-03 5.58256426e+03
  2.69274787e+00 2.73404358e+01]
 [1.06388610e+02 1.06283516e-02 1.53005920e-03 4.74260743e+03
  2.63096206e+00 2.54219331e+01]
 [1.04597422e+02 1.08992851e-02 1.58926376e-03 4.62729016e+03
  2.61973234e+00 2.51001972e+01]
 [1.20165131e+02 9.45586878e-03 1.29971956e-03 5.86890722e+03
  2.69910291e+00 2.76796674e+01]
 [9.56661408e+01 1.28540886e-02 2.05697084e-03 4.13438521e+03
  2.55518819e+00 2.34050979e+01]
 [1.26599690e+02 9.03291066e-03 1.22332147e-03 6.42931567e+03
  2.72842888e+00 2.87041063e+01]]"
