,population,best_x,best_energy
0,1,"[239.76068727 -98.49921828 194.44064235 -91.83648275 211.25759406
 -57.69078614]",-444.73930361014584
1,2,"[ -15.01006992 -281.39210703  238.72928043  426.11392249 -203.70727715
  432.07013722]",-934.4033885162364
2,3,"[-300.79093884 -341.50516154 -309.9850389   428.59261225 -478.42092893
 -295.83786614]",-1367.153746530456
3,4,"[ 386.89032058  222.88148851 -309.55386215  426.10948292  215.10573986
  431.90311284]",-1738.9390070011275
4,5,"[-303.31252573 -283.33323902 -309.47709919  427.89026166  212.21718929
  431.58145795]",-1861.0560638919242
5,6,"[-302.65372422 -284.04487986 -310.18109833  423.73217693  205.19431041
  431.8424637 ]",-1876.1324339779082
6,7,"[-301.12767407 -285.04056448 -310.21012299  423.74555499  205.65095852
  432.07421786]",-1879.2584282960238
7,8,"[-301.97679497 -285.89140574 -310.19154356  423.55135144  201.20618429
  431.51902257]",-1884.1850469241558
8,9,"[ 394.52380895 -284.98573065 -309.62769457  423.61398264  206.44274528
  431.93791295]",-1914.5742141564363
9,10,"[ 397.7832466  -285.08533566 -309.62379854  423.41131483  201.97981811
  432.06235611]",-1934.0904649467582
10,11,"[ 401.85526237 -285.16831033 -309.63517673  423.32285436  203.43552421
  432.06673991]",-1955.3476504372713
11,12,"[ 404.62387139 -287.43227498 -309.63373139  423.76025079  203.72739259
  431.51858222]",-1977.2743550380894
12,13,"[ 405.33658667 -288.23772561 -309.63129368  423.09355907  202.72207632
  431.62114547]",-1982.9142803122227
13,14,"[ 414.23712536 -287.91311045 -309.61416341  424.27451802  198.82246331
  431.58233084]",-2002.6755466998281
14,15,"[ 414.55409434 -288.23883129 -309.63791863  423.20355973  202.37135277
  431.60494419]",-2007.8764636019387
15,16,"[ 418.66465943 -288.46641197 -309.63784047  423.26929333  206.57903305
  431.6045524 ]",-2012.413567017175
16,17,"[ 419.96928107 -288.81603079 -309.63226877  421.29074143  205.37892143
  431.58146666]",-2015.5289603703372
17,18,"[ 419.96928107 -288.81603079 -309.63226877  421.29074143  205.37892143
  431.58146666]",-2015.5289603703372
18,19,"[ 422.5297819  -288.95781011 -309.6377645   421.40001699  201.68127643
  431.58163276]",-2015.5319078204143
19,20,"[ 419.42365718 -288.92311874 -309.63777602  421.62231822  204.52509921
  431.58167626]",-2015.9071022286294
20,21,"[ 422.80947407 -289.29675558 -309.6379088   421.0989423   203.32316177
  431.65482135]",-2016.893736947511
21,22,"[ 422.80947407 -289.29675558 -309.6379088   421.0989423   203.32316177
  431.65482135]",-2016.893736947511
22,23,"[ 420.34509212 -289.17088689 -309.63792877  421.67926303  203.1473228
  431.58138447]",-2016.9725764549821
23,24,"[ 418.58063416 -289.46910936 -309.63767772  421.15762425  204.21784794
  431.61668379]",-2017.2666032600114
24,25,"[ 420.14048645 -289.38310196 -309.63771456  419.88916843  202.75803568
  431.61678774]",-2017.3592692480643
25,26,"[ 421.27580882 -289.45476612 -309.63770799  421.32769126  203.04747059
  431.61679203]",-2017.8614364044913
26,27,"[ 421.0157452  -289.54396012 -309.63789778  420.80664596  203.41965318
  431.65477479]",-2018.12314439726
27,28,"[ 421.0157452  -289.54396012 -309.63789778  420.80664596  203.41965318
  431.65477479]",-2018.12314439726
28,29,"[ 421.0157452  -289.54396012 -309.63789778  420.80664596  203.41965318
  431.65477479]",-2018.12314439726
29,30,"[ 419.44594255 -289.68235264 -309.63789976  420.07361422  202.81835669
  431.58411088]",-2018.2530609774462
30,31,"[ 419.44594255 -289.68235264 -309.63789976  420.07361422  202.81835669
  431.58411088]",-2018.2530609774462
31,32,"[ 420.67686936 -289.70847885 -309.63790066  420.1595192   205.31522202
  431.58413082]",-2018.4741015104953
32,33,"[ 421.4219616  -289.73444391 -309.63226463  421.6987024   205.248041
  431.58414094]",-2018.590938033038
33,34,"[ 421.4219616  -289.73444391 -309.63226463  421.6987024   205.248041
  431.58414094]",-2018.590938033038
34,35,"[ 421.0002288  -289.91481673 -309.6377046   419.56180805  203.96471098
  431.61679908]",-2019.157873131918
35,36,"[ 421.0002288  -289.91481673 -309.6377046   419.56180805  203.96471098
  431.61679908]",-2019.157873131918
36,37,"[ 421.0002288  -289.91481673 -309.6377046   419.56180805  203.96471098
  431.61679908]",-2019.157873131918
37,38,"[ 421.0002288  -289.91481673 -309.6377046   419.56180805  203.96471098
  431.61679908]",-2019.157873131918
38,39,"[ 421.0002288  -289.91481673 -309.6377046   419.56180805  203.96471098
  431.61679908]",-2019.157873131918
39,40,"[ 421.0002288  -289.91481673 -309.6377046   419.56180805  203.96471098
  431.61679908]",-2019.157873131918
40,41,"[ 422.37514103 -290.01766353 -309.63790071  419.63531372  202.99086602
  431.61679577]",-2019.1664923675028
41,42,"[ 422.37514103 -290.01766353 -309.63790071  419.63531372  202.99086602
  431.61679577]",-2019.1664923675028
42,43,"[ 422.37514103 -290.01766353 -309.63790071  419.63531372  202.99086602
  431.61679577]",-2019.1664923675028
43,44,"[ 422.37514103 -290.01766353 -309.63790071  419.63531372  202.99086602
  431.61679577]",-2019.1664923675028
44,45,"[ 422.37514103 -290.01766353 -309.63790071  419.63531372  202.99086602
  431.61679577]",-2019.1664923675028
45,46,"[ 422.37514103 -290.01766353 -309.63790071  419.63531372  202.99086602
  431.61679577]",-2019.1664923675028
46,47,"[ 419.81578029 -290.03995796 -309.63790048  419.63889504  202.36629051
  431.58414541]",-2019.2247096420672
47,48,"[ 419.81578029 -290.03995796 -309.63790048  419.63889504  202.36629051
  431.58414541]",-2019.2247096420672
48,49,"[ 421.35250152 -289.9140721  -309.63770431  420.14061719  203.94996354
  431.61679729]",-2019.3007661668557
49,50,"[ 421.35250152 -289.9140721  -309.63770431  420.14061719  203.94996354
  431.61679729]",-2019.3007661668557
50,51,"[ 421.35250152 -289.9140721  -309.63770431  420.14061719  203.94996354
  431.61679729]",-2019.3007661668557
51,52,"[ 421.35250152 -289.9140721  -309.63770431  420.14061719  203.94996354
  431.61679729]",-2019.3007661668557
52,53,"[ 421.35250152 -289.9140721  -309.63770431  420.14061719  203.94996354
  431.61679729]",-2019.3007661668557
53,54,"[ 421.35250152 -289.9140721  -309.63770431  420.14061719  203.94996354
  431.61679729]",-2019.3007661668557
54,55,"[ 421.35250152 -289.9140721  -309.63770431  420.14061719  203.94996354
  431.61679729]",-2019.3007661668557
55,56,"[ 421.35250152 -289.9140721  -309.63770431  420.14061719  203.94996354
  431.61679729]",-2019.3007661668557
56,57,"[ 421.35250152 -289.9140721  -309.63770431  420.14061719  203.94996354
  431.61679729]",-2019.3007661668557
57,58,"[ 419.55331562 -290.10359176 -309.63790066  419.81382078  203.70685597
  431.61679396]",-2019.5670531890958
58,59,"[ 419.55331562 -290.10359176 -309.63790066  419.81382078  203.70685597
  431.61679396]",-2019.5670531890958
59,60,"[ 419.55331562 -290.10359176 -309.63790066  419.81382078  203.70685597
  431.61679396]",-2019.5670531890958
60,61,"[ 419.55331562 -290.10359176 -309.63790066  419.81382078  203.70685597
  431.61679396]",-2019.5670531890958
61,62,"[ 419.55331562 -290.10359176 -309.63790066  419.81382078  203.70685597
  431.61679396]",-2019.5670531890958
62,63,"[ 419.55331562 -290.10359176 -309.63790066  419.81382078  203.70685597
  431.61679396]",-2019.5670531890958
63,64,"[ 419.12545821 -290.13730162 -309.6322643   421.78109134  203.11881491
  431.58410786]",-2019.616091276156
64,65,"[ 419.12545821 -290.13730162 -309.6322643   421.78109134  203.11881491
  431.58410786]",-2019.616091276156
65,66,"[ 419.12545821 -290.13730162 -309.6322643   421.78109134  203.11881491
  431.58410786]",-2019.616091276156
66,67,"[ 419.12545821 -290.13730162 -309.6322643   421.78109134  203.11881491
  431.58410786]",-2019.616091276156
67,68,"[ 420.8469791  -290.06580313 -309.63770457  422.00190626  204.53576297
  431.58410556]",-2019.7587264324447
68,69,"[ 420.8469791  -290.06580313 -309.63770457  422.00190626  204.53576297
  431.58410556]",-2019.7587264324447
69,70,"[ 420.8469791  -290.06580313 -309.63770457  422.00190626  204.53576297
  431.58410556]",-2019.7587264324447
70,71,"[ 420.26419124 -290.0836986  -309.63226429  421.83836414  204.63095487
  431.5841481 ]",-2019.7828967900707
71,72,"[ 420.26419124 -290.0836986  -309.63226429  421.83836414  204.63095487
  431.5841481 ]",-2019.7828967900707
72,73,"[ 420.26419124 -290.0836986  -309.63226429  421.83836414  204.63095487
  431.5841481 ]",-2019.7828967900707
73,74,"[ 420.26419124 -290.0836986  -309.63226429  421.83836414  204.63095487
  431.5841481 ]",-2019.7828967900707
74,75,"[ 420.26419124 -290.0836986  -309.63226429  421.83836414  204.63095487
  431.5841481 ]",-2019.7828967900707
75,76,"[ 420.26419124 -290.0836986  -309.63226429  421.83836414  204.63095487
  431.5841481 ]",-2019.7828967900707
76,77,"[ 420.72662604 -290.20931283 -309.63226472  420.31047196  204.23294128
  431.58410866]",-2020.323144865807
77,78,"[ 420.72662604 -290.20931283 -309.63226472  420.31047196  204.23294128
  431.58410866]",-2020.323144865807
78,79,"[ 420.72662604 -290.20931283 -309.63226472  420.31047196  204.23294128
  431.58410866]",-2020.323144865807
79,80,"[ 420.72662604 -290.20931283 -309.63226472  420.31047196  204.23294128
  431.58410866]",-2020.323144865807
80,81,"[ 420.72662604 -290.20931283 -309.63226472  420.31047196  204.23294128
  431.58410866]",-2020.323144865807
81,82,"[ 420.72662604 -290.20931283 -309.63226472  420.31047196  204.23294128
  431.58410866]",-2020.323144865807
82,83,"[ 420.72662604 -290.20931283 -309.63226472  420.31047196  204.23294128
  431.58410866]",-2020.323144865807
83,84,"[ 420.72662604 -290.20931283 -309.63226472  420.31047196  204.23294128
  431.58410866]",-2020.323144865807
84,85,"[ 420.72662604 -290.20931283 -309.63226472  420.31047196  204.23294128
  431.58410866]",-2020.323144865807
85,86,"[ 420.72662604 -290.20931283 -309.63226472  420.31047196  204.23294128
  431.58410866]",-2020.323144865807
86,87,"[ 420.72662604 -290.20931283 -309.63226472  420.31047196  204.23294128
  431.58410866]",-2020.323144865807
87,88,"[ 420.72662604 -290.20931283 -309.63226472  420.31047196  204.23294128
  431.58410866]",-2020.323144865807
88,89,"[ 420.72662604 -290.20931283 -309.63226472  420.31047196  204.23294128
  431.58410866]",-2020.323144865807
89,90,"[ 420.72662604 -290.20931283 -309.63226472  420.31047196  204.23294128
  431.58410866]",-2020.323144865807
90,91,"[ 420.72662604 -290.20931283 -309.63226472  420.31047196  204.23294128
  431.58410866]",-2020.323144865807
91,92,"[ 420.72662604 -290.20931283 -309.63226472  420.31047196  204.23294128
  431.58410866]",-2020.323144865807
92,93,"[ 420.72662604 -290.20931283 -309.63226472  420.31047196  204.23294128
  431.58410866]",-2020.323144865807
93,94,"[ 420.72662604 -290.20931283 -309.63226472  420.31047196  204.23294128
  431.58410866]",-2020.323144865807
94,95,"[ 420.72662604 -290.20931283 -309.63226472  420.31047196  204.23294128
  431.58410866]",-2020.323144865807
95,96,"[ 420.72662604 -290.20931283 -309.63226472  420.31047196  204.23294128
  431.58410866]",-2020.323144865807
96,97,"[ 420.72662604 -290.20931283 -309.63226472  420.31047196  204.23294128
  431.58410866]",-2020.323144865807
97,98,"[ 420.72662604 -290.20931283 -309.63226472  420.31047196  204.23294128
  431.58410866]",-2020.323144865807
98,99,"[ 420.72662604 -290.20931283 -309.63226472  420.31047196  204.23294128
  431.58410866]",-2020.323144865807
99,100,"[ 420.72662604 -290.20931283 -309.63226472  420.31047196  204.23294128
  431.58410866]",-2020.323144865807
100,101,"[ 420.72662604 -290.20931283 -309.63226472  420.31047196  204.23294128
  431.58410866]",-2020.323144865807
101,102,"[ 420.72662604 -290.20931283 -309.63226472  420.31047196  204.23294128
  431.58410866]",-2020.323144865807
102,103,"[ 420.72662604 -290.20931283 -309.63226472  420.31047196  204.23294128
  431.58410866]",-2020.323144865807
103,104,"[ 420.72662604 -290.20931283 -309.63226472  420.31047196  204.23294128
  431.58410866]",-2020.323144865807
104,105,"[ 420.39045914 -290.36145114 -309.6322645   420.37982164  204.68363617
  431.58410876]",-2020.6823027149264
105,106,"[ 420.39045914 -290.36145114 -309.6322645   420.37982164  204.68363617
  431.58410876]",-2020.6823027149264
106,107,"[ 420.39045914 -290.36145114 -309.6322645   420.37982164  204.68363617
  431.58410876]",-2020.6823027149264
107,108,"[ 420.39045914 -290.36145114 -309.6322645   420.37982164  204.68363617
  431.58410876]",-2020.6823027149264
