,population,parents,parents_energy,parents_sigma
0,1,"[[-114.63864221  413.61033095  183.37503385 -307.3630145  -220.28931733
  -111.01360012]
 [ 107.04678483  456.47368077  160.68598772  199.88227113  432.32074816
  -104.9209615 ]
 [-475.71890091   87.66395153  -51.7748344   -26.2438158   458.78084288
   -22.83171447]
 [ 472.10347077  -97.36487938  -60.37562019 -235.56307541  259.57099816
  -263.23834794]
 [-447.66533255  213.06153657 -181.09340187  -97.74026744   35.52206457
    39.61032501]]",[-903.19831803 -878.98973567 -174.40813177  -49.58292248  248.4384528 ],"[[1. 1. 1. 1. 1. 1.]
 [1. 1. 1. 1. 1. 1.]
 [1. 1. 1. 1. 1. 1.]
 [1. 1. 1. 1. 1. 1.]
 [1. 1. 1. 1. 1. 1.]]"
1,2,"[[ 108.62568225  415.39721107  182.36761171 -307.91916156  437.87868787
  -104.61961517]
 [-117.68981711  416.01950485  181.36814465 -305.59433403 -221.40247401
  -110.53610303]
 [-112.51567572  410.89041494  178.88933815 -306.9749148  -220.65712525
  -104.58983617]
 [ 106.86044947  454.37175014  161.83804955  201.33399735  432.0418264
    39.51215049]
 [-117.91324443   88.95322812  -51.70594496 -306.36216808  453.98732453
  -111.07223816]]","[-1226.21802974  -908.65588999  -846.75982283  -829.17706941
  -760.78169953]","[[1.6609096  1.6522719  1.77847646 1.14371302 3.17306406 0.53130195]
 [1.6609096  1.6522719  1.77847646 1.14371302 3.17306406 0.53130195]
 [1.6609096  1.6522719  1.77847646 1.14371302 3.17306406 0.53130195]
 [1.6609096  1.6522719  1.77847646 1.14371302 3.17306406 0.53130195]
 [1.6609096  1.6522719  1.77847646 1.14371302 3.17306406 0.53130195]]"
2,3,"[[-114.82404393  407.25253488  176.53573049 -307.0337699   440.23143531
  -104.48020346]
 [-113.0465665   408.77073636  180.69030703  202.61901007  421.05128879
    39.7598053 ]
 [ 109.8491984   418.87554893  184.01455468 -306.58528396  429.18262014
  -104.79542697]
 [ 111.30945479  417.36000314  179.21865488 -307.41467766  428.0542898
  -110.69400452]
 [ 111.3345192   413.91581234  181.96551631 -308.74414241  426.81835215
  -104.42898348]]","[-1367.74893267 -1266.41257756 -1262.52394069 -1256.65625118
 -1242.11470447]","[[ 2.75862069  2.73000242  3.16297853  1.30807946 10.06833555  0.28228177]
 [ 2.75862069  2.73000242  3.16297853  1.30807946 10.06833555  0.28228177]
 [ 2.75862069  2.73000242  3.16297853  1.30807946 10.06833555  0.28228177]
 [ 2.75862069  2.73000242  3.16297853  1.30807946 10.06833555  0.28228177]
 [ 2.75862069  2.73000242  3.16297853  1.30807946 10.06833555  0.28228177]]"
3,4,"[[-113.38914004  420.97542428  183.1197738  -308.6483681   426.43584883
  -104.59517353]
 [-118.27505859  406.02190098  179.96176769 -309.43073895  419.63086079
  -104.4751298 ]
 [-114.08360425  420.19908036  172.51254369 -308.73463337  423.71411604
  -104.43484402]
 [-112.92282019  415.27627667  183.62557353 -306.02667155  412.03343406
    39.75753352]
 [-112.04019176  419.02357601  178.45184668 -308.83616294  449.01452627
  -110.48793872]]","[-1462.43423719 -1431.6845302  -1408.40994412 -1382.0415203
 -1364.02808616]","[[ 4.58181957  4.51070627  5.62528288  1.49606751 31.9474737   0.14997685]
 [ 4.58181957  4.51070627  5.62528288  1.49606751 31.9474737   0.14997685]
 [ 4.58181957  4.51070627  5.62528288  1.49606751 31.9474737   0.14997685]
 [ 4.58181957  4.51070627  5.62528288  1.49606751 31.9474737   0.14997685]
 [ 4.58181957  4.51070627  5.62528288  1.49606751 31.9474737   0.14997685]]"
4,5,"[[-114.08360425  420.19908036  179.96176769 -308.73463337  419.63086079
  -104.4751298 ]
 [-113.94079493  422.58970605  178.12094135 -310.265958    427.00516093
  -104.53769549]
 [-112.92282019  415.27627667  183.62557353 -308.73463337  423.71411604
    39.75753352]
 [-112.92282019  415.27627667  183.62557353 -308.6483681   426.43584883
    39.75753352]
 [-112.92282019  415.27627667  183.62557353 -306.02667155  412.03343406
    39.75753352]]","[-1451.53822863 -1434.30871278 -1387.75723006 -1385.06980106
 -1382.0415203 ]","[[7.60998810e+00 7.45291321e+00 1.00044332e+01 1.71107188e+00
  1.01371381e+02 7.96829949e-02]
 [7.60998810e+00 7.45291321e+00 1.00044332e+01 1.71107188e+00
  1.01371381e+02 7.96829949e-02]
 [7.60998810e+00 7.45291321e+00 1.00044332e+01 1.71107188e+00
  1.01371381e+02 7.96829949e-02]
 [7.60998810e+00 7.45291321e+00 1.00044332e+01 1.71107188e+00
  1.01371381e+02 7.96829949e-02]
 [7.60998810e+00 7.45291321e+00 1.00044332e+01 1.71107188e+00
  1.01371381e+02 7.96829949e-02]]"
5,6,"[[-114.08360425  420.19908036  183.62557353 -306.02667155  419.63086079
  -104.4751298 ]
 [-112.92282019  415.27627667  183.62557353 -308.73463337  419.63086079
  -104.4751298 ]
 [-114.08360425  415.27627667  183.62557353 -308.73463337  426.43584883
  -104.4751298 ]
 [-114.08360425  420.19908036  179.96176769 -308.73463337  419.63086079
  -104.4751298 ]
 [-114.08360425  415.27627667  179.96176769 -308.73463337  423.71411604
  -104.4751298 ]]","[-1472.79060955 -1462.29458252 -1461.91215458 -1451.53822863
 -1446.81373794]","[[1.26395023e+01 1.23142390e+01 1.77926490e+01 1.95697519e+00
  3.21657885e+02 4.23357308e-02]
 [1.26395023e+01 1.23142390e+01 1.77926490e+01 1.95697519e+00
  3.21657885e+02 4.23357308e-02]
 [1.26395023e+01 1.23142390e+01 1.77926490e+01 1.95697519e+00
  3.21657885e+02 4.23357308e-02]
 [1.26395023e+01 1.23142390e+01 1.77926490e+01 1.95697519e+00
  3.21657885e+02 4.23357308e-02]
 [1.26395023e+01 1.23142390e+01 1.77926490e+01 1.95697519e+00
  3.21657885e+02 4.23357308e-02]]"
6,7,"[[-107.11889668  421.11560875  217.51348547 -305.45099026  421.22283213
  -104.51186851]
 [-114.08360425  420.19908036  183.62557353 -306.02667155  419.63086079
  -104.4751298 ]
 [-114.08360425  420.19908036  183.62557353 -308.73463337  419.63086079
  -104.4751298 ]
 [-114.08360425  420.19908036  183.62557353 -308.73463337  419.63086079
  -104.4751298 ]
 [-114.08360425  415.27627667  183.62557353 -306.02667155  419.63086079
  -104.4751298 ]]","[-1475.95327546 -1472.79060955 -1469.45875753 -1469.45875753
 -1468.79209168]","[[2.09930706e+01 2.03464711e+01 3.16438075e+01 2.23821799e+00
  1.02064108e+03 2.24930564e-02]
 [2.09930706e+01 2.03464711e+01 3.16438075e+01 2.23821799e+00
  1.02064108e+03 2.24930564e-02]
 [2.09930706e+01 2.03464711e+01 3.16438075e+01 2.23821799e+00
  1.02064108e+03 2.24930564e-02]
 [2.09930706e+01 2.03464711e+01 3.16438075e+01 2.23821799e+00
  1.02064108e+03 2.24930564e-02]
 [2.09930706e+01 2.03464711e+01 3.16438075e+01 2.23821799e+00
  1.02064108e+03 2.24930564e-02]]"
7,8,"[[-114.08360425  420.19908036  217.51348547 -305.45099026  421.22283213
  -104.4751298 ]
 [-114.08360425  421.11560875  217.51348547 -306.02667155  421.22283213
  -104.4751298 ]
 [-107.11889668  421.11560875  217.51348547 -305.45099026  421.22283213
  -104.51186851]
 [-114.08360425  421.11560875  183.62557353 -305.45099026  419.63086079
  -104.51186851]
 [-114.08360425  420.19908036  183.62557353 -306.02667155  419.63086079
  -104.4751298 ]]","[-1498.65840179 -1498.26125988 -1475.95327546 -1473.48921704
 -1472.79060955]","[[3.48675924e+01 3.36179024e+01 5.62777668e+01 2.55987905e+00
  3.23855952e+03 1.19506048e-02]
 [3.48675924e+01 3.36179024e+01 5.62777668e+01 2.55987905e+00
  3.23855952e+03 1.19506048e-02]
 [3.48675924e+01 3.36179024e+01 5.62777668e+01 2.55987905e+00
  3.23855952e+03 1.19506048e-02]
 [3.48675924e+01 3.36179024e+01 5.62777668e+01 2.55987905e+00
  3.23855952e+03 1.19506048e-02]
 [3.48675924e+01 3.36179024e+01 5.62777668e+01 2.55987905e+00
  3.23855952e+03 1.19506048e-02]]"
8,9,"[[-114.08360425  421.11560875  217.51348547 -305.45099026  421.22283213
  -104.51186851]
 [-114.08360425  420.19908036  217.51348547 -305.45099026  421.22283213
  -104.51186851]
 [-114.08360425  421.11560875  217.51348547 -305.45099026  421.22283213
  -104.4751298 ]
 [-114.08360425  421.11560875  217.51348547 -305.45099026  421.22283213
  -104.4751298 ]
 [-114.08360425  421.11560875  217.51348547 -305.45099026  421.22283213
  -104.4751298 ]]","[-1498.88786415 -1498.81586094 -1498.730405   -1498.730405
 -1498.730405  ]","[[5.79119189e+01 5.55459153e+01 1.00088684e+02 2.92776699e+00
  1.02761568e+04 6.34937967e-03]
 [5.79119189e+01 5.55459153e+01 1.00088684e+02 2.92776699e+00
  1.02761568e+04 6.34937967e-03]
 [5.79119189e+01 5.55459153e+01 1.00088684e+02 2.92776699e+00
  1.02761568e+04 6.34937967e-03]
 [5.79119189e+01 5.55459153e+01 1.00088684e+02 2.92776699e+00
  1.02761568e+04 6.34937967e-03]
 [5.79119189e+01 5.55459153e+01 1.00088684e+02 2.92776699e+00
  1.02761568e+04 6.34937967e-03]]"
9,10,"[[-114.08360425  421.11560875  217.51348547 -305.45099026  421.22283213
  -104.51186851]
 [-114.08360425  421.11560875  217.51348547 -305.45099026  421.22283213
  -104.51186851]
 [-114.08360425  421.11560875  217.51348547 -305.45099026  421.22283213
  -104.51186851]
 [-114.08360425  421.11560875  217.51348547 -305.45099026  421.22283213
  -104.51186851]
 [-114.08360425  421.11560875  217.51348547 -305.45099026  421.22283213
  -104.51186851]]","[-1498.88786415 -1498.88786415 -1498.88786415 -1498.88786415
 -1498.88786415]","[[9.61864619e+01 9.17769548e+01 1.78005368e+02 3.34852522e+00
  3.26069039e+04 3.37343782e-03]
 [9.61864619e+01 9.17769548e+01 1.78005368e+02 3.34852522e+00
  3.26069039e+04 3.37343782e-03]
 [9.61864619e+01 9.17769548e+01 1.78005368e+02 3.34852522e+00
  3.26069039e+04 3.37343782e-03]
 [9.61864619e+01 9.17769548e+01 1.78005368e+02 3.34852522e+00
  3.26069039e+04 3.37343782e-03]
 [9.61864619e+01 9.17769548e+01 1.78005368e+02 3.34852522e+00
  3.26069039e+04 3.37343782e-03]]"
