,population,best_x,best_energy,ave_energy
0,1,"[ 428.5201539   393.47164913 -274.42923836  497.25703179  171.99074595
  184.81651851]",-1044.7154461075258,-31.092185293657085
1,2,"[170.77366761 205.5219806  203.62890345 427.77144957 404.75861892
 417.71558062]",-1702.6971308323045,-717.0218153583786
2,3,"[-328.33445392  209.50219703 -329.1095187   427.04617379  386.3553561
  415.70337086]",-1739.313052253875,-1304.818584106325
3,4,"[ 432.88179071 -286.6961839   434.97034686  428.34111667  452.6239482
  415.85145609]",-2190.081862820355,-1664.9299020702922
4,5,"[-290.13093547  405.35201347  435.76449933  390.29199512  432.31552742
  419.27896679]",-2190.3353343724416,-1913.3319550278713
5,6,"[ 427.26616729  421.67941695 -279.62565352  428.05570931  407.90323007
  414.72284853]",-2294.7536768982754,-2130.820418655066
6,7,"[436.78181781 415.31431531 419.75750334 427.10818347 416.97546886
 417.08883003]",-2469.679207037913,-2335.814490057604
7,8,"[426.22225285 415.31431531 419.75750334 425.78454205 422.20919074
 417.03999467]",-2501.142476672896,-2455.6682590518462
8,9,"[425.88426904 421.67941695 419.84653589 427.10818347 416.97546886
 418.41853401]",-2503.0383135891834,-2487.913209666232
9,10,"[419.97929992 421.67941695 419.75750334 425.78454205 416.97546886
 418.41853401]",-2507.7696000735896,-2502.217908509589
10,11,"[421.37160126 421.67941695 419.84653589 424.67730556 422.20919074
 417.03999467]",-2509.780101132436,-2506.1788837740255
11,12,"[421.37160126 421.67941695 419.75750334 418.73616476 422.20919074
 419.27896679]",-2512.445568861002,-2509.624052681313
12,13,"[421.37160126 421.67941695 419.84653589 418.73616476 422.20919074
 419.27896679]",-2512.471762650465,-2511.6943541088044
13,14,"[421.37160126 421.67941695 419.84653589 418.73616476 422.20919074
 419.27896679]",-2512.471762650465,-2512.2527459664984
14,15,"[421.37160126 421.67941695 419.84653589 418.73616476 422.20919074
 419.27896679]",-2512.471762650465,-2512.4717626504653
