,population,parents,parents_energy,parents_sigma
0,1,"[[-326.09176825   69.45283962 -328.6680653   226.18245684  479.48090611
   207.14539275]
 [ 165.08605202  219.57708484  456.89063376 -103.70804395 -140.69519549
    51.47085223]
 [-101.03935931  -81.52188252  403.920209    376.02691908   25.14739864
   -62.13145735]
 [-144.8946875   472.51534462 -484.65741561   24.5041884   -24.12768478
   380.52879553]
 [ 352.94830341    3.22183712 -293.07364316   52.68535557  -40.21856963
   -89.97398639]
 [ 173.36307346  258.21549959   42.57037173  391.29222689  298.1226613
  -320.74282727]
 [ 470.57830461  402.27648947 -446.72569219  347.59566986  358.65338516
  -117.07841061]
 [-363.39156209 -269.90043793  467.62336627   65.51352635 -162.24052235
  -361.75225987]
 [ 109.58762937   85.0783636  -279.54165488  127.28537431  -37.00491264
  -332.76948264]
 [ 217.11464448  128.30536277  391.63982818 -265.89864962 -193.37852935
  -183.45678967]
 [ 234.84271277 -276.7756928   419.34952483  271.17818233   46.33120853
  -433.99472748]
 [-167.73395315 -116.807032    484.86881252  -33.07937014    9.06089828
  -140.6786649 ]
 [-156.75813446  -67.75357523 -116.23102621  207.62105073 -475.91454672
   349.50208522]
 [ 132.46771076 -303.70016413  104.23746064 -353.65473932 -494.37795191
  -181.66753139]
 [ 402.60586032  482.08036196 -495.26512376 -210.4232184   143.33110368
  -186.58277194]
 [-430.70330248   -9.40899304  172.57908223 -313.52464073  231.56568832
    93.97575306]
 [  82.42820733  -74.00895828 -210.40530091 -115.24684531  369.92793416
    47.36707624]
 [ 137.04906601  141.43678174  162.35608867  139.62086029 -468.89302329
  -321.37877072]
 [-346.46795706  221.51410987 -192.67205193 -162.72549527 -404.06450435
    65.10871683]
 [-332.52044003   57.39377203  324.75411431 -369.06828288 -160.31164406
  -194.41657911]
 [ -70.1782135   156.93646087  -37.55542354  107.24383418 -454.61458176
   -31.98776555]
 [-367.71230837   47.14068555  170.46188517 -460.82270719  153.99254992
  -459.06798648]
 [-170.05729021 -455.80050971  440.70439413 -195.87484361 -404.34527788
  -185.1910958 ]
 [ 114.53765782 -125.15275396  279.47694828 -408.78911849  237.52270568
  -186.63741119]
 [-430.19000507 -359.47965844  127.79613367  164.11427079 -219.02531754
   332.62266496]]","[-896.09465251 -683.17336206 -518.7533248  -435.69758352 -317.12397736
 -291.88387465 -253.17978776 -243.52717919 -234.45699509 -183.89105951
 -166.92626475 -147.1075994  -120.79790979 -102.36546269  -80.96531187
  -54.85198195  -54.07507637  157.85897787  293.54012193  329.01884414
  410.47732062  512.42559924  718.70336932  720.47776764  893.60283237]","[[1. 1. 1. 1. 1. 1.]
 [1. 1. 1. 1. 1. 1.]
 [1. 1. 1. 1. 1. 1.]
 [1. 1. 1. 1. 1. 1.]
 [1. 1. 1. 1. 1. 1.]
 [1. 1. 1. 1. 1. 1.]
 [1. 1. 1. 1. 1. 1.]
 [1. 1. 1. 1. 1. 1.]
 [1. 1. 1. 1. 1. 1.]
 [1. 1. 1. 1. 1. 1.]
 [1. 1. 1. 1. 1. 1.]
 [1. 1. 1. 1. 1. 1.]
 [1. 1. 1. 1. 1. 1.]
 [1. 1. 1. 1. 1. 1.]
 [1. 1. 1. 1. 1. 1.]
 [1. 1. 1. 1. 1. 1.]
 [1. 1. 1. 1. 1. 1.]
 [1. 1. 1. 1. 1. 1.]
 [1. 1. 1. 1. 1. 1.]
 [1. 1. 1. 1. 1. 1.]
 [1. 1. 1. 1. 1. 1.]
 [1. 1. 1. 1. 1. 1.]
 [1. 1. 1. 1. 1. 1.]
 [1. 1. 1. 1. 1. 1.]
 [1. 1. 1. 1. 1. 1.]]"
1,2,"[[ 233.56677448  401.99111009  418.46607004  347.23263116  359.02214759
  -120.37409486]
 [-325.33675275   68.50785992 -327.32443968  226.19854193  480.58095499
   208.50091563]
 [-326.02419704   69.26949272 -279.82562197  228.10623939  479.87205153
  -333.164748  ]
 [ 235.04248609 -277.30830528  420.77206909  375.02656396   45.71635315
   -59.01346529]
 [-327.51705134    1.97478871 -294.04768478  227.77721259  -42.13472939
   207.95192406]
 [-328.24446527  219.50131388 -327.93642427 -104.381076   -141.88774968
    49.92868481]
 [ 237.56475752  220.30694503  418.61438042 -101.55010293   47.92203023
    52.37539294]
 [ 174.95826997  401.31194541   45.15188337  391.90099613  296.93240073
  -320.61189302]
 [ 471.1817941   220.56287942  456.34792692 -105.34131228  359.36946674
    51.56036668]
 [ 133.9344465  -304.11811194  404.02487972 -351.18924698 -493.51623565
   -62.33513279]
 [  82.88837653  -74.05599936 -279.43189268 -112.31550906  369.88326858
  -332.46261293]
 [-361.26240281 -270.26776594 -328.86022149   67.45162313  480.3759632
   203.4626065 ]
 [ 136.75178354  -11.11896262  172.27616537 -311.95880923  231.94815459
  -322.73398083]
 [  84.61564076  -74.4469285  -328.89170252 -112.33639531  370.95247265
   208.90204138]
 [ 174.08962343 -303.04777314  103.92773133  389.46934064  299.01553875
  -319.11190718]
 [ -99.59666162  -81.84656498  403.8814558   377.13879129  -24.54266283
   -62.03962705]
 [ 403.77672165  482.92670575 -115.41823255  205.66779051  143.87240637
   348.91813847]
 [ 351.87697027  219.09031283  456.73519923   52.59202474 -142.86372317
   -91.00423193]
 [-333.54092456  -83.85361838  404.3467581   376.6799025    24.12034606
  -194.57278211]
 [ 468.40232478  403.2187369  -210.04576621  348.94595812  369.343315
  -114.75378435]
 [ 111.28741664 -277.59456287  419.83527649  273.07672444  -37.68708744
  -334.82359257]
 [-158.73960772  -67.43286526  420.14612223  206.71227143   45.77846951
   349.38653418]
 [ 236.97011869 -277.43049844  420.38096523  268.64787935  298.59975285
  -323.59103521]
 [-326.8064752  -126.5476862   277.98428798  227.88737341  479.90252054
   206.40503968]
 [-171.18727414  -73.17066002  441.14239196 -112.30224626  369.82663516
    46.15927104]]","[-970.58181411 -895.84673257 -890.35643669 -878.12064978 -839.7381748
 -807.44877721 -787.99066504 -779.13388862 -724.52422742 -657.28349049
 -642.17319756 -639.95456528 -634.5048689  -631.38250426 -599.04453356
 -570.69566105 -566.22727703 -541.79449307 -532.12677454 -527.67358179
 -526.45239241 -517.68956951 -494.92525147 -494.31343685 -491.32411432]","[[1.50951354 1.29987247 0.93696928 2.0181609  0.77656476 1.78134328]
 [1.50951354 1.29987247 0.93696928 2.0181609  0.77656476 1.78134328]
 [1.50951354 1.29987247 0.93696928 2.0181609  0.77656476 1.78134328]
 [1.50951354 1.29987247 0.93696928 2.0181609  0.77656476 1.78134328]
 [1.50951354 1.29987247 0.93696928 2.0181609  0.77656476 1.78134328]
 [1.50951354 1.29987247 0.93696928 2.0181609  0.77656476 1.78134328]
 [1.50951354 1.29987247 0.93696928 2.0181609  0.77656476 1.78134328]
 [1.50951354 1.29987247 0.93696928 2.0181609  0.77656476 1.78134328]
 [1.50951354 1.29987247 0.93696928 2.0181609  0.77656476 1.78134328]
 [1.50951354 1.29987247 0.93696928 2.0181609  0.77656476 1.78134328]
 [1.50951354 1.29987247 0.93696928 2.0181609  0.77656476 1.78134328]
 [1.50951354 1.29987247 0.93696928 2.0181609  0.77656476 1.78134328]
 [1.50951354 1.29987247 0.93696928 2.0181609  0.77656476 1.78134328]
 [1.50951354 1.29987247 0.93696928 2.0181609  0.77656476 1.78134328]
 [1.50951354 1.29987247 0.93696928 2.0181609  0.77656476 1.78134328]
 [1.50951354 1.29987247 0.93696928 2.0181609  0.77656476 1.78134328]
 [1.50951354 1.29987247 0.93696928 2.0181609  0.77656476 1.78134328]
 [1.50951354 1.29987247 0.93696928 2.0181609  0.77656476 1.78134328]
 [1.50951354 1.29987247 0.93696928 2.0181609  0.77656476 1.78134328]
 [1.50951354 1.29987247 0.93696928 2.0181609  0.77656476 1.78134328]
 [1.50951354 1.29987247 0.93696928 2.0181609  0.77656476 1.78134328]
 [1.50951354 1.29987247 0.93696928 2.0181609  0.77656476 1.78134328]
 [1.50951354 1.29987247 0.93696928 2.0181609  0.77656476 1.78134328]
 [1.50951354 1.29987247 0.93696928 2.0181609  0.77656476 1.78134328]
 [1.50951354 1.29987247 0.93696928 2.0181609  0.77656476 1.78134328]]"
2,3,"[[-324.88258412  402.52141289  418.6971652   229.27527989  358.81070316
   201.75080086]
 [-327.50659776  399.67672802  416.12488612  228.00958059  360.1627746
  -119.65444571]
 [-327.37553545  216.35742531 -328.35945764  388.2106797  -142.5073195
  -320.79067383]
 [ 239.25358007  219.60018568  417.73958265  391.47938924   48.39222322
  -323.74677984]
 [ 468.47055524  404.20262079  418.56049536  351.41186654  369.65360351
  -119.54053449]
 [ 469.09945373  404.83469698  418.25386469  351.03314846  369.3129978
  -120.75438579]
 [ 467.90335535  222.29994057  421.67795845 -115.3110301   360.1375407
  -323.21060514]
 [ 177.97601513  220.41801504  418.63976279  389.50563623   48.29046911
    52.4129343 ]
 [-331.53625525 -304.93007207  404.55211042 -342.8548074  -494.26676695
   -62.15734904]
 [  87.44540982  402.43226621 -328.56773228 -109.64192927  371.29071587
   209.41585112]
 [-321.44941804   68.02245206  404.81448124  230.07290907  479.68496813
  -334.67043808]
 [ 240.07891176  218.58838004  419.02414483  392.75887611   47.77836273
    54.03285791]
 [-324.95479923   69.3622645   419.58082334  229.43147783  359.13723966
  -337.51656179]
 [-324.41229116  213.69360224 -327.21710127 -107.70651462 -142.3636221
   209.03018426]
 [ 466.76175652  402.55387145  456.15923814 -113.02288562  359.17603527
    54.91817393]
 [-327.64434932  404.43172418   45.05511692  227.05846842  -41.58950349
  -320.77080988]
 [ 138.60741952  403.13671849  172.22773237 -309.24401557  231.56109831
  -326.21918726]
 [-323.74400888  -86.59935504  405.00826688  371.49237109  480.84817838
   206.89622745]
 [-327.36946038  219.6735565   455.98226012   53.1372319  -142.25006886
   208.52717679]
 [-326.02824735  221.24607413  456.87326457   50.43939122 -141.10184511
  -331.01272179]
 [-334.17703972 -269.8023525   404.74321672   68.78647818   24.3346234
   205.05831576]
 [ 233.83654801 -279.15649083  421.76579194  381.90196581   45.88892231
   -55.70474486]
 [  87.32498087 -277.95408337 -329.08079762 -110.73268561  370.8085674
  -319.20142959]
 [ 235.22732358 -277.12043001  420.28311353  268.87310756  370.33173199
  -320.84705928]
 [ 471.13497517  218.74226389  454.2638757   224.22888895  481.73641732
   210.92735527]]","[-1391.57703988 -1299.22188828 -1260.43073338 -1235.17077457
 -1180.79704723 -1171.69892871 -1147.72087829 -1084.44945213
 -1051.79695737 -1044.45123707 -1042.9711826  -1042.81716816
 -1032.34450927 -1026.73534261 -1015.03249117 -1014.50425662
 -1007.32748325 -1005.70697426  -995.01641007  -988.593
  -984.05389124  -962.38222579  -960.57373258  -957.69070886
  -957.36199457]","[[2.27863114 1.68966843 0.87791143 4.07297341 0.60305283 3.17318389]
 [2.27863114 1.68966843 0.87791143 4.07297341 0.60305283 3.17318389]
 [2.27863114 1.68966843 0.87791143 4.07297341 0.60305283 3.17318389]
 [2.27863114 1.68966843 0.87791143 4.07297341 0.60305283 3.17318389]
 [2.27863114 1.68966843 0.87791143 4.07297341 0.60305283 3.17318389]
 [2.27863114 1.68966843 0.87791143 4.07297341 0.60305283 3.17318389]
 [2.27863114 1.68966843 0.87791143 4.07297341 0.60305283 3.17318389]
 [2.27863114 1.68966843 0.87791143 4.07297341 0.60305283 3.17318389]
 [2.27863114 1.68966843 0.87791143 4.07297341 0.60305283 3.17318389]
 [2.27863114 1.68966843 0.87791143 4.07297341 0.60305283 3.17318389]
 [2.27863114 1.68966843 0.87791143 4.07297341 0.60305283 3.17318389]
 [2.27863114 1.68966843 0.87791143 4.07297341 0.60305283 3.17318389]
 [2.27863114 1.68966843 0.87791143 4.07297341 0.60305283 3.17318389]
 [2.27863114 1.68966843 0.87791143 4.07297341 0.60305283 3.17318389]
 [2.27863114 1.68966843 0.87791143 4.07297341 0.60305283 3.17318389]
 [2.27863114 1.68966843 0.87791143 4.07297341 0.60305283 3.17318389]
 [2.27863114 1.68966843 0.87791143 4.07297341 0.60305283 3.17318389]
 [2.27863114 1.68966843 0.87791143 4.07297341 0.60305283 3.17318389]
 [2.27863114 1.68966843 0.87791143 4.07297341 0.60305283 3.17318389]
 [2.27863114 1.68966843 0.87791143 4.07297341 0.60305283 3.17318389]
 [2.27863114 1.68966843 0.87791143 4.07297341 0.60305283 3.17318389]
 [2.27863114 1.68966843 0.87791143 4.07297341 0.60305283 3.17318389]
 [2.27863114 1.68966843 0.87791143 4.07297341 0.60305283 3.17318389]
 [2.27863114 1.68966843 0.87791143 4.07297341 0.60305283 3.17318389]
 [2.27863114 1.68966843 0.87791143 4.07297341 0.60305283 3.17318389]]"
3,4,"[[-326.85557573  398.83646439  418.42875183  410.8214522    48.81967541
   202.36007598]
 [-322.09487704  407.07198471  417.76369493  226.87637662  369.65280459
  -333.40580414]
 [-324.950993    397.97927234  417.6777766   220.92984933  359.67376626
  -311.2718829 ]
 [-315.39500057  403.18021501  418.4113034  -117.10104264  370.91117941
   220.65467019]
 [-327.27106509  215.44316164  420.18367449  396.80947486 -142.77847605
  -324.18656668]
 [ 463.86002999  400.8847245   418.43480392 -104.82269145  369.2060789
  -312.36677779]
 [-324.70743351  398.40035502  417.79453403  383.21366277 -142.4704705
  -122.54311029]
 [ 471.39937222  404.3457954   418.76694425  216.12383728  369.8829367
   205.77441446]
 [-328.3026667  -281.20769057 -329.05164627  402.33059573  371.53721764
  -325.12026853]
 [ 467.66816291  405.41307528  417.73932562  389.18573993  368.5833654
    51.69608408]
 [-317.71807203  401.39098589  419.01870734  357.14881964  368.88768575
   203.06898228]
 [ 462.7599603   402.88017621  418.19790418  226.54950677  358.45079295
  -330.63315129]
 [ 464.78938614  397.46582022  422.34966587 -135.05034049  360.19178703
  -321.77029308]
 [-327.87221957  400.10306728  415.40749794  226.18770596  360.08404809
   219.23067816]
 [-318.37545817  407.70175581  405.74110778  363.1844049   481.16252975
   206.24112009]
 [-333.55708415  219.58653976  403.52900514  398.98434124   48.33979015
   201.00547258]
 [-326.64861451  405.08612236  416.64670936  230.28840752  -41.20783789
  -334.11997755]
 [-336.26178607  400.89309031  418.02744942  213.81514733   23.93795591
   205.7039541 ]
 [-332.29472678  408.04883426  404.97825141  233.71465512  -41.78748609
  -322.38799619]
 [ 469.08663947  403.83749856  418.84377821 -102.87320822  359.94563043
  -323.07148851]
 [-324.42423384  400.96361883 -327.61047403  391.40460445  360.24449198
  -116.54961853]
 [ 242.29336807 -276.92849184  422.77731069  381.18780325  370.68265484
  -322.46021443]
 [-329.88011569  400.53018501  418.01809341  234.74725585  358.01498542
   196.12733957]
 [ 242.56000177  218.14600726  419.64438313  403.26360108   47.59556183
  -319.03911217]
 [ 468.84843289 -306.49830642  404.63693209 -341.09780739 -494.23747363
   206.60028807]]","[-1644.30492707 -1523.53332991 -1508.01719164 -1507.07921363
 -1501.99257727 -1487.33133853 -1474.89015263 -1455.3646824
 -1446.00622093 -1440.09612146 -1410.04323631 -1382.48363936
 -1375.49275977 -1359.90962427 -1359.16912739 -1327.32589028
 -1325.04451179 -1319.1902016  -1318.00130623 -1314.1378563
 -1310.10271731 -1310.09672042 -1303.43709576 -1301.17889496
 -1285.33964429]","[[3.43962457 2.19635347 0.82257604 8.21991569 0.46830958 5.65252981]
 [3.43962457 2.19635347 0.82257604 8.21991569 0.46830958 5.65252981]
 [3.43962457 2.19635347 0.82257604 8.21991569 0.46830958 5.65252981]
 [3.43962457 2.19635347 0.82257604 8.21991569 0.46830958 5.65252981]
 [3.43962457 2.19635347 0.82257604 8.21991569 0.46830958 5.65252981]
 [3.43962457 2.19635347 0.82257604 8.21991569 0.46830958 5.65252981]
 [3.43962457 2.19635347 0.82257604 8.21991569 0.46830958 5.65252981]
 [3.43962457 2.19635347 0.82257604 8.21991569 0.46830958 5.65252981]
 [3.43962457 2.19635347 0.82257604 8.21991569 0.46830958 5.65252981]
 [3.43962457 2.19635347 0.82257604 8.21991569 0.46830958 5.65252981]
 [3.43962457 2.19635347 0.82257604 8.21991569 0.46830958 5.65252981]
 [3.43962457 2.19635347 0.82257604 8.21991569 0.46830958 5.65252981]
 [3.43962457 2.19635347 0.82257604 8.21991569 0.46830958 5.65252981]
 [3.43962457 2.19635347 0.82257604 8.21991569 0.46830958 5.65252981]
 [3.43962457 2.19635347 0.82257604 8.21991569 0.46830958 5.65252981]
 [3.43962457 2.19635347 0.82257604 8.21991569 0.46830958 5.65252981]
 [3.43962457 2.19635347 0.82257604 8.21991569 0.46830958 5.65252981]
 [3.43962457 2.19635347 0.82257604 8.21991569 0.46830958 5.65252981]
 [3.43962457 2.19635347 0.82257604 8.21991569 0.46830958 5.65252981]
 [3.43962457 2.19635347 0.82257604 8.21991569 0.46830958 5.65252981]
 [3.43962457 2.19635347 0.82257604 8.21991569 0.46830958 5.65252981]
 [3.43962457 2.19635347 0.82257604 8.21991569 0.46830958 5.65252981]
 [3.43962457 2.19635347 0.82257604 8.21991569 0.46830958 5.65252981]
 [3.43962457 2.19635347 0.82257604 8.21991569 0.46830958 5.65252981]
 [3.43962457 2.19635347 0.82257604 8.21991569 0.46830958 5.65252981]]"
4,5,"[[-325.14756558  400.1130934   418.78053318  421.14336814  371.70401956
  -321.6982575 ]
 [-330.22459997  399.53818875  422.22275319  433.98343172  371.3729861
  -318.56416827]
 [-322.83095663  409.81595662  417.21185366  409.10684155   48.11625977
  -305.68532807]
 [-326.3721082   404.17074351  418.28701596  394.97474802  371.75617347
  -324.13702442]
 [-320.78924413  403.47830352  418.7563475   429.43932032   47.99478682
   211.50963609]
 [-312.08204619  403.7541537   416.63750418  414.10646912  360.67870718
  -126.11072428]
 [-317.71832908  406.27095963  417.56117306  397.37653611   49.14793937
  -333.22211986]
 [ 476.31307547  403.0559936   417.65457022  421.98625593  369.87960941
   202.06958632]
 [-317.11875171  406.11958509  416.54086202  400.69650045  369.16272501
    56.03259442]
 [-327.59868061  401.97826561  418.5966457   400.98842218  360.22073573
   198.10292516]
 [-324.07422478  401.75473793  417.06652869  401.46896879   48.12643945
   196.55125576]
 [-321.39341511  397.87680747  417.65450668  405.3718436  -142.23336031
  -117.79128016]
 [-327.12939808 -281.66993005  418.57101312  406.15927315  360.09774612
  -312.5114644 ]
 [-324.22139732  213.7151519   419.0482222   415.11249928 -142.96287881
  -321.05774671]
 [-324.88162135  406.5233848   417.53444338  387.69996373 -142.07108315
  -334.15599341]
 [-324.93022713  411.01128239  416.39278255  420.70443404  368.86588567
  -356.24489829]
 [-323.33506228  408.17175572  404.63058974  211.05955821  369.92622403
  -326.45839755]
 [-330.30035659  397.66763441  418.48390063  410.06595275  359.66480916
   187.73326898]
 [-325.65258231  397.53953584  417.9273183   416.99995878   47.4844714
  -122.32339761]
 [-320.74016289  400.21247312 -327.32035494  408.35561383  359.86783386
  -316.43145369]
 [ 473.99093689  398.37952936  403.48050377  419.43652607 -493.50453112
   208.7084825 ]
 [ 464.14523384  409.82214087  418.14034532  204.17531966  369.80509709
   201.39158256]
 [ 464.83082038  402.02812352  419.15982828  406.62815327  368.49511981
    53.83747365]
 [ 451.50608606  404.80647874  422.61587252  202.98731312  359.81742035
   193.96784334]
 [ 462.1643842   400.90734078  417.68691635 -130.39015664  369.2542945
  -315.0169618 ]]","[-1849.99007815 -1806.51141873 -1799.8636992  -1768.13032481
 -1691.5340242  -1674.7846358  -1652.09624575 -1634.42287619
 -1634.22629159 -1630.58132566 -1630.37185532 -1618.22296901
 -1617.26366465 -1604.24632198 -1603.92729174 -1600.10678141
 -1594.90453238 -1593.3757554  -1570.70453194 -1568.90442536
 -1568.41506948 -1562.48086358 -1553.18143454 -1544.85990268
 -1538.08107216]","[[ 5.19215988  2.8549794   0.77072848 16.58911244  0.36367272 10.06909601]
 [ 5.19215988  2.8549794   0.77072848 16.58911244  0.36367272 10.06909601]
 [ 5.19215988  2.8549794   0.77072848 16.58911244  0.36367272 10.06909601]
 [ 5.19215988  2.8549794   0.77072848 16.58911244  0.36367272 10.06909601]
 [ 5.19215988  2.8549794   0.77072848 16.58911244  0.36367272 10.06909601]
 [ 5.19215988  2.8549794   0.77072848 16.58911244  0.36367272 10.06909601]
 [ 5.19215988  2.8549794   0.77072848 16.58911244  0.36367272 10.06909601]
 [ 5.19215988  2.8549794   0.77072848 16.58911244  0.36367272 10.06909601]
 [ 5.19215988  2.8549794   0.77072848 16.58911244  0.36367272 10.06909601]
 [ 5.19215988  2.8549794   0.77072848 16.58911244  0.36367272 10.06909601]
 [ 5.19215988  2.8549794   0.77072848 16.58911244  0.36367272 10.06909601]
 [ 5.19215988  2.8549794   0.77072848 16.58911244  0.36367272 10.06909601]
 [ 5.19215988  2.8549794   0.77072848 16.58911244  0.36367272 10.06909601]
 [ 5.19215988  2.8549794   0.77072848 16.58911244  0.36367272 10.06909601]
 [ 5.19215988  2.8549794   0.77072848 16.58911244  0.36367272 10.06909601]
 [ 5.19215988  2.8549794   0.77072848 16.58911244  0.36367272 10.06909601]
 [ 5.19215988  2.8549794   0.77072848 16.58911244  0.36367272 10.06909601]
 [ 5.19215988  2.8549794   0.77072848 16.58911244  0.36367272 10.06909601]
 [ 5.19215988  2.8549794   0.77072848 16.58911244  0.36367272 10.06909601]
 [ 5.19215988  2.8549794   0.77072848 16.58911244  0.36367272 10.06909601]
 [ 5.19215988  2.8549794   0.77072848 16.58911244  0.36367272 10.06909601]
 [ 5.19215988  2.8549794   0.77072848 16.58911244  0.36367272 10.06909601]
 [ 5.19215988  2.8549794   0.77072848 16.58911244  0.36367272 10.06909601]
 [ 5.19215988  2.8549794   0.77072848 16.58911244  0.36367272 10.06909601]
 [ 5.19215988  2.8549794   0.77072848 16.58911244  0.36367272 10.06909601]]"
5,6,"[[ 450.70581136  394.45967583  422.58765102  410.32554191  371.60492324
  -317.09849311]
 [-322.44439874  411.08394437  418.78813653  425.18096386  370.01824753
  -320.87175599]
 [-314.53603671  413.62393495  403.08943516  414.2139553   368.6659741
   204.14030817]
 [-292.59630863  404.35854966  416.49572813  412.96645872  359.7937594
  -319.69667956]
 [-317.47847076  399.1775185   418.35016326  389.1745446   371.74832014
  -306.37298992]
 [-325.74310216  401.64922725  417.89625451  407.03751007  371.608059
  -327.92187159]
 [-326.49713394  409.51832551  416.59274032  407.83791883  359.92785617
  -304.64248038]
 [-318.85789305  402.20408641  417.52326184  404.37535295  359.98378766
  -306.07425575]
 [-330.7183167   408.12211636  422.56290449  390.58938277  371.65985557
  -300.40505975]
 [-310.29882674  401.37610979  418.65892411  434.65471936   47.83663258
  -317.17481567]
 [-338.43249331  394.41017001  416.45890184  417.69744522  371.91017536
  -312.20345727]
 [-320.44690447  397.41795874  418.84998176  384.89078561  371.62213807
  -302.88359788]
 [ 469.64702966  400.38302728  416.85666661  436.92663887  369.93127136
  -312.2734942 ]
 [-327.65714104  401.61484066  418.12910452  425.78695235  371.46895047
  -337.35356411]
 [ 453.89638205  403.47612499  418.20145202  403.11985701  369.5939679
   179.11644572]
 [-336.86742139  412.27774921  417.48142186  428.25666738   49.49455047
  -308.21705081]
 [-335.07056195  405.79955257  416.85335015  423.89247741   49.5676865
  -309.40936803]
 [ 444.45021248  404.52690914  419.21903792  408.339271    369.32355627
    51.10644946]
 [-322.67341356  414.10693528  418.81292089  434.65326365  360.04908448
  -331.21584078]
 [-323.2454431   406.97035109  417.98733917  409.40374363  359.86575029
  -328.96886827]
 [-333.86935728  406.24460638  423.61938613  438.92605757  371.48325477
   211.42495995]
 [-318.21431964  399.43209679  418.60376999  433.11901116  360.00499981
  -327.7972281 ]
 [-331.88907875  420.04242493  421.89992799  399.84261706   48.19739263
  -311.81596634]
 [-317.40168879 -282.23503349  418.17026937  406.48185987 -142.08856068
  -296.40162654]
 [-326.4472801   406.07874891  415.89263646  398.09538351  372.10856528
  -337.46109058]]","[-1896.65886315 -1890.92052069 -1816.01420041 -1806.72703052
 -1805.05190542 -1795.16354341 -1790.26677748 -1788.5418517
 -1784.7038795  -1780.35756652 -1761.79281434 -1752.81667947
 -1745.76665882 -1739.21371477 -1732.64333519 -1729.70369303
 -1727.39657339 -1725.79656269 -1722.47213808 -1720.19845943
 -1718.5092814  -1717.33402356 -1717.27902283 -1715.52559091
 -1706.83480498]","[[ 7.83763567  3.71110912  0.7221489  33.47949807  0.28241542 17.93651655]
 [ 7.83763567  3.71110912  0.7221489  33.47949807  0.28241542 17.93651655]
 [ 7.83763567  3.71110912  0.7221489  33.47949807  0.28241542 17.93651655]
 [ 7.83763567  3.71110912  0.7221489  33.47949807  0.28241542 17.93651655]
 [ 7.83763567  3.71110912  0.7221489  33.47949807  0.28241542 17.93651655]
 [ 7.83763567  3.71110912  0.7221489  33.47949807  0.28241542 17.93651655]
 [ 7.83763567  3.71110912  0.7221489  33.47949807  0.28241542 17.93651655]
 [ 7.83763567  3.71110912  0.7221489  33.47949807  0.28241542 17.93651655]
 [ 7.83763567  3.71110912  0.7221489  33.47949807  0.28241542 17.93651655]
 [ 7.83763567  3.71110912  0.7221489  33.47949807  0.28241542 17.93651655]
 [ 7.83763567  3.71110912  0.7221489  33.47949807  0.28241542 17.93651655]
 [ 7.83763567  3.71110912  0.7221489  33.47949807  0.28241542 17.93651655]
 [ 7.83763567  3.71110912  0.7221489  33.47949807  0.28241542 17.93651655]
 [ 7.83763567  3.71110912  0.7221489  33.47949807  0.28241542 17.93651655]
 [ 7.83763567  3.71110912  0.7221489  33.47949807  0.28241542 17.93651655]
 [ 7.83763567  3.71110912  0.7221489  33.47949807  0.28241542 17.93651655]
 [ 7.83763567  3.71110912  0.7221489  33.47949807  0.28241542 17.93651655]
 [ 7.83763567  3.71110912  0.7221489  33.47949807  0.28241542 17.93651655]
 [ 7.83763567  3.71110912  0.7221489  33.47949807  0.28241542 17.93651655]
 [ 7.83763567  3.71110912  0.7221489  33.47949807  0.28241542 17.93651655]
 [ 7.83763567  3.71110912  0.7221489  33.47949807  0.28241542 17.93651655]
 [ 7.83763567  3.71110912  0.7221489  33.47949807  0.28241542 17.93651655]
 [ 7.83763567  3.71110912  0.7221489  33.47949807  0.28241542 17.93651655]
 [ 7.83763567  3.71110912  0.7221489  33.47949807  0.28241542 17.93651655]
 [ 7.83763567  3.71110912  0.7221489  33.47949807  0.28241542 17.93651655]]"
6,7,"[[-314.53603671  413.62393495  416.45890184  414.2139553   368.6659741
  -312.20345727]
 [-303.43036879  401.69692346  418.77507948  436.71402424  371.58579287
  -304.68464364]
 [-319.1766163   400.28810101  419.41186867  423.87370546  372.06238786
  -292.92462035]
 [-320.44690447  411.08394437  418.84998176  425.18096386  371.62213807
  -320.87175599]
 [-310.29882674  401.37610979  417.89625451  434.65471936  371.608059
  -317.17481567]
 [ 450.70581136  394.45967583  422.58765102  410.32554191  372.10856528
  -317.09849311]
 [ 447.91149551  408.75429628  417.24308826  443.09948933  369.24245118
  -322.98651464]
 [-325.74310216  401.64922725  422.56290449  407.03751007  371.65985557
  -300.40505975]
 [-309.74720392  411.95471027  417.66427058  420.67276554   49.45665091
  -300.13235418]
 [-323.1965761   407.5197303   422.51270116  444.9644657   371.89382709
  -303.34386259]
 [-318.22062974  401.63089017  418.45832065  440.93678137  371.61470369
  -289.04139996]
 [ 449.71513553  393.51654884  419.09718517  421.1969365   370.20725546
  -325.45886775]
 [-320.63066981  407.72428224  418.39133266  418.66354244  369.65899694
  -327.65802769]
 [-315.69956955  407.85133853  419.41266065  451.222936    370.75690224
  -303.18028471]
 [-292.59630863  404.35854966  416.49572813  412.96645872  359.7937594
  -296.40162654]
 [ 447.19841773  397.78779153  418.65074232  410.02598106  359.94434654
  -320.51029574]
 [-338.43249331  402.20408641  416.45890184  417.69744522  371.91017536
  -306.07425575]
 [-319.85585049  402.23533603  418.71294962  454.27230335  371.88730473
  -302.75873747]
 [-324.42732019  405.79818867  416.0263948   423.25354736   49.70161335
  -309.64912246]
 [-305.50615083  391.4777445   419.53190423  446.74728365  369.30017685
  -312.45205414]
 [ 463.9632973   403.65586667  417.57737291  422.76213636  370.14147143
  -326.43915161]
 [-299.87524053  403.48525423  419.05792752  445.60529208  371.53411421
  -271.90989147]
 [-324.62035036  400.76058374  418.23994662  449.80305574  371.34543813
  -312.50398857]
 [-322.44439874  402.20408641  417.52326184  404.37535295  359.98378766
  -306.07425575]
 [-311.05325631  407.3855986   423.78218087  396.13525776  359.7652575
  -289.64944984]]","[-1939.7325555  -1933.89997206 -1916.2633528  -1915.01623241
 -1905.62931033 -1901.2763791  -1886.11856606 -1875.14192016
 -1872.83361343 -1867.47847536 -1862.25504626 -1860.45408107
 -1852.17404752 -1848.95105547 -1838.92961482 -1814.30461208
 -1813.6615253  -1799.03787072 -1794.36304614 -1791.25279733
 -1791.04341168 -1788.37518594 -1783.81536131 -1772.58463039
 -1771.95002885]","[[11.83101721  4.82396856  0.67663134 67.56701393  0.21931387 31.95109328]
 [11.83101721  4.82396856  0.67663134 67.56701393  0.21931387 31.95109328]
 [11.83101721  4.82396856  0.67663134 67.56701393  0.21931387 31.95109328]
 [11.83101721  4.82396856  0.67663134 67.56701393  0.21931387 31.95109328]
 [11.83101721  4.82396856  0.67663134 67.56701393  0.21931387 31.95109328]
 [11.83101721  4.82396856  0.67663134 67.56701393  0.21931387 31.95109328]
 [11.83101721  4.82396856  0.67663134 67.56701393  0.21931387 31.95109328]
 [11.83101721  4.82396856  0.67663134 67.56701393  0.21931387 31.95109328]
 [11.83101721  4.82396856  0.67663134 67.56701393  0.21931387 31.95109328]
 [11.83101721  4.82396856  0.67663134 67.56701393  0.21931387 31.95109328]
 [11.83101721  4.82396856  0.67663134 67.56701393  0.21931387 31.95109328]
 [11.83101721  4.82396856  0.67663134 67.56701393  0.21931387 31.95109328]
 [11.83101721  4.82396856  0.67663134 67.56701393  0.21931387 31.95109328]
 [11.83101721  4.82396856  0.67663134 67.56701393  0.21931387 31.95109328]
 [11.83101721  4.82396856  0.67663134 67.56701393  0.21931387 31.95109328]
 [11.83101721  4.82396856  0.67663134 67.56701393  0.21931387 31.95109328]
 [11.83101721  4.82396856  0.67663134 67.56701393  0.21931387 31.95109328]
 [11.83101721  4.82396856  0.67663134 67.56701393  0.21931387 31.95109328]
 [11.83101721  4.82396856  0.67663134 67.56701393  0.21931387 31.95109328]
 [11.83101721  4.82396856  0.67663134 67.56701393  0.21931387 31.95109328]
 [11.83101721  4.82396856  0.67663134 67.56701393  0.21931387 31.95109328]
 [11.83101721  4.82396856  0.67663134 67.56701393  0.21931387 31.95109328]
 [11.83101721  4.82396856  0.67663134 67.56701393  0.21931387 31.95109328]
 [11.83101721  4.82396856  0.67663134 67.56701393  0.21931387 31.95109328]
 [11.83101721  4.82396856  0.67663134 67.56701393  0.21931387 31.95109328]]"
7,8,"[[ 402.59400226  413.60190252  417.51898535  429.17834814  368.85909369
  -279.67369969]
 [-315.69956955  407.85133853  419.41266065  423.25354736  370.75690224
  -303.18028471]
 [ 449.71513553  411.08394437  419.09718517  425.18096386  371.62213807
  -325.45886775]
 [-303.43036879  407.3855986   418.77507948  436.71402424  371.58579287
  -289.64944984]
 [ 449.71513553  402.20408641  417.52326184  404.37535295  370.20725546
  -306.07425575]
 [-318.22062974  407.72428224  418.45832065  418.66354244  369.65899694
  -289.04139996]
 [-319.1766163   400.28810101  416.45890184  423.87370546  372.06238786
  -312.20345727]
 [-325.74310216  405.79818867  416.0263948   423.25354736  371.65985557
  -300.40505975]
 [-318.22062974  401.63089017  418.45832065  423.25354736  371.61470369
  -289.04139996]
 [-322.44439874  403.65586667  417.52326184  422.76213636  370.14147143
  -306.07425575]
 [-318.37793356  402.7803069   419.58349672  437.37822561  371.29319333
  -301.55053272]
 [-320.44690447  405.79818867  416.0263948   423.25354736  371.62213807
  -320.87175599]
 [-299.87524053  403.48525423  419.41186867  445.60529208  372.06238786
  -292.92462035]
 [-318.22062974  401.63089017  418.45832065  425.18096386  371.61470369
  -320.87175599]
 [ 450.70581136  394.45967583  417.89625451  434.65471936  371.608059
  -317.17481567]
 [ 447.91149551  407.5197303   417.24308826  443.09948933  369.24245118
  -322.98651464]
 [-322.44439874  402.20408641  418.84998176  425.18096386  371.62213807
  -320.87175599]
 [-305.50615083  401.63089017  418.45832065  440.93678137  369.30017685
  -289.04139996]
 [ 450.70581136  391.4777445   422.58765102  410.32554191  369.30017685
  -312.45205414]
 [ 450.70581136  404.35854966  422.58765102  412.96645872  359.7937594
  -296.40162654]
 [-309.74720392  407.85133853  417.66427058  451.222936    370.75690224
  -300.13235418]
 [-294.75935912  401.86424757  417.69518859  433.94771065  370.53001518
  -279.1328609 ]
 [ 463.9632973   403.65586667  417.57737291  422.76213636  370.14147143
  -300.13235418]
 [ 449.71513553  393.51654884  419.09718517  421.1969365   370.20725546
  -325.45886775]
 [-320.63066981  407.72428224  417.57737291  422.76213636  369.65899694
  -326.43915161]]","[-1983.80108875 -1959.98788261 -1949.55022646 -1936.58294557
 -1935.9670005  -1917.32714231 -1913.70002459 -1913.17667162
 -1911.30344182 -1908.68464156 -1902.83994077 -1897.77856357
 -1890.82075708 -1890.23127921 -1886.16639527 -1882.21686995
 -1874.6688721  -1870.62676071 -1870.49444456 -1863.83402595
 -1862.47483832 -1861.44981497 -1860.83909042 -1860.45408107
 -1858.93191702]","[[ 17.85908072   6.27054391   0.63398278 136.36110558   0.17031142
   56.9158654 ]
 [ 17.85908072   6.27054391   0.63398278 136.36110558   0.17031142
   56.9158654 ]
 [ 17.85908072   6.27054391   0.63398278 136.36110558   0.17031142
   56.9158654 ]
 [ 17.85908072   6.27054391   0.63398278 136.36110558   0.17031142
   56.9158654 ]
 [ 17.85908072   6.27054391   0.63398278 136.36110558   0.17031142
   56.9158654 ]
 [ 17.85908072   6.27054391   0.63398278 136.36110558   0.17031142
   56.9158654 ]
 [ 17.85908072   6.27054391   0.63398278 136.36110558   0.17031142
   56.9158654 ]
 [ 17.85908072   6.27054391   0.63398278 136.36110558   0.17031142
   56.9158654 ]
 [ 17.85908072   6.27054391   0.63398278 136.36110558   0.17031142
   56.9158654 ]
 [ 17.85908072   6.27054391   0.63398278 136.36110558   0.17031142
   56.9158654 ]
 [ 17.85908072   6.27054391   0.63398278 136.36110558   0.17031142
   56.9158654 ]
 [ 17.85908072   6.27054391   0.63398278 136.36110558   0.17031142
   56.9158654 ]
 [ 17.85908072   6.27054391   0.63398278 136.36110558   0.17031142
   56.9158654 ]
 [ 17.85908072   6.27054391   0.63398278 136.36110558   0.17031142
   56.9158654 ]
 [ 17.85908072   6.27054391   0.63398278 136.36110558   0.17031142
   56.9158654 ]
 [ 17.85908072   6.27054391   0.63398278 136.36110558   0.17031142
   56.9158654 ]
 [ 17.85908072   6.27054391   0.63398278 136.36110558   0.17031142
   56.9158654 ]
 [ 17.85908072   6.27054391   0.63398278 136.36110558   0.17031142
   56.9158654 ]
 [ 17.85908072   6.27054391   0.63398278 136.36110558   0.17031142
   56.9158654 ]
 [ 17.85908072   6.27054391   0.63398278 136.36110558   0.17031142
   56.9158654 ]
 [ 17.85908072   6.27054391   0.63398278 136.36110558   0.17031142
   56.9158654 ]
 [ 17.85908072   6.27054391   0.63398278 136.36110558   0.17031142
   56.9158654 ]
 [ 17.85908072   6.27054391   0.63398278 136.36110558   0.17031142
   56.9158654 ]
 [ 17.85908072   6.27054391   0.63398278 136.36110558   0.17031142
   56.9158654 ]
 [ 17.85908072   6.27054391   0.63398278 136.36110558   0.17031142
   56.9158654 ]]"
8,9,"[[ 402.59400226  413.60190252  416.0263948   423.25354736  368.85909369
  -320.87175599]
 [ 447.91149551  407.5197303   417.24308826  423.87370546  372.06238786
  -312.20345727]
 [ 449.71513553  405.79818867  416.0263948   423.25354736  371.65985557
  -300.40505975]
 [ 402.59400226  401.63089017  418.45832065  429.17834814  369.30017685
  -289.04139996]
 [ 449.71513553  411.08394437  418.84998176  425.18096386  371.62213807
  -320.87175599]
 [ 450.70581136  407.72428224  417.57737291  422.76213636  369.30017685
  -312.45205414]
 [ 450.70581136  404.35854966  422.58765102  418.66354244  369.65899694
  -296.40162654]
 [-318.37793356  411.08394437  419.09718517  425.18096386  371.29319333
  -301.55053272]
 [-299.87524053  403.48525423  416.45890184  423.87370546  372.06238786
  -292.92462035]
 [ 450.70581136  401.63089017  418.45832065  425.18096386  371.61470369
  -312.45205414]
 [-315.69956955  407.72428224  417.57737291  422.76213636  370.75690224
  -303.18028471]
 [-299.87524053  403.48525423  417.51898535  429.17834814  372.06238786
  -292.92462035]
 [-305.50615083  401.63089017  418.45832065  423.87370546  372.06238786
  -312.20345727]
 [-320.63066981  407.72428224  417.57737291  422.76213636  371.65985557
  -300.40505975]
 [-315.69956955  402.20408641  418.84998176  423.25354736  371.62213807
  -303.18028471]
 [-320.63066981  407.72428224  417.57737291  422.76213636  371.29319333
  -301.55053272]
 [ 449.71513553  402.20408641  417.52326184  404.37535295  372.06238786
  -292.92462035]
 [ 449.71513553  402.20408641  417.52326184  404.37535295  370.20725546
  -306.07425575]
 [ 449.71513553  402.20408641  417.52326184  404.37535295  370.14147143
  -306.07425575]
 [ 450.70581136  411.08394437  422.58765102  410.32554191  371.62213807
  -325.45886775]
 [ 449.71513553  402.20408641  417.52326184  425.18096386  371.62213807
  -325.45886775]
 [ 447.91149551  407.3855986   417.24308826  443.09948933  369.24245118
  -289.64944984]
 [ 449.71513553  403.65586667  419.09718517  422.76213636  370.14147143
  -325.45886775]
 [-322.44439874  403.65586667  417.52326184  422.76213636  370.14147143
  -306.07425575]
 [-322.44439874  403.65586667  417.52326184  422.76213636  370.14147143
  -306.07425575]]","[-2010.91150515 -2008.28670441 -1996.99236308 -1989.81956128
 -1972.39692258 -1965.01048681 -1964.66611327 -1962.67180478
 -1962.53321964 -1961.13891271 -1958.68570154 -1956.15666657
 -1955.52019442 -1947.38359806 -1945.79159509 -1944.46049853
 -1943.12429503 -1935.9670005  -1935.3567359  -1930.91629098
 -1917.39708205 -1913.23976817 -1912.93753706 -1908.68464156
 -1908.68464156]","[[2.69585243e+01 8.15090738e+00 5.94022385e-01 2.75198651e+02
  1.32257848e-01 1.01386695e+02]
 [2.69585243e+01 8.15090738e+00 5.94022385e-01 2.75198651e+02
  1.32257848e-01 1.01386695e+02]
 [2.69585243e+01 8.15090738e+00 5.94022385e-01 2.75198651e+02
  1.32257848e-01 1.01386695e+02]
 [2.69585243e+01 8.15090738e+00 5.94022385e-01 2.75198651e+02
  1.32257848e-01 1.01386695e+02]
 [2.69585243e+01 8.15090738e+00 5.94022385e-01 2.75198651e+02
  1.32257848e-01 1.01386695e+02]
 [2.69585243e+01 8.15090738e+00 5.94022385e-01 2.75198651e+02
  1.32257848e-01 1.01386695e+02]
 [2.69585243e+01 8.15090738e+00 5.94022385e-01 2.75198651e+02
  1.32257848e-01 1.01386695e+02]
 [2.69585243e+01 8.15090738e+00 5.94022385e-01 2.75198651e+02
  1.32257848e-01 1.01386695e+02]
 [2.69585243e+01 8.15090738e+00 5.94022385e-01 2.75198651e+02
  1.32257848e-01 1.01386695e+02]
 [2.69585243e+01 8.15090738e+00 5.94022385e-01 2.75198651e+02
  1.32257848e-01 1.01386695e+02]
 [2.69585243e+01 8.15090738e+00 5.94022385e-01 2.75198651e+02
  1.32257848e-01 1.01386695e+02]
 [2.69585243e+01 8.15090738e+00 5.94022385e-01 2.75198651e+02
  1.32257848e-01 1.01386695e+02]
 [2.69585243e+01 8.15090738e+00 5.94022385e-01 2.75198651e+02
  1.32257848e-01 1.01386695e+02]
 [2.69585243e+01 8.15090738e+00 5.94022385e-01 2.75198651e+02
  1.32257848e-01 1.01386695e+02]
 [2.69585243e+01 8.15090738e+00 5.94022385e-01 2.75198651e+02
  1.32257848e-01 1.01386695e+02]
 [2.69585243e+01 8.15090738e+00 5.94022385e-01 2.75198651e+02
  1.32257848e-01 1.01386695e+02]
 [2.69585243e+01 8.15090738e+00 5.94022385e-01 2.75198651e+02
  1.32257848e-01 1.01386695e+02]
 [2.69585243e+01 8.15090738e+00 5.94022385e-01 2.75198651e+02
  1.32257848e-01 1.01386695e+02]
 [2.69585243e+01 8.15090738e+00 5.94022385e-01 2.75198651e+02
  1.32257848e-01 1.01386695e+02]
 [2.69585243e+01 8.15090738e+00 5.94022385e-01 2.75198651e+02
  1.32257848e-01 1.01386695e+02]
 [2.69585243e+01 8.15090738e+00 5.94022385e-01 2.75198651e+02
  1.32257848e-01 1.01386695e+02]
 [2.69585243e+01 8.15090738e+00 5.94022385e-01 2.75198651e+02
  1.32257848e-01 1.01386695e+02]
 [2.69585243e+01 8.15090738e+00 5.94022385e-01 2.75198651e+02
  1.32257848e-01 1.01386695e+02]
 [2.69585243e+01 8.15090738e+00 5.94022385e-01 2.75198651e+02
  1.32257848e-01 1.01386695e+02]
 [2.69585243e+01 8.15090738e+00 5.94022385e-01 2.75198651e+02
  1.32257848e-01 1.01386695e+02]]"
9,10,"[[ 402.59400226  413.60190252  418.45832065  425.18096386  371.61470369
  -312.45205414]
 [ 402.59400226  401.63089017  418.45832065  429.17834814  372.06238786
  -312.20345727]
 [ 402.59400226  407.72428224  418.45832065  422.76213636  369.30017685
  -289.04139996]
 [ 402.59400226  407.3855986   416.0263948   423.25354736  369.24245118
  -289.64944984]
 [ 449.71513553  411.08394437  418.84998176  425.18096386  371.62213807
  -303.18028471]
 [ 449.71513553  411.08394437  417.52326184  425.18096386  371.62213807
  -306.07425575]
 [ 402.59400226  401.63089017  418.45832065  422.76213636  370.75690224
  -289.04139996]
 [ 402.59400226  413.60190252  416.0263948   423.25354736  368.85909369
  -320.87175599]
 [ 447.91149551  407.5197303   416.45890184  423.87370546  372.06238786
  -312.20345727]
 [ 449.71513553  411.08394437  417.52326184  425.18096386  372.06238786
  -292.92462035]
 [ 450.70581136  411.08394437  418.45832065  425.18096386  371.29319333
  -301.55053272]
 [ 449.71513553  407.5197303   416.0263948   423.25354736  371.65985557
  -300.40505975]
 [ 449.71513553  407.72428224  417.52326184  422.76213636  370.75690224
  -303.18028471]
 [ 449.71513553  405.79818867  416.0263948   423.25354736  371.65985557
  -300.40505975]
 [-299.87524053  407.72428224  417.57737291  422.76213636  372.06238786
  -301.55053272]
 [ 450.70581136  407.72428224  417.24308826  422.76213636  372.06238786
  -312.20345727]
 [-305.50615083  407.72428224  417.57737291  423.87370546  372.06238786
  -303.18028471]
 [ 450.70581136  407.5197303   417.24308826  423.87370546  372.06238786
  -312.20345727]
 [ 450.70581136  407.72428224  417.57737291  425.18096386  370.75690224
  -303.18028471]
 [ 447.91149551  401.63089017  418.45832065  423.87370546  372.06238786
  -312.20345727]
 [ 447.91149551  401.63089017  417.24308826  425.18096386  372.06238786
  -312.20345727]
 [ 450.70581136  411.08394437  422.58765102  410.32554191  371.62213807
  -312.45205414]
 [ 450.70581136  411.08394437  422.58765102  410.32554191  371.61470369
  -312.45205414]
 [ 449.71513553  403.65586667  417.52326184  422.76213636  372.06238786
  -292.92462035]
 [ 449.71513553  407.72428224  417.52326184  422.76213636  369.30017685
  -306.07425575]]","[-2066.75060145 -2026.07105022 -2022.03639847 -2019.80833746
 -2014.3975601  -2011.92573386 -2011.4415206  -2010.91150515
 -2007.47513791 -2006.02259473 -2004.24701083 -2003.02910612
 -1997.72684214 -1996.99236308 -1991.61117888 -1990.85890067
 -1990.77824403 -1989.52808154 -1989.10737449 -1985.79130698
 -1983.66285969 -1983.48193971 -1983.41365658 -1983.08060359
 -1982.65888006]","[[4.06942575e+01 1.05951401e+01 5.56580725e-01 5.55395158e+02
  1.02706785e-01 1.80604507e+02]
 [4.06942575e+01 1.05951401e+01 5.56580725e-01 5.55395158e+02
  1.02706785e-01 1.80604507e+02]
 [4.06942575e+01 1.05951401e+01 5.56580725e-01 5.55395158e+02
  1.02706785e-01 1.80604507e+02]
 [4.06942575e+01 1.05951401e+01 5.56580725e-01 5.55395158e+02
  1.02706785e-01 1.80604507e+02]
 [4.06942575e+01 1.05951401e+01 5.56580725e-01 5.55395158e+02
  1.02706785e-01 1.80604507e+02]
 [4.06942575e+01 1.05951401e+01 5.56580725e-01 5.55395158e+02
  1.02706785e-01 1.80604507e+02]
 [4.06942575e+01 1.05951401e+01 5.56580725e-01 5.55395158e+02
  1.02706785e-01 1.80604507e+02]
 [4.06942575e+01 1.05951401e+01 5.56580725e-01 5.55395158e+02
  1.02706785e-01 1.80604507e+02]
 [4.06942575e+01 1.05951401e+01 5.56580725e-01 5.55395158e+02
  1.02706785e-01 1.80604507e+02]
 [4.06942575e+01 1.05951401e+01 5.56580725e-01 5.55395158e+02
  1.02706785e-01 1.80604507e+02]
 [4.06942575e+01 1.05951401e+01 5.56580725e-01 5.55395158e+02
  1.02706785e-01 1.80604507e+02]
 [4.06942575e+01 1.05951401e+01 5.56580725e-01 5.55395158e+02
  1.02706785e-01 1.80604507e+02]
 [4.06942575e+01 1.05951401e+01 5.56580725e-01 5.55395158e+02
  1.02706785e-01 1.80604507e+02]
 [4.06942575e+01 1.05951401e+01 5.56580725e-01 5.55395158e+02
  1.02706785e-01 1.80604507e+02]
 [4.06942575e+01 1.05951401e+01 5.56580725e-01 5.55395158e+02
  1.02706785e-01 1.80604507e+02]
 [4.06942575e+01 1.05951401e+01 5.56580725e-01 5.55395158e+02
  1.02706785e-01 1.80604507e+02]
 [4.06942575e+01 1.05951401e+01 5.56580725e-01 5.55395158e+02
  1.02706785e-01 1.80604507e+02]
 [4.06942575e+01 1.05951401e+01 5.56580725e-01 5.55395158e+02
  1.02706785e-01 1.80604507e+02]
 [4.06942575e+01 1.05951401e+01 5.56580725e-01 5.55395158e+02
  1.02706785e-01 1.80604507e+02]
 [4.06942575e+01 1.05951401e+01 5.56580725e-01 5.55395158e+02
  1.02706785e-01 1.80604507e+02]
 [4.06942575e+01 1.05951401e+01 5.56580725e-01 5.55395158e+02
  1.02706785e-01 1.80604507e+02]
 [4.06942575e+01 1.05951401e+01 5.56580725e-01 5.55395158e+02
  1.02706785e-01 1.80604507e+02]
 [4.06942575e+01 1.05951401e+01 5.56580725e-01 5.55395158e+02
  1.02706785e-01 1.80604507e+02]
 [4.06942575e+01 1.05951401e+01 5.56580725e-01 5.55395158e+02
  1.02706785e-01 1.80604507e+02]
 [4.06942575e+01 1.05951401e+01 5.56580725e-01 5.55395158e+02
  1.02706785e-01 1.80604507e+02]]"
10,11,"[[ 402.59400226  413.60190252  416.45890184  423.25354736  372.06238786
  -312.20345727]
 [ 402.59400226  413.60190252  418.45832065  425.18096386  371.61470369
  -312.45205414]
 [ 402.59400226  413.60190252  418.45832065  422.76213636  370.75690224
  -312.45205414]
 [ 402.59400226  411.08394437  417.52326184  422.76213636  372.06238786
  -289.04139996]
 [ 402.59400226  407.3855986   416.0263948   423.25354736  372.06238786
  -312.20345727]
 [ 402.59400226  407.5197303   418.45832065  423.25354736  371.65985557
  -312.45205414]
 [ 402.59400226  411.08394437  418.45832065  425.18096386  371.62213807
  -289.04139996]
 [ 402.59400226  411.08394437  418.45832065  425.18096386  371.62213807
  -289.04139996]
 [ 402.59400226  407.5197303   417.24308826  423.87370546  371.61470369
  -312.45205414]
 [ 402.59400226  407.3855986   417.24308826  423.25354736  372.06238786
  -289.64944984]
 [ 402.59400226  407.72428224  417.52326184  422.76213636  372.06238786
  -289.04139996]
 [ 402.59400226  407.3855986   416.0263948   423.25354736  371.65985557
  -289.64944984]
 [ 402.59400226  411.08394437  416.0263948   423.25354736  368.85909369
  -312.45205414]
 [ 402.59400226  401.63089017  418.45832065  425.18096386  371.61470369
  -312.20345727]
 [ 402.59400226  401.63089017  417.24308826  425.18096386  371.61470369
  -312.20345727]
 [ 447.91149551  411.08394437  418.45832065  425.18096386  371.62213807
  -303.18028471]
 [ 402.59400226  401.63089017  418.45832065  429.17834814  372.06238786
  -312.20345727]
 [ 402.59400226  401.63089017  418.45832065  429.17834814  372.06238786
  -312.20345727]
 [ 447.91149551  411.08394437  417.52326184  423.87370546  371.62213807
  -306.07425575]
 [ 402.59400226  407.5197303   416.0263948   423.25354736  371.65985557
  -320.87175599]
 [ 402.59400226  407.3855986   416.0263948   423.25354736  369.24245118
  -289.64944984]
 [ 447.91149551  413.60190252  418.45832065  425.18096386  371.61470369
  -312.20345727]
 [ 447.91149551  407.5197303   416.45890184  423.87370546  372.06238786
  -303.18028471]
 [ 402.59400226  407.3855986   416.0263948   422.76213636  369.24245118
  -289.04139996]
 [ 449.71513553  411.08394437  417.52326184  422.76213636  372.06238786
  -306.07425575]]","[-2071.28571669 -2066.75060145 -2060.68163407 -2056.47358328
 -2054.63960554 -2053.05930642 -2051.30325228 -2051.30325228
 -2051.28466329 -2047.20543296 -2046.86933605 -2042.19017943
 -2035.09441987 -2028.22816848 -2027.27462804 -2026.09626141
 -2026.07105022 -2026.07105022 -2025.02769138 -2021.18623963
 -2019.80833746 -2019.64758751 -2019.26728996 -2018.10275218
 -2017.79693573]","[[6.14285329e+01 1.37723309e+01 5.21499041e-01 1.12087679e+03
  7.97584700e-02 3.21718626e+02]
 [6.14285329e+01 1.37723309e+01 5.21499041e-01 1.12087679e+03
  7.97584700e-02 3.21718626e+02]
 [6.14285329e+01 1.37723309e+01 5.21499041e-01 1.12087679e+03
  7.97584700e-02 3.21718626e+02]
 [6.14285329e+01 1.37723309e+01 5.21499041e-01 1.12087679e+03
  7.97584700e-02 3.21718626e+02]
 [6.14285329e+01 1.37723309e+01 5.21499041e-01 1.12087679e+03
  7.97584700e-02 3.21718626e+02]
 [6.14285329e+01 1.37723309e+01 5.21499041e-01 1.12087679e+03
  7.97584700e-02 3.21718626e+02]
 [6.14285329e+01 1.37723309e+01 5.21499041e-01 1.12087679e+03
  7.97584700e-02 3.21718626e+02]
 [6.14285329e+01 1.37723309e+01 5.21499041e-01 1.12087679e+03
  7.97584700e-02 3.21718626e+02]
 [6.14285329e+01 1.37723309e+01 5.21499041e-01 1.12087679e+03
  7.97584700e-02 3.21718626e+02]
 [6.14285329e+01 1.37723309e+01 5.21499041e-01 1.12087679e+03
  7.97584700e-02 3.21718626e+02]
 [6.14285329e+01 1.37723309e+01 5.21499041e-01 1.12087679e+03
  7.97584700e-02 3.21718626e+02]
 [6.14285329e+01 1.37723309e+01 5.21499041e-01 1.12087679e+03
  7.97584700e-02 3.21718626e+02]
 [6.14285329e+01 1.37723309e+01 5.21499041e-01 1.12087679e+03
  7.97584700e-02 3.21718626e+02]
 [6.14285329e+01 1.37723309e+01 5.21499041e-01 1.12087679e+03
  7.97584700e-02 3.21718626e+02]
 [6.14285329e+01 1.37723309e+01 5.21499041e-01 1.12087679e+03
  7.97584700e-02 3.21718626e+02]
 [6.14285329e+01 1.37723309e+01 5.21499041e-01 1.12087679e+03
  7.97584700e-02 3.21718626e+02]
 [6.14285329e+01 1.37723309e+01 5.21499041e-01 1.12087679e+03
  7.97584700e-02 3.21718626e+02]
 [6.14285329e+01 1.37723309e+01 5.21499041e-01 1.12087679e+03
  7.97584700e-02 3.21718626e+02]
 [6.14285329e+01 1.37723309e+01 5.21499041e-01 1.12087679e+03
  7.97584700e-02 3.21718626e+02]
 [6.14285329e+01 1.37723309e+01 5.21499041e-01 1.12087679e+03
  7.97584700e-02 3.21718626e+02]
 [6.14285329e+01 1.37723309e+01 5.21499041e-01 1.12087679e+03
  7.97584700e-02 3.21718626e+02]
 [6.14285329e+01 1.37723309e+01 5.21499041e-01 1.12087679e+03
  7.97584700e-02 3.21718626e+02]
 [6.14285329e+01 1.37723309e+01 5.21499041e-01 1.12087679e+03
  7.97584700e-02 3.21718626e+02]
 [6.14285329e+01 1.37723309e+01 5.21499041e-01 1.12087679e+03
  7.97584700e-02 3.21718626e+02]
 [6.14285329e+01 1.37723309e+01 5.21499041e-01 1.12087679e+03
  7.97584700e-02 3.21718626e+02]]"
11,12,"[[ 402.59400226  411.08394437  417.52326184  422.76213636  372.06238786
  -306.07425575]
 [ 402.59400226  411.08394437  416.45890184  423.87370546  372.06238786
  -303.18028471]
 [ 402.59400226  413.60190252  418.45832065  423.25354736  372.06238786
  -312.20345727]
 [ 402.59400226  411.08394437  417.52326184  425.18096386  371.62213807
  -306.07425575]
 [ 402.59400226  413.60190252  416.45890184  423.25354736  372.06238786
  -312.20345727]
 [ 402.59400226  413.60190252  418.45832065  425.18096386  371.65985557
  -312.20345727]
 [ 402.59400226  413.60190252  418.45832065  425.18096386  371.61470369
  -312.20345727]
 [ 402.59400226  413.60190252  418.45832065  425.18096386  371.61470369
  -312.45205414]
 [ 402.59400226  413.60190252  418.45832065  425.18096386  371.61470369
  -312.45205414]
 [ 402.59400226  407.3855986   417.52326184  422.76213636  372.06238786
  -306.07425575]
 [ 402.59400226  407.5197303   418.45832065  423.87370546  371.61470369
  -303.18028471]
 [ 402.59400226  411.08394437  418.45832065  423.25354736  371.62213807
  -312.20345727]
 [ 402.59400226  411.08394437  418.45832065  422.76213636  371.62213807
  -312.45205414]
 [ 402.59400226  411.08394437  418.45832065  425.18096386  371.62213807
  -312.20345727]
 [ 402.59400226  411.08394437  418.45832065  425.18096386  371.62213807
  -312.20345727]
 [ 402.59400226  411.08394437  418.45832065  425.18096386  371.62213807
  -312.45205414]
 [ 402.59400226  413.60190252  418.45832065  422.76213636  370.75690224
  -312.20345727]
 [ 402.59400226  413.60190252  418.45832065  423.25354736  370.75690224
  -312.20345727]
 [ 402.59400226  413.60190252  418.45832065  422.76213636  370.75690224
  -312.45205414]
 [ 402.59400226  411.08394437  417.24308826  425.18096386  371.61470369
  -312.45205414]
 [ 402.59400226  407.5197303   416.45890184  429.17834814  372.06238786
  -303.18028471]
 [ 402.59400226  413.60190252  417.24308826  423.25354736  370.75690224
  -312.45205414]
 [ 402.59400226  411.08394437  416.0263948   425.18096386  371.62213807
  -312.45205414]
 [ 402.59400226  413.60190252  418.45832065  425.18096386  371.61470369
  -289.64944984]
 [ 402.59400226  413.60190252  418.45832065  422.76213636  371.61470369
  -289.04139996]]","[-2077.44080982 -2077.25965668 -2073.05082364 -2071.56960795
 -2071.28571669 -2067.77906282 -2067.36441093 -2066.75060145
 -2066.75060145 -2066.71974379 -2064.64416526 -2063.60229042
 -2063.24155322 -2062.02093278 -2062.02093278 -2061.4071233
 -2061.29544354 -2061.04237126 -2060.68163407 -2060.38529974
 -2059.5470332  -2059.47502134 -2059.12873251 -2058.60538799
 -2058.48116035]","[[9.27272025e+01 1.79022737e+01 4.88628580e-01 2.26210971e+03
  6.19376175e-02 5.73091313e+02]
 [9.27272025e+01 1.79022737e+01 4.88628580e-01 2.26210971e+03
  6.19376175e-02 5.73091313e+02]
 [9.27272025e+01 1.79022737e+01 4.88628580e-01 2.26210971e+03
  6.19376175e-02 5.73091313e+02]
 [9.27272025e+01 1.79022737e+01 4.88628580e-01 2.26210971e+03
  6.19376175e-02 5.73091313e+02]
 [9.27272025e+01 1.79022737e+01 4.88628580e-01 2.26210971e+03
  6.19376175e-02 5.73091313e+02]
 [9.27272025e+01 1.79022737e+01 4.88628580e-01 2.26210971e+03
  6.19376175e-02 5.73091313e+02]
 [9.27272025e+01 1.79022737e+01 4.88628580e-01 2.26210971e+03
  6.19376175e-02 5.73091313e+02]
 [9.27272025e+01 1.79022737e+01 4.88628580e-01 2.26210971e+03
  6.19376175e-02 5.73091313e+02]
 [9.27272025e+01 1.79022737e+01 4.88628580e-01 2.26210971e+03
  6.19376175e-02 5.73091313e+02]
 [9.27272025e+01 1.79022737e+01 4.88628580e-01 2.26210971e+03
  6.19376175e-02 5.73091313e+02]
 [9.27272025e+01 1.79022737e+01 4.88628580e-01 2.26210971e+03
  6.19376175e-02 5.73091313e+02]
 [9.27272025e+01 1.79022737e+01 4.88628580e-01 2.26210971e+03
  6.19376175e-02 5.73091313e+02]
 [9.27272025e+01 1.79022737e+01 4.88628580e-01 2.26210971e+03
  6.19376175e-02 5.73091313e+02]
 [9.27272025e+01 1.79022737e+01 4.88628580e-01 2.26210971e+03
  6.19376175e-02 5.73091313e+02]
 [9.27272025e+01 1.79022737e+01 4.88628580e-01 2.26210971e+03
  6.19376175e-02 5.73091313e+02]
 [9.27272025e+01 1.79022737e+01 4.88628580e-01 2.26210971e+03
  6.19376175e-02 5.73091313e+02]
 [9.27272025e+01 1.79022737e+01 4.88628580e-01 2.26210971e+03
  6.19376175e-02 5.73091313e+02]
 [9.27272025e+01 1.79022737e+01 4.88628580e-01 2.26210971e+03
  6.19376175e-02 5.73091313e+02]
 [9.27272025e+01 1.79022737e+01 4.88628580e-01 2.26210971e+03
  6.19376175e-02 5.73091313e+02]
 [9.27272025e+01 1.79022737e+01 4.88628580e-01 2.26210971e+03
  6.19376175e-02 5.73091313e+02]
 [9.27272025e+01 1.79022737e+01 4.88628580e-01 2.26210971e+03
  6.19376175e-02 5.73091313e+02]
 [9.27272025e+01 1.79022737e+01 4.88628580e-01 2.26210971e+03
  6.19376175e-02 5.73091313e+02]
 [9.27272025e+01 1.79022737e+01 4.88628580e-01 2.26210971e+03
  6.19376175e-02 5.73091313e+02]
 [9.27272025e+01 1.79022737e+01 4.88628580e-01 2.26210971e+03
  6.19376175e-02 5.73091313e+02]
 [9.27272025e+01 1.79022737e+01 4.88628580e-01 2.26210971e+03
  6.19376175e-02 5.73091313e+02]]"
12,13,"[[ 402.59400226  413.60190252  418.45832065  423.25354736  372.06238786
  -303.18028471]
 [ 402.59400226  413.60190252  417.24308826  423.25354736  372.06238786
  -303.18028471]
 [ 402.59400226  413.60190252  418.45832065  422.76213636  371.61470369
  -303.18028471]
 [ 402.59400226  413.60190252  418.45832065  423.87370546  371.65985557
  -303.18028471]
 [ 402.59400226  413.60190252  418.45832065  423.87370546  371.61470369
  -303.18028471]
 [ 402.59400226  413.60190252  418.45832065  423.87370546  371.61470369
  -303.18028471]
 [ 402.59400226  411.08394437  418.45832065  422.76213636  372.06238786
  -303.18028471]
 [ 402.59400226  411.08394437  418.45832065  422.76213636  372.06238786
  -303.18028471]
 [ 402.59400226  411.08394437  418.45832065  422.76213636  372.06238786
  -303.18028471]
 [ 402.59400226  413.60190252  418.45832065  425.18096386  371.65985557
  -306.07425575]
 [ 402.59400226  413.60190252  418.45832065  425.18096386  371.61470369
  -306.07425575]
 [ 402.59400226  411.08394437  417.52326184  422.76213636  372.06238786
  -306.07425575]
 [ 402.59400226  411.08394437  417.52326184  422.76213636  372.06238786
  -306.07425575]
 [ 402.59400226  411.08394437  416.45890184  423.87370546  372.06238786
  -303.18028471]
 [ 402.59400226  411.08394437  416.45890184  423.87370546  372.06238786
  -303.18028471]
 [ 402.59400226  411.08394437  416.45890184  422.76213636  372.06238786
  -306.07425575]
 [ 402.59400226  411.08394437  416.45890184  423.87370546  372.06238786
  -306.07425575]
 [ 402.59400226  411.08394437  417.52326184  425.18096386  372.06238786
  -306.07425575]
 [ 402.59400226  411.08394437  417.52326184  425.18096386  372.06238786
  -306.07425575]
 [ 402.59400226  411.08394437  417.24308826  423.87370546  371.61470369
  -303.18028471]
 [ 402.59400226  411.08394437  418.45832065  425.18096386  371.61470369
  -303.18028471]
 [ 402.59400226  411.08394437  417.52326184  422.76213636  371.62213807
  -306.07425575]
 [ 402.59400226  413.60190252  418.45832065  422.76213636  370.75690224
  -303.18028471]
 [ 402.59400226  413.60190252  418.45832065  423.25354736  372.06238786
  -312.20345727]
 [ 402.59400226  413.60190252  418.45832065  423.25354736  372.06238786
  -312.20345727]]","[-2084.84297569 -2083.88943525 -2080.9909929  -2080.74612172
 -2080.33146983 -2080.33146983 -2079.6842867  -2079.6842867
 -2079.6842867  -2078.02860886 -2077.61395696 -2077.44080982
 -2077.44080982 -2077.25965668 -2077.25965668 -2076.37657374
 -2075.71705067 -2075.6063799  -2075.6063799  -2073.96616812
 -2073.74480171 -2073.40403787 -2073.08759559 -2073.05082364
 -2073.05082364]","[[1.39972968e+02 2.32706727e+01 4.57829968e-01 4.56530137e+03
  4.80985714e-02 1.02087236e+03]
 [1.39972968e+02 2.32706727e+01 4.57829968e-01 4.56530137e+03
  4.80985714e-02 1.02087236e+03]
 [1.39972968e+02 2.32706727e+01 4.57829968e-01 4.56530137e+03
  4.80985714e-02 1.02087236e+03]
 [1.39972968e+02 2.32706727e+01 4.57829968e-01 4.56530137e+03
  4.80985714e-02 1.02087236e+03]
 [1.39972968e+02 2.32706727e+01 4.57829968e-01 4.56530137e+03
  4.80985714e-02 1.02087236e+03]
 [1.39972968e+02 2.32706727e+01 4.57829968e-01 4.56530137e+03
  4.80985714e-02 1.02087236e+03]
 [1.39972968e+02 2.32706727e+01 4.57829968e-01 4.56530137e+03
  4.80985714e-02 1.02087236e+03]
 [1.39972968e+02 2.32706727e+01 4.57829968e-01 4.56530137e+03
  4.80985714e-02 1.02087236e+03]
 [1.39972968e+02 2.32706727e+01 4.57829968e-01 4.56530137e+03
  4.80985714e-02 1.02087236e+03]
 [1.39972968e+02 2.32706727e+01 4.57829968e-01 4.56530137e+03
  4.80985714e-02 1.02087236e+03]
 [1.39972968e+02 2.32706727e+01 4.57829968e-01 4.56530137e+03
  4.80985714e-02 1.02087236e+03]
 [1.39972968e+02 2.32706727e+01 4.57829968e-01 4.56530137e+03
  4.80985714e-02 1.02087236e+03]
 [1.39972968e+02 2.32706727e+01 4.57829968e-01 4.56530137e+03
  4.80985714e-02 1.02087236e+03]
 [1.39972968e+02 2.32706727e+01 4.57829968e-01 4.56530137e+03
  4.80985714e-02 1.02087236e+03]
 [1.39972968e+02 2.32706727e+01 4.57829968e-01 4.56530137e+03
  4.80985714e-02 1.02087236e+03]
 [1.39972968e+02 2.32706727e+01 4.57829968e-01 4.56530137e+03
  4.80985714e-02 1.02087236e+03]
 [1.39972968e+02 2.32706727e+01 4.57829968e-01 4.56530137e+03
  4.80985714e-02 1.02087236e+03]
 [1.39972968e+02 2.32706727e+01 4.57829968e-01 4.56530137e+03
  4.80985714e-02 1.02087236e+03]
 [1.39972968e+02 2.32706727e+01 4.57829968e-01 4.56530137e+03
  4.80985714e-02 1.02087236e+03]
 [1.39972968e+02 2.32706727e+01 4.57829968e-01 4.56530137e+03
  4.80985714e-02 1.02087236e+03]
 [1.39972968e+02 2.32706727e+01 4.57829968e-01 4.56530137e+03
  4.80985714e-02 1.02087236e+03]
 [1.39972968e+02 2.32706727e+01 4.57829968e-01 4.56530137e+03
  4.80985714e-02 1.02087236e+03]
 [1.39972968e+02 2.32706727e+01 4.57829968e-01 4.56530137e+03
  4.80985714e-02 1.02087236e+03]
 [1.39972968e+02 2.32706727e+01 4.57829968e-01 4.56530137e+03
  4.80985714e-02 1.02087236e+03]
 [1.39972968e+02 2.32706727e+01 4.57829968e-01 4.56530137e+03
  4.80985714e-02 1.02087236e+03]]"
13,14,"[[ 402.59400226  413.60190252  418.45832065  422.76213636  372.06238786
  -303.18028471]
 [ 402.59400226  413.60190252  418.45832065  422.76213636  372.06238786
  -303.18028471]
 [ 402.59400226  413.60190252  418.45832065  422.76213636  372.06238786
  -303.18028471]
 [ 402.59400226  413.60190252  418.45832065  422.76213636  372.06238786
  -303.18028471]
 [ 402.59400226  413.60190252  418.45832065  423.25354736  372.06238786
  -303.18028471]
 [ 402.59400226  413.60190252  418.45832065  423.25354736  372.06238786
  -303.18028471]
 [ 402.59400226  413.60190252  418.45832065  423.25354736  372.06238786
  -303.18028471]
 [ 402.59400226  413.60190252  418.45832065  423.25354736  372.06238786
  -303.18028471]
 [ 402.59400226  413.60190252  418.45832065  423.25354736  372.06238786
  -303.18028471]
 [ 402.59400226  413.60190252  418.45832065  423.25354736  372.06238786
  -303.18028471]
 [ 402.59400226  413.60190252  417.24308826  423.25354736  372.06238786
  -303.18028471]
 [ 402.59400226  413.60190252  417.24308826  423.25354736  372.06238786
  -303.18028471]
 [ 402.59400226  413.60190252  417.24308826  423.25354736  372.06238786
  -303.18028471]
 [ 402.59400226  413.60190252  417.24308826  423.25354736  372.06238786
  -303.18028471]
 [ 402.59400226  413.60190252  417.24308826  423.25354736  372.06238786
  -303.18028471]
 [ 402.59400226  413.60190252  418.45832065  422.76213636  372.06238786
  -306.07425575]
 [ 402.59400226  413.60190252  417.24308826  423.87370546  372.06238786
  -303.18028471]
 [ 402.59400226  413.60190252  418.45832065  423.25354736  372.06238786
  -306.07425575]
 [ 402.59400226  413.60190252  418.45832065  425.18096386  372.06238786
  -303.18028471]
 [ 402.59400226  413.60190252  416.45890184  423.25354736  372.06238786
  -303.18028471]
 [ 402.59400226  413.60190252  416.45890184  423.87370546  372.06238786
  -303.18028471]
 [ 402.59400226  413.60190252  417.52326184  423.25354736  372.06238786
  -306.07425575]
 [ 402.59400226  413.60190252  417.24308826  425.18096386  372.06238786
  -303.18028471]
 [ 402.59400226  413.60190252  416.45890184  425.18096386  372.06238786
  -303.18028471]
 [ 402.59400226  413.60190252  417.52326184  425.18096386  372.06238786
  -306.07425575]]","[-2085.09604797 -2085.09604797 -2085.09604797 -2085.09604797
 -2084.84297569 -2084.84297569 -2084.84297569 -2084.84297569
 -2084.84297569 -2084.84297569 -2083.88943525 -2083.88943525
 -2083.88943525 -2083.88943525 -2083.88943525 -2083.55344195
 -2083.48298446 -2083.30036967 -2083.26161805 -2083.07786875
 -2082.67141795 -2082.59949881 -2082.3080776  -2081.4965111
 -2081.01814117]","[[2.11291091e+02 3.02489067e+01 4.28972615e-01 9.21351272e+03
  3.73516558e-02 1.81852412e+03]
 [2.11291091e+02 3.02489067e+01 4.28972615e-01 9.21351272e+03
  3.73516558e-02 1.81852412e+03]
 [2.11291091e+02 3.02489067e+01 4.28972615e-01 9.21351272e+03
  3.73516558e-02 1.81852412e+03]
 [2.11291091e+02 3.02489067e+01 4.28972615e-01 9.21351272e+03
  3.73516558e-02 1.81852412e+03]
 [2.11291091e+02 3.02489067e+01 4.28972615e-01 9.21351272e+03
  3.73516558e-02 1.81852412e+03]
 [2.11291091e+02 3.02489067e+01 4.28972615e-01 9.21351272e+03
  3.73516558e-02 1.81852412e+03]
 [2.11291091e+02 3.02489067e+01 4.28972615e-01 9.21351272e+03
  3.73516558e-02 1.81852412e+03]
 [2.11291091e+02 3.02489067e+01 4.28972615e-01 9.21351272e+03
  3.73516558e-02 1.81852412e+03]
 [2.11291091e+02 3.02489067e+01 4.28972615e-01 9.21351272e+03
  3.73516558e-02 1.81852412e+03]
 [2.11291091e+02 3.02489067e+01 4.28972615e-01 9.21351272e+03
  3.73516558e-02 1.81852412e+03]
 [2.11291091e+02 3.02489067e+01 4.28972615e-01 9.21351272e+03
  3.73516558e-02 1.81852412e+03]
 [2.11291091e+02 3.02489067e+01 4.28972615e-01 9.21351272e+03
  3.73516558e-02 1.81852412e+03]
 [2.11291091e+02 3.02489067e+01 4.28972615e-01 9.21351272e+03
  3.73516558e-02 1.81852412e+03]
 [2.11291091e+02 3.02489067e+01 4.28972615e-01 9.21351272e+03
  3.73516558e-02 1.81852412e+03]
 [2.11291091e+02 3.02489067e+01 4.28972615e-01 9.21351272e+03
  3.73516558e-02 1.81852412e+03]
 [2.11291091e+02 3.02489067e+01 4.28972615e-01 9.21351272e+03
  3.73516558e-02 1.81852412e+03]
 [2.11291091e+02 3.02489067e+01 4.28972615e-01 9.21351272e+03
  3.73516558e-02 1.81852412e+03]
 [2.11291091e+02 3.02489067e+01 4.28972615e-01 9.21351272e+03
  3.73516558e-02 1.81852412e+03]
 [2.11291091e+02 3.02489067e+01 4.28972615e-01 9.21351272e+03
  3.73516558e-02 1.81852412e+03]
 [2.11291091e+02 3.02489067e+01 4.28972615e-01 9.21351272e+03
  3.73516558e-02 1.81852412e+03]
 [2.11291091e+02 3.02489067e+01 4.28972615e-01 9.21351272e+03
  3.73516558e-02 1.81852412e+03]
 [2.11291091e+02 3.02489067e+01 4.28972615e-01 9.21351272e+03
  3.73516558e-02 1.81852412e+03]
 [2.11291091e+02 3.02489067e+01 4.28972615e-01 9.21351272e+03
  3.73516558e-02 1.81852412e+03]
 [2.11291091e+02 3.02489067e+01 4.28972615e-01 9.21351272e+03
  3.73516558e-02 1.81852412e+03]
 [2.11291091e+02 3.02489067e+01 4.28972615e-01 9.21351272e+03
  3.73516558e-02 1.81852412e+03]]"
14,15,"[[ 402.59400226  413.60190252  418.45832065  422.76213636  372.06238786
  -303.18028471]
 [ 402.59400226  413.60190252  418.45832065  422.76213636  372.06238786
  -303.18028471]
 [ 402.59400226  413.60190252  418.45832065  422.76213636  372.06238786
  -303.18028471]
 [ 402.59400226  413.60190252  418.45832065  422.76213636  372.06238786
  -303.18028471]
 [ 402.59400226  413.60190252  418.45832065  422.76213636  372.06238786
  -303.18028471]
 [ 402.59400226  413.60190252  418.45832065  422.76213636  372.06238786
  -303.18028471]
 [ 402.59400226  413.60190252  418.45832065  422.76213636  372.06238786
  -303.18028471]
 [ 402.59400226  413.60190252  418.45832065  422.76213636  372.06238786
  -303.18028471]
 [ 402.59400226  413.60190252  418.45832065  422.76213636  372.06238786
  -303.18028471]
 [ 402.59400226  413.60190252  418.45832065  422.76213636  372.06238786
  -303.18028471]
 [ 402.59400226  413.60190252  418.45832065  422.76213636  372.06238786
  -303.18028471]
 [ 402.59400226  413.60190252  418.45832065  422.76213636  372.06238786
  -303.18028471]
 [ 402.59400226  413.60190252  418.45832065  422.76213636  372.06238786
  -303.18028471]
 [ 402.59400226  413.60190252  418.45832065  422.76213636  372.06238786
  -303.18028471]
 [ 402.59400226  413.60190252  418.45832065  422.76213636  372.06238786
  -303.18028471]
 [ 402.59400226  413.60190252  418.45832065  422.76213636  372.06238786
  -303.18028471]
 [ 402.59400226  413.60190252  418.45832065  422.76213636  372.06238786
  -303.18028471]
 [ 402.59400226  413.60190252  418.45832065  422.76213636  372.06238786
  -303.18028471]
 [ 402.59400226  413.60190252  418.45832065  422.76213636  372.06238786
  -303.18028471]
 [ 402.59400226  413.60190252  418.45832065  422.76213636  372.06238786
  -303.18028471]
 [ 402.59400226  413.60190252  418.45832065  422.76213636  372.06238786
  -303.18028471]
 [ 402.59400226  413.60190252  418.45832065  422.76213636  372.06238786
  -303.18028471]
 [ 402.59400226  413.60190252  418.45832065  423.25354736  372.06238786
  -303.18028471]
 [ 402.59400226  413.60190252  418.45832065  423.25354736  372.06238786
  -303.18028471]
 [ 402.59400226  413.60190252  418.45832065  423.25354736  372.06238786
  -303.18028471]]","[-2085.09604797 -2085.09604797 -2085.09604797 -2085.09604797
 -2085.09604797 -2085.09604797 -2085.09604797 -2085.09604797
 -2085.09604797 -2085.09604797 -2085.09604797 -2085.09604797
 -2085.09604797 -2085.09604797 -2085.09604797 -2085.09604797
 -2085.09604797 -2085.09604797 -2085.09604797 -2085.09604797
 -2085.09604797 -2085.09604797 -2084.84297569 -2084.84297569
 -2084.84297569]","[[3.18946764e+02 3.93197210e+01 4.01934161e-01 1.85943511e+04
  2.90059798e-02 3.23941573e+03]
 [3.18946764e+02 3.93197210e+01 4.01934161e-01 1.85943511e+04
  2.90059798e-02 3.23941573e+03]
 [3.18946764e+02 3.93197210e+01 4.01934161e-01 1.85943511e+04
  2.90059798e-02 3.23941573e+03]
 [3.18946764e+02 3.93197210e+01 4.01934161e-01 1.85943511e+04
  2.90059798e-02 3.23941573e+03]
 [3.18946764e+02 3.93197210e+01 4.01934161e-01 1.85943511e+04
  2.90059798e-02 3.23941573e+03]
 [3.18946764e+02 3.93197210e+01 4.01934161e-01 1.85943511e+04
  2.90059798e-02 3.23941573e+03]
 [3.18946764e+02 3.93197210e+01 4.01934161e-01 1.85943511e+04
  2.90059798e-02 3.23941573e+03]
 [3.18946764e+02 3.93197210e+01 4.01934161e-01 1.85943511e+04
  2.90059798e-02 3.23941573e+03]
 [3.18946764e+02 3.93197210e+01 4.01934161e-01 1.85943511e+04
  2.90059798e-02 3.23941573e+03]
 [3.18946764e+02 3.93197210e+01 4.01934161e-01 1.85943511e+04
  2.90059798e-02 3.23941573e+03]
 [3.18946764e+02 3.93197210e+01 4.01934161e-01 1.85943511e+04
  2.90059798e-02 3.23941573e+03]
 [3.18946764e+02 3.93197210e+01 4.01934161e-01 1.85943511e+04
  2.90059798e-02 3.23941573e+03]
 [3.18946764e+02 3.93197210e+01 4.01934161e-01 1.85943511e+04
  2.90059798e-02 3.23941573e+03]
 [3.18946764e+02 3.93197210e+01 4.01934161e-01 1.85943511e+04
  2.90059798e-02 3.23941573e+03]
 [3.18946764e+02 3.93197210e+01 4.01934161e-01 1.85943511e+04
  2.90059798e-02 3.23941573e+03]
 [3.18946764e+02 3.93197210e+01 4.01934161e-01 1.85943511e+04
  2.90059798e-02 3.23941573e+03]
 [3.18946764e+02 3.93197210e+01 4.01934161e-01 1.85943511e+04
  2.90059798e-02 3.23941573e+03]
 [3.18946764e+02 3.93197210e+01 4.01934161e-01 1.85943511e+04
  2.90059798e-02 3.23941573e+03]
 [3.18946764e+02 3.93197210e+01 4.01934161e-01 1.85943511e+04
  2.90059798e-02 3.23941573e+03]
 [3.18946764e+02 3.93197210e+01 4.01934161e-01 1.85943511e+04
  2.90059798e-02 3.23941573e+03]
 [3.18946764e+02 3.93197210e+01 4.01934161e-01 1.85943511e+04
  2.90059798e-02 3.23941573e+03]
 [3.18946764e+02 3.93197210e+01 4.01934161e-01 1.85943511e+04
  2.90059798e-02 3.23941573e+03]
 [3.18946764e+02 3.93197210e+01 4.01934161e-01 1.85943511e+04
  2.90059798e-02 3.23941573e+03]
 [3.18946764e+02 3.93197210e+01 4.01934161e-01 1.85943511e+04
  2.90059798e-02 3.23941573e+03]
 [3.18946764e+02 3.93197210e+01 4.01934161e-01 1.85943511e+04
  2.90059798e-02 3.23941573e+03]]"
15,16,"[[ 402.59400226  413.60190252  418.45832065  422.76213636  372.06238786
  -303.18028471]
 [ 402.59400226  413.60190252  418.45832065  422.76213636  372.06238786
  -303.18028471]
 [ 402.59400226  413.60190252  418.45832065  422.76213636  372.06238786
  -303.18028471]
 [ 402.59400226  413.60190252  418.45832065  422.76213636  372.06238786
  -303.18028471]
 [ 402.59400226  413.60190252  418.45832065  422.76213636  372.06238786
  -303.18028471]
 [ 402.59400226  413.60190252  418.45832065  422.76213636  372.06238786
  -303.18028471]
 [ 402.59400226  413.60190252  418.45832065  422.76213636  372.06238786
  -303.18028471]
 [ 402.59400226  413.60190252  418.45832065  422.76213636  372.06238786
  -303.18028471]
 [ 402.59400226  413.60190252  418.45832065  422.76213636  372.06238786
  -303.18028471]
 [ 402.59400226  413.60190252  418.45832065  422.76213636  372.06238786
  -303.18028471]
 [ 402.59400226  413.60190252  418.45832065  422.76213636  372.06238786
  -303.18028471]
 [ 402.59400226  413.60190252  418.45832065  422.76213636  372.06238786
  -303.18028471]
 [ 402.59400226  413.60190252  418.45832065  422.76213636  372.06238786
  -303.18028471]
 [ 402.59400226  413.60190252  418.45832065  422.76213636  372.06238786
  -303.18028471]
 [ 402.59400226  413.60190252  418.45832065  422.76213636  372.06238786
  -303.18028471]
 [ 402.59400226  413.60190252  418.45832065  422.76213636  372.06238786
  -303.18028471]
 [ 402.59400226  413.60190252  418.45832065  422.76213636  372.06238786
  -303.18028471]
 [ 402.59400226  413.60190252  418.45832065  422.76213636  372.06238786
  -303.18028471]
 [ 402.59400226  413.60190252  418.45832065  422.76213636  372.06238786
  -303.18028471]
 [ 402.59400226  413.60190252  418.45832065  422.76213636  372.06238786
  -303.18028471]
 [ 402.59400226  413.60190252  418.45832065  422.76213636  372.06238786
  -303.18028471]
 [ 402.59400226  413.60190252  418.45832065  422.76213636  372.06238786
  -303.18028471]
 [ 402.59400226  413.60190252  418.45832065  422.76213636  372.06238786
  -303.18028471]
 [ 402.59400226  413.60190252  418.45832065  422.76213636  372.06238786
  -303.18028471]
 [ 402.59400226  413.60190252  418.45832065  422.76213636  372.06238786
  -303.18028471]]","[-2085.09604797 -2085.09604797 -2085.09604797 -2085.09604797
 -2085.09604797 -2085.09604797 -2085.09604797 -2085.09604797
 -2085.09604797 -2085.09604797 -2085.09604797 -2085.09604797
 -2085.09604797 -2085.09604797 -2085.09604797 -2085.09604797
 -2085.09604797 -2085.09604797 -2085.09604797 -2085.09604797
 -2085.09604797 -2085.09604797 -2085.09604797 -2085.09604797
 -2085.09604797]","[[4.81454461e+02 5.11106227e+01 3.76599961e-01 3.75263924e+04
  2.25250219e-02 5.77051146e+03]
 [4.81454461e+02 5.11106227e+01 3.76599961e-01 3.75263924e+04
  2.25250219e-02 5.77051146e+03]
 [4.81454461e+02 5.11106227e+01 3.76599961e-01 3.75263924e+04
  2.25250219e-02 5.77051146e+03]
 [4.81454461e+02 5.11106227e+01 3.76599961e-01 3.75263924e+04
  2.25250219e-02 5.77051146e+03]
 [4.81454461e+02 5.11106227e+01 3.76599961e-01 3.75263924e+04
  2.25250219e-02 5.77051146e+03]
 [4.81454461e+02 5.11106227e+01 3.76599961e-01 3.75263924e+04
  2.25250219e-02 5.77051146e+03]
 [4.81454461e+02 5.11106227e+01 3.76599961e-01 3.75263924e+04
  2.25250219e-02 5.77051146e+03]
 [4.81454461e+02 5.11106227e+01 3.76599961e-01 3.75263924e+04
  2.25250219e-02 5.77051146e+03]
 [4.81454461e+02 5.11106227e+01 3.76599961e-01 3.75263924e+04
  2.25250219e-02 5.77051146e+03]
 [4.81454461e+02 5.11106227e+01 3.76599961e-01 3.75263924e+04
  2.25250219e-02 5.77051146e+03]
 [4.81454461e+02 5.11106227e+01 3.76599961e-01 3.75263924e+04
  2.25250219e-02 5.77051146e+03]
 [4.81454461e+02 5.11106227e+01 3.76599961e-01 3.75263924e+04
  2.25250219e-02 5.77051146e+03]
 [4.81454461e+02 5.11106227e+01 3.76599961e-01 3.75263924e+04
  2.25250219e-02 5.77051146e+03]
 [4.81454461e+02 5.11106227e+01 3.76599961e-01 3.75263924e+04
  2.25250219e-02 5.77051146e+03]
 [4.81454461e+02 5.11106227e+01 3.76599961e-01 3.75263924e+04
  2.25250219e-02 5.77051146e+03]
 [4.81454461e+02 5.11106227e+01 3.76599961e-01 3.75263924e+04
  2.25250219e-02 5.77051146e+03]
 [4.81454461e+02 5.11106227e+01 3.76599961e-01 3.75263924e+04
  2.25250219e-02 5.77051146e+03]
 [4.81454461e+02 5.11106227e+01 3.76599961e-01 3.75263924e+04
  2.25250219e-02 5.77051146e+03]
 [4.81454461e+02 5.11106227e+01 3.76599961e-01 3.75263924e+04
  2.25250219e-02 5.77051146e+03]
 [4.81454461e+02 5.11106227e+01 3.76599961e-01 3.75263924e+04
  2.25250219e-02 5.77051146e+03]
 [4.81454461e+02 5.11106227e+01 3.76599961e-01 3.75263924e+04
  2.25250219e-02 5.77051146e+03]
 [4.81454461e+02 5.11106227e+01 3.76599961e-01 3.75263924e+04
  2.25250219e-02 5.77051146e+03]
 [4.81454461e+02 5.11106227e+01 3.76599961e-01 3.75263924e+04
  2.25250219e-02 5.77051146e+03]
 [4.81454461e+02 5.11106227e+01 3.76599961e-01 3.75263924e+04
  2.25250219e-02 5.77051146e+03]
 [4.81454461e+02 5.11106227e+01 3.76599961e-01 3.75263924e+04
  2.25250219e-02 5.77051146e+03]]"
