,population,parents,parents_energy,parents_sigma
0,1,"[[ 402.60586032  482.08036196]
 [-326.09176825   69.45283962]
 [-332.52044003   57.39377203]
 [-346.46795706  221.51410987]
 [ 165.08605202  219.57708484]
 [-144.8946875   472.51534462]
 [-363.39156209 -269.90043793]
 [ 217.11464448  128.30536277]
 [-167.73395315 -116.807032  ]
 [-101.03935931  -81.52188252]
 [ 114.53765782 -125.15275396]
 [ 173.36307346  258.21549959]
 [  82.42820733  -74.00895828]
 [ -70.1782135   156.93646087]
 [ 109.58762937   85.0783636 ]
 [-367.71230837   47.14068555]
 [ 137.04906601  141.43678174]
 [-170.05729021 -455.80050971]
 [-430.70330248   -9.40899304]
 [-430.19000507 -359.47965844]]","[-394.24103563 -293.60357467 -246.87943755 -243.63247283 -216.57675613
 -191.75203598 -101.19039275  -58.16608206  -51.78256715  -27.85336023
  -13.21792578   -6.70742774   26.27136026   66.89784178   77.72520325
   91.91483434  192.05801353  350.46722207  407.73471566  447.86426788]","[[1. 1.]
 [1. 1.]
 [1. 1.]
 [1. 1.]
 [1. 1.]
 [1. 1.]
 [1. 1.]
 [1. 1.]
 [1. 1.]
 [1. 1.]
 [1. 1.]
 [1. 1.]
 [1. 1.]
 [1. 1.]
 [1. 1.]
 [1. 1.]
 [1. 1.]
 [1. 1.]
 [1. 1.]
 [1. 1.]]"
1,2,"[[ 419.47415012  481.48849732]
 [ 412.43689379  482.17937095]
 [ 411.62742364  482.17669913]
 [ 411.11090578   87.18113313]
 [ 402.60586032  482.08036196]
 [ 398.76100173  481.18691718]
 [ 394.99281763  481.68500783]
 [-309.96285843   60.61591384]
 [ 396.81840859  483.20939664]
 [ 191.59376306  220.32329165]
 [ 193.75738478 -267.55461975]
 [ 396.57572827  -10.05187577]
 [-312.90302403   70.69088067]
 [-328.62233168  471.5965676 ]
 [-339.69959047 -271.19576588]
 [-326.09176825   69.45283962]
 [-326.89198959   67.61174884]
 [-111.69392365 -270.81795236]
 [ 173.47558556  217.92284791]
 [-343.80662822  220.511801  ]]","[-441.94922791 -425.56118365 -423.78898358 -414.46285718 -394.24103563
 -385.36472705 -358.68250504 -354.01208517 -352.6400719  -350.93366699
 -350.92867158 -347.14364087 -347.0564327  -345.09019636 -324.93049864
 -293.60357467 -290.48961627 -285.98261194 -275.33719913 -270.94479227]","[[14.0290558   1.22335354]
 [14.0290558   1.22335354]
 [14.0290558   1.22335354]
 [14.0290558   1.22335354]
 [ 1.          1.        ]
 [14.0290558   1.22335354]
 [14.0290558   1.22335354]
 [14.0290558   1.22335354]
 [14.0290558   1.22335354]
 [14.0290558   1.22335354]
 [14.0290558   1.22335354]
 [14.0290558   1.22335354]
 [14.0290558   1.22335354]
 [14.0290558   1.22335354]
 [14.0290558   1.22335354]
 [ 1.          1.        ]
 [14.0290558   1.22335354]
 [14.0290558   1.22335354]
 [14.0290558   1.22335354]
 [14.0290558   1.22335354]]"
2,3,"[[ 419.45473152  218.90811453]
 [ 412.43689379  220.32329165]
 [ 396.81840859  217.92284791]
 [ 394.99281763  217.92284791]
 [ 394.99281763  220.511801  ]
 [ 396.81840859  471.5965676 ]
 [ 411.62742364   70.69088067]
 [ 394.99281763  471.5965676 ]
 [ 419.47415012  481.48849732]
 [ 419.47415012  481.48849732]
 [ 408.96135907  480.4048855 ]
 [ 457.44821894  219.21644058]
 [-282.7060848   218.72145604]
 [ 412.43689379  482.17937095]
 [ 412.43689379  482.17937095]
 [ 412.43689379  482.17937095]
 [ 411.62742364  482.17669913]
 [ 411.62742364  482.17669913]
 [ 411.62742364  482.17669913]
 [ 411.11090578   87.18113313]]","[-591.84718819 -577.50169915 -524.9531306  -514.30125496 -504.45116587
 -476.23480343 -468.18478903 -465.5829278  -441.94922791 -441.94922791
 -436.0487354  -431.45822109 -426.5488272  -425.56118365 -425.56118365
 -425.56118365 -423.78898358 -423.78898358 -423.78898358 -414.46285718]","[[196.81440675   1.49659388]
 [196.81440675   1.49659388]
 [105.42173128   1.35997371]
 [196.81440675   1.49659388]
 [105.42173128   1.35997371]
 [196.81440675   1.49659388]
 [196.81440675   1.49659388]
 [196.81440675   1.49659388]
 [ 14.0290558    1.22335354]
 [196.81440675   1.49659388]
 [196.81440675   1.49659388]
 [196.81440675   1.49659388]
 [196.81440675   1.49659388]
 [105.42173128   1.35997371]
 [ 14.0290558    1.22335354]
 [196.81440675   1.49659388]
 [ 14.0290558    1.22335354]
 [196.81440675   1.49659388]
 [105.42173128   1.35997371]
 [196.81440675   1.49659388]]"
3,4,"[[419.45473152 218.90811453]
 [419.45473152 218.90811453]
 [419.45473152 218.90811453]
 [419.45473152 218.90811453]
 [419.45473152 218.90811453]
 [419.47415012 220.511801  ]
 [411.62742364 217.92284791]
 [411.62742364 217.92284791]
 [411.62742364 217.92284791]
 [412.43689379 218.90811453]
 [411.62742364 218.90811453]
 [411.62742364 219.21644058]
 [412.43689379 220.32329165]
 [412.43689379 220.32329165]
 [412.43689379 220.32329165]
 [412.43689379 220.32329165]
 [412.43689379 220.32329165]
 [412.43689379 220.32329165]
 [412.43689379 220.32329165]
 [412.43689379 220.511801  ]]","[-591.84718819 -591.84718819 -591.84718819 -591.84718819 -591.84718819
 -585.57300655 -584.78200324 -584.78200324 -584.78200324 -583.01489182
 -581.21345972 -580.0509396  -577.50169915 -577.50169915 -577.50169915
 -577.50169915 -577.50169915 -577.50169915 -577.50169915 -576.73334624]","[[1.47896735e+03 1.66372865e+00]
 [8.37890879e+02 1.58016126e+00]
 [1.96814407e+02 1.49659388e+00]
 [2.12004382e+03 1.74729603e+00]
 [1.47896735e+03 1.66372865e+00]
 [2.12004382e+03 1.74729603e+00]
 [2.76112030e+03 1.83086342e+00]
 [2.76112030e+03 1.83086342e+00]
 [2.76112030e+03 1.83086342e+00]
 [2.76112030e+03 1.83086342e+00]
 [2.76112030e+03 1.83086342e+00]
 [2.76112030e+03 1.83086342e+00]
 [1.47896735e+03 1.66372865e+00]
 [2.76112030e+03 1.83086342e+00]
 [2.76112030e+03 1.83086342e+00]
 [1.47896735e+03 1.66372865e+00]
 [1.96814407e+02 1.49659388e+00]
 [2.12004382e+03 1.74729603e+00]
 [2.12004382e+03 1.74729603e+00]
 [2.76112030e+03 1.83086342e+00]]"
4,5,"[[419.47415012 217.92284791]
 [419.45473152 217.92284791]
 [419.45473152 217.92284791]
 [419.45473152 218.90811453]
 [419.45473152 218.90811453]
 [419.45473152 218.90811453]
 [419.45473152 218.90811453]
 [419.45473152 218.90811453]
 [419.45473152 218.90811453]
 [419.45473152 218.90811453]
 [419.45473152 218.90811453]
 [419.45473152 218.90811453]
 [419.45473152 218.90811453]
 [419.45473152 218.90811453]
 [419.45473152 218.90811453]
 [419.45473152 218.90811453]
 [419.45473152 218.90811453]
 [419.45473152 218.90811453]
 [419.45473152 218.90811453]
 [419.45473152 218.90811453]]","[-595.42309565 -595.4157317  -595.4157317  -591.84718819 -591.84718819
 -591.84718819 -591.84718819 -591.84718819 -591.84718819 -591.84718819
 -591.84718819 -591.84718819 -591.84718819 -591.84718819 -591.84718819
 -591.84718819 -591.84718819 -591.84718819 -591.84718819 -591.84718819]","[[2.97422131e+04 2.13756078e+00]
 [2.97422131e+04 2.13756078e+00]
 [3.87359107e+04 2.23979324e+00]
 [8.37890879e+02 1.58016126e+00]
 [2.52453643e+04 2.08644455e+00]
 [3.87359107e+04 2.23979324e+00]
 [2.76112030e+03 1.83086342e+00]
 [2.07485155e+04 2.03532833e+00]
 [1.96814407e+02 1.49659388e+00]
 [2.97422131e+04 2.13756078e+00]
 [2.97422131e+04 2.13756078e+00]
 [1.62516667e+04 1.98421210e+00]
 [3.87359107e+04 2.23979324e+00]
 [2.97422131e+04 2.13756078e+00]
 [1.47896735e+03 1.66372865e+00]
 [1.17548179e+04 1.93309587e+00]
 [1.62516667e+04 1.98421210e+00]
 [2.12004382e+03 1.74729603e+00]
 [2.07485155e+04 2.03532833e+00]
 [3.42390619e+04 2.18867701e+00]]"
5,6,"[[419.47415012 217.92284791]
 [419.47415012 217.92284791]
 [419.47415012 217.92284791]
 [419.47415012 217.92284791]
 [419.45473152 217.92284791]
 [419.45473152 217.92284791]
 [419.45473152 217.92284791]
 [419.45473152 217.92284791]
 [419.45473152 217.92284791]
 [419.45473152 217.92284791]
 [419.45473152 217.92284791]
 [419.45473152 217.92284791]
 [419.45473152 217.92284791]
 [419.45473152 217.92284791]
 [419.45473152 217.92284791]
 [419.45473152 217.92284791]
 [419.45473152 217.92284791]
 [419.45473152 217.92284791]
 [419.45473152 217.92284791]
 [419.45473152 217.92284791]]","[-595.42309565 -595.42309565 -595.42309565 -595.42309565 -595.4157317
 -595.4157317  -595.4157317  -595.4157317  -595.4157317  -595.4157317
 -595.4157317  -595.4157317  -595.4157317  -595.4157317  -595.4157317
 -595.4157317  -595.4157317  -595.4157317  -595.4157317  -595.4157317 ]","[[4.48798439e+05 2.64625915e+00]
 [4.17255167e+05 2.61499254e+00]
 [2.97422131e+04 2.13756078e+00]
 [3.85711896e+05 2.58372593e+00]
 [2.91082082e+05 2.48992611e+00]
 [1.46921601e+05 2.16039476e+00]
 [3.22625353e+05 2.52119272e+00]
 [4.17255167e+05 2.61499254e+00]
 [4.48798439e+05 2.64625915e+00]
 [5.11884981e+05 2.70879237e+00]
 [9.28287559e+04 2.20009400e+00]
 [2.97422131e+04 2.13756078e+00]
 [3.87359107e+04 2.23979324e+00]
 [9.73256047e+04 2.25121023e+00]
 [3.85711896e+05 2.58372593e+00]
 [2.86585233e+05 2.43880988e+00]
 [3.22625353e+05 2.52119272e+00]
 [4.17255167e+05 2.61499254e+00]
 [3.85711896e+05 2.58372593e+00]
 [2.59538810e+05 2.45865950e+00]]"
