,population,best_x,best_energy,running_time
0,15,"[424.10706615 422.54528811 420.57496368 207.42226039 419.3678281
 434.93224476]",-2268.699532917526,0.284782
1,22,"[ 424.94251106  206.3941961   423.69043879  404.66274152 -285.06940006
  419.46809146]",-2103.966433739818,0.385974
2,16,"[-305.68594607  421.91105376  419.88002127  398.54614813  421.01819499
  420.37695637]",-2332.5980230110927,0.26
3,20,"[444.98826728 419.8046384  421.3913607  429.69183587 420.91776059
 438.08762266]",-2396.012508748021,0.47704
4,14,"[ 401.87015154  420.34861175  422.83107849  401.92911216 -290.73915841
  447.20896646]",-2203.4203097781847,0.243022
5,16,"[ 427.06343124  422.25992745  420.52302475  420.94788753 -301.07351697
  420.95483965]",-2390.267466234318,0.271014
6,16,"[ 422.95479617 -302.49645485  419.5002322   406.25146213  420.08919965
 -298.45253457]",-2247.1819662147386,0.258513
7,16,"[ 393.57397946  400.94868615 -299.01531476  401.38288463  415.65443837
  420.20595406]",-2203.8809790409764,0.261991
8,15,"[ 422.51639371  421.48160175  421.13060302  419.60169784 -316.584176
 -303.91310565]",-2251.3258230163588,0.246026
9,12,"[420.00022116 429.47803846 414.44459429 424.46277432 421.33834986
 422.67158633]",-2497.3746157781447,0.202005
10,19,"[ 383.0987268   433.33930458 -303.65075945  422.96612794  421.12836936
  421.02342923]",-2210.1270567928573,0.336999
11,29,"[-312.80525376  412.94891134  420.8559169   377.44776433  420.95297423
  391.95167155]",-2060.8437949269714,0.494
12,16,"[ 428.79887856 -296.62521917  420.92093306  417.41397971  422.04307043
  418.28175636]",-2380.6924682440635,0.266996
13,17,"[430.28792709 420.54704425 417.87903368 412.03438331 421.46309975
 421.31999194]",-2491.6783409141926,0.302329
14,73,"[ 406.02626455  412.45203334  407.19413737 -315.94424846  442.84200059
  414.31424491]",-2247.3898543704713,1.367302
15,13,"[ 408.12287162  421.01321118  418.51676341  420.5487768  -293.54675964
  420.70237395]",-2364.021947851484,0.227989
16,25,"[-305.96940768  420.73580299  420.59544684  421.64022242  420.53014551
  444.55662667]",-2324.9260179560115,0.447119
17,19,"[ 420.81342419 -298.0848637   427.85303165  437.10886546 -303.36705955
  421.74503852]",-2235.7320991217707,0.327979
18,13,"[422.38402046 420.39961446 420.81677256 423.44939227 398.1021354
 419.80813964]",-2448.992039834688,0.237
19,19,"[ 418.42733131  417.45947418 -292.35559972  458.35464923  446.10079341
  419.74465539]",-2134.919663999406,0.308006
20,15,"[-312.43585183 -302.35173113  411.85454457 -291.55262889  420.33130419
  398.58671168]",-2059.6041799208015,0.244003
21,19,"[ 420.30970526 -294.11512576  421.22251525  406.17466649  425.023031
 -297.64435375]",-2235.851043955453,0.322993
22,15,"[440.21736076 429.53641919 422.02395029 380.07951349 421.0688665
 420.88819827]",-2268.099752962548,0.247001
23,17,"[420.76066854 420.92349617 409.52610815 419.71977564 424.56636855
 419.59547094]",-2495.4828541045435,0.287062
24,16,"[422.18729185 415.75424851 417.74859967 402.81807265 420.03525424
 420.80434819]",-2468.281049966353,0.262101
25,19,"[401.23407569 395.33229798 420.73751416 394.61197828 422.01084535
 407.33247454]",-2279.746851467079,0.333994
26,25,"[ 420.98220089  403.47493626  419.22566883  413.85061922  421.02828619
 -310.36726232]",-2343.167621606351,0.450978
27,14,"[423.30853537 419.84242424 405.02629321 412.23230678 424.24542553
 410.15717965]",-2456.0643943014547,0.228031
28,13,"[419.8521994  411.28072343 420.05513829 420.32960318 423.56519619
 419.80178756]",-2500.8172131505953,0.214986
29,23,"[419.78932277 392.36361621 420.79366182 424.65282919 426.97021801
 424.31733855]",-2408.167076603426,0.377982
30,14,"[ 415.49815002  425.36740137  433.79362857  420.79521856 -321.13275699
  416.69860298]",-2323.030124609062,0.225218
31,12,"[ 423.08465603  420.96501348 -299.85530775  447.79068398  456.37504128
  399.47420841]",-2098.242575584888,0.191314
32,13,"[-299.00050805  422.57674805  425.37600005  422.20643384  422.75329539
 -303.75788657]",-2271.8846125290106,0.208016
33,25,"[-306.31788628  420.13262032  420.9311623   409.21232937  421.60403808
  445.13691547]",-2303.982205877859,0.429002
34,18,"[ 423.57430794  422.48174122  442.63919425  438.4541486   418.39017104
 -302.9166682 ]",-2296.8222880606136,0.306988
35,15,"[ 420.44538989  421.04984448  424.83715499  420.61873549  439.94455198
 -284.82823977]",-2310.147745237746,0.258206
36,12,"[414.20410944 403.56749222 422.79535345 419.47009875 426.95882284
 423.51439434]",-2464.7293640274106,0.19253
37,18,"[ 437.41179218  420.39242378  409.78400861  421.29666215 -309.49986469
  421.02039455]",-2339.7475511384005,0.299574
38,14,"[ 405.97561612  408.4025294  -293.72274996  431.23467189  424.61149207
  416.13351173]",-2320.298032864592,0.22901
39,13,"[421.03939617 426.48808777 424.51209762 419.30932144 203.16756938
 438.32090309]",-2253.2447487506256,0.217969
40,16,"[ 405.54747118  418.58302307  398.09322826  419.80994429 -292.64965505
  421.90218105]",-2289.081377989439,0.264998
41,16,"[417.25631169 429.84560474 423.54961548 422.46812725 417.28102844
 419.83557979]",-2499.2248563139165,0.267489
42,13,"[434.5220066  428.25229935 420.27693539 381.03270582 421.89660871
 418.49010924]",-2300.9546128116363,0.221149
43,14,"[ 412.93219188  422.7593951   400.70025965  421.39434638 -299.5287048
 -291.43925888]",-2201.6633402378375,0.249011
44,19,"[ 432.92594638 -303.90889156  419.21417599 -274.85095153  447.56249923
  420.88510705]",-2080.9799225084844,0.347015
45,21,"[-305.54870527  419.27267359  416.85922423  420.03286131  420.44783194
  422.83205506]",-2391.2283728814004,0.376985
46,14,"[435.29964481 391.85862639 422.48231039 435.69174699 420.74521467
 421.70112633]",-2359.343829608952,0.236012
47,17,"[421.41587561 420.85421331 420.4054471  376.1335236  420.1003455
 417.17354647]",-2287.8066201031766,0.300972
48,14,"[415.52497065 423.67003167 422.27181164 416.11463119 457.13891923
 419.8419934 ]",-2348.936381333142,0.228005
49,19,"[ 408.19591683  404.01344319  420.44656166  413.99478489  447.35822844
 -320.85053245]",-2205.7610218740074,0.335
