,population,best_x,best_energy,running_time
0,47,"[458.54156757 421.03930945 440.86685008 201.43314624 418.55252079
 416.75983413]",-2075.0794790198543,0.580586
1,17,"[ 442.65720564  423.39143357 -310.89478099  450.69099581  421.44265072
  421.81972534]",-2219.307183084899,0.248973
2,27,"[ 429.26164628  411.28790477  435.38334679 -283.77250904  417.40220956
  409.6763651 ]",-2288.4591392078487,0.369681
3,22,"[-262.60563289  421.91554264  404.67345341 -301.65940089 -285.02251732
 -267.04130201]",-1651.7117590939465,0.352003
4,19,"[ 408.49470389 -294.13130585  447.29667436  418.37974534 -326.85781115
  421.05336041]",-2089.642866787892,0.243284
5,13,"[ 419.68461237  418.37275099  414.54281789  419.5506093  -292.05645268
  409.7826222 ]",-2359.6454808562385,0.156661
6,18,"[408.48972535 210.78814707 422.53364088 444.91942593 420.94123009
 420.47663814]",-2199.8073380563687,0.226992
7,11,"[ 421.14880835 -321.58640443 -316.8750493   425.93483424  412.94674586
  411.05848068]",-2182.314977068093,0.120003
8,13,"[421.13637263 436.64413056 396.03540638 207.45663272 389.83443419
 406.55853605]",-2048.3135045803947,0.141997
9,30,"[203.89192347 420.61626777 400.81626038 420.68654077 412.56989321
 389.70388183]",-2122.269742546837,0.355014
10,13,"[412.77314373 411.09444482 402.84614062 421.18289106 381.47469631
 424.33676544]",-2272.8017645496666,0.149998
11,14,"[-294.54298196 -288.02121937  419.5706294   421.17276703  433.81703763
  422.16243851]",-2221.789126972665,0.155
12,15,"[ 421.08345699 -277.36102905  416.80478262 -302.65508248  420.71788251
  388.59517947]",-2075.612843811094,0.181991
13,12,"[422.03052498 427.47528725 426.33600655 409.1525901  420.73924956
 400.8332655 ]",-2437.635416609808,0.124012
14,53,"[ 436.7884506   418.73238511  400.08914566  407.22063099  437.43427678
 -329.65374605]",-2162.727678954847,0.634011
15,15,"[-303.67038092  420.13495346  421.33945283 -340.70879993  390.90478787
  427.94652308]",-1992.4260881379475,0.170997
16,12,"[ 432.83092493  175.74373907 -304.57940255  211.26795949  417.50320111
 -328.51204017]",-1643.208299934817,0.135997
17,19,"[ 422.66934737  420.4648849  -262.67811158  423.87061124  420.27403143
 -299.16004867]",-2099.317155780571,0.214983
18,21,"[ 419.63344283  421.13658086  428.07379184 -296.41186908  448.6181331
  421.31420377]",-2290.252203917587,0.262012
19,14,"[420.72762397 419.49213041 398.91057147 411.40343878 427.27506972
 420.65074142]",-2437.7616757971364,0.153161
20,11,"[424.8364971  430.63485979 423.68682361 455.08207768 434.27088466
 417.96651225]",-2335.410421376257,0.117827
21,17,"[ 448.62046224  433.1343791  -302.36245839 -314.89615869  418.90782862
  419.44467523]",-2144.357989677538,0.196514
22,13,"[ 401.49580602 -305.4846052  -120.88643363  395.05126295  421.78377959
  416.14705721]",-1965.6159920669625,0.138516
23,36,"[453.4968425  435.34555718 424.14631606 419.78819311 437.11935821
 419.53784406]",-2325.2064262205336,0.426971
24,20,"[-300.41292111  418.79822771  423.13643563  424.10485178  203.56221675
  420.61199654]",-2175.3020395633107,0.225
25,14,"[-304.41343734  430.79553938  204.12769128  415.87057667  393.5756261
  420.85046276]",-2072.292126110856,0.160006
26,18,"[-337.79903648  422.6278901   433.66494549 -316.74918331  420.20472175
  404.17784205]",-2048.5403204853974,0.206995
27,72,"[ 408.83320848 -302.47867443  430.59498924 -324.71558818  397.75195976
  415.83115874]",-2117.1033484028917,0.86321
28,17,"[-297.89551797  420.22944908  418.81582744  407.28125813  430.05542732
  421.17766309]",-2358.392553187215,0.186004
29,19,"[ 421.60237567 -324.14953354 -302.63649721 -302.18613435  421.50594601
  397.29440404]",-2032.3920235333583,0.218998
30,15,"[ 377.82626345  203.27287158  388.21050009  422.56312353  418.81687918
 -316.5811539 ]",-1816.7381877562793,0.16601
31,18,"[ 407.65259239 -323.9692342   442.41870982 -280.48274963  422.54207015
  429.53234278]",-2072.4099690354283,0.196002
32,43,"[-297.13154893 -329.50665413  406.12413295  449.87369953  424.00385892
  390.18309129]",-1941.0890855742398,0.508995
33,23,"[ 420.91477732  421.7071208  -304.32762506  445.97242178  419.83116156
  421.21561414]",-2317.5806077492207,0.255997
34,15,"[ 423.05417456  395.87953316  423.32591137 -329.54465636  428.42620543
  421.91625159]",-2221.721805679316,0.179004
35,24,"[ 414.01443498  438.71672188 -306.98388598  434.56791955  425.56328363
  420.32304057]",-2321.507940273158,0.285991
36,40,"[ 209.77149564  410.4195367   420.99512072  420.3533324  -302.33644345
  429.64964077]",-2150.3290160998827,0.488
37,27,"[-296.33904074  424.06801345  432.13351547  406.64796374 -339.59115669
  440.78526377]",-2019.2659678336065,0.315013
38,25,"[ 423.08504643  420.18341617  421.50607932 -275.38436315  419.50321437
 -293.32869048]",-2178.359500549194,0.275986
39,17,"[417.93751515 410.15245368 420.54243195 420.24038141 421.66651799
 408.08470765]",-2477.3075815684842,0.196998
40,13,"[-298.41892513  447.7100945   411.22260007  418.39917052  203.57238931
 -494.08154874]",-1772.3883592916002,0.137001
41,15,"[414.42169282 432.79352493 412.26576773 419.41888934 442.22190053
 395.60232959]",-2347.154488587911,0.161
42,68,"[ 421.05679712  394.28943718 -298.37318829  434.24904349  412.79668423
  414.2573287 ]",-2271.4000586125017,0.788016
43,14,"[ 404.980642    424.97634899 -312.16977848 -309.8381743   419.8340447
  423.09032822]",-2224.0823507235273,0.156993
44,81,"[ 420.90876739 -104.01617942 -306.68425224  382.67495855  446.64453311
  452.84205287]",-1673.423738750957,0.954132
45,16,"[ 453.66904101 -302.25656981  439.75196976  394.93095166  200.54203043
  424.36734996]",-1920.0208840753758,0.170962
46,15,"[ 420.93909317  421.87361235  422.34924208  421.97530012  419.37179681
 -299.68715265]",-2393.647743072155,0.169
47,14,"[ 387.41248633  408.91716427 -303.81057547  418.58759792  421.63940265
  396.34740054]",-2170.68067292226,0.156
48,15,"[ 421.92541953  196.48203275  420.71968289 -285.41269028  437.21739095
  420.83976569]",-2102.352620024926,0.177999
49,21,"[ 419.35413918 -302.16852461 -303.31012077  427.05288044  414.99461419
 -301.47966985]",-2148.8629030912357,0.237001
