,population,best_x,best_energy,running_time
0,20,"[420.64220754 422.44796169 421.09459105 440.21229635 412.60159546
 420.55079127]",-2458.591485610546,0.736081
1,15,"[ 421.86058146  420.28437794  421.32542189  420.45809098 -284.59322261
  420.88222188]",-2355.8396162494196,0.646694
2,17,"[-304.4348972   421.10345799  420.84848156  415.84317704  418.6219046
  421.31823392]",-2390.9788625041774,0.58104
3,32,"[410.05712604 419.87788621 425.1812979  421.5477854  421.4384163
 421.12824731]",-2496.5625166853733,1.111137
4,20,"[ 416.6160955   421.45269671  426.04116169  440.10058292 -302.48319701
  421.15135324]",-2344.101508678877,0.682509
5,17,"[449.07856479 421.24381925 432.89608128 420.66699625 414.45426689
 418.90135316]",-2393.1658214818644,0.602075
6,22,"[431.3167507  435.58806718 420.73504187 421.1648247  420.68359389
 420.65096142]",-2473.5355022730637,0.780058
7,21,"[391.94472351 421.08406093 411.17705051 407.35979966 421.1642663
 420.70525542]",-2378.2422364650165,0.719067
8,18,"[423.44218513 425.87661841 420.81667186 414.11403969 414.58881143
 421.10701519]",-2499.0657673805536,0.646944
9,24,"[421.04876265 421.05781813 420.93374434 413.90680237 420.9540301
 420.64298585]",-2507.621962936598,1.074304
10,14,"[421.06956377 421.38704441 421.12110728 421.39746491 431.13921163
 399.29234122]",-2443.420176677699,0.681021
11,16,"[420.23894775 395.41239256 420.5303159  426.87620779 421.22602741
 419.99379733]",-2430.3745037315543,0.77298
12,18,"[419.36993023 427.60310468 420.57418746 421.06736503 423.0731823
 420.61295975]",-2507.42315601319,0.812517
13,30,"[423.19473699 421.07952543 420.93936734 421.04200075 420.40905955
 423.44893252]",-2512.453150942823,1.349534
14,17,"[415.31326518 415.12828841 418.55248075 419.80946083 432.78756282
 421.46211453]",-2487.0702504760775,0.657004
15,16,"[407.28040683 422.57039286 421.05124629 420.81979393 408.32537467
 422.63272337]",-2470.0149765216815,0.72004
16,30,"[-301.98800465  421.2330051   420.05997667  418.45776633  420.93395065
  420.70966196]",-2394.506316647171,1.144905
17,15,"[420.65324139 421.58497168 421.06715489 421.82288555 430.44162306
 420.89534655]",-2502.429222957315,0.478169
18,33,"[420.99153419 402.35931457 419.36718087 426.72056592 420.02675579
 421.0951548 ]",-2466.660125353182,1.148383
19,15,"[428.14991102 431.16558157 415.85942579 418.24468372 456.27412555
 422.96506933]",-2339.6045913970047,0.488994
20,29,"[394.45966697 420.9764078  416.62264193 431.98679885 417.47690336
 420.96311192]",-2410.0566412458547,1.172016
21,17,"[421.04631784 436.46680603 420.69453832 420.51091274 423.62388144
 405.03745535]",-2451.4235454804216,0.609986
22,17,"[421.10540021 424.17675304 421.53091653 423.02661658 421.57843768
 420.42824081]",-2511.9371086387014,0.619024
23,21,"[407.76921055 421.14758073 420.80940646 421.17178274 420.28910809
 421.41147196]",-2492.1221202010956,0.734934
24,37,"[-306.03170309  415.91668191  416.72987336  405.51280014  420.9873784
  420.76941593]",-2358.8222458630626,1.323106
25,18,"[420.4589535  420.60568668 420.59806323 421.09438749 420.86440126
 421.83003199]",-2513.7335730115815,0.630636
26,17,"[423.73425825 410.08365023 420.43695369 416.98630076 427.42194027
 419.40748709]",-2490.5362497057845,0.559142
27,16,"[420.09517009 420.96266756 413.83538712 421.59889409 413.76194151
 412.7762695 ]",-2492.4321758737647,0.544039
28,19,"[422.1981394  421.18468892 420.75301133 441.63492161 423.813422
 421.15294893]",-2459.4846260932413,0.660996
29,19,"[421.2238989  421.33307082 424.09250256 423.28682827 426.36703869
 423.25770139]",-2507.6207558172628,0.671014
30,37,"[393.98085279 400.87785859 409.1537872  406.01459281 421.6432903
 415.12703905]",-2327.311699701,1.340616
31,16,"[420.18075144 420.5086284  418.83797646 407.424863   419.40731024
 423.55315931]",-2489.2573619837312,0.935586
32,16,"[422.70095033 421.72908777 420.17769377 419.94357606 421.37319513
 416.15897774]",-2510.303099246566,0.663234
33,22,"[-305.85987884  417.88345091  416.38197602  398.81560685  421.09240438
  420.52866963]",-2330.308604777009,0.899463
34,16,"[421.69840172 421.45210593 421.84327735 412.77160139 417.84834129
 422.16005177]",-2503.8751968729875,0.676058
35,37,"[ 419.38796072  420.68275067  421.22028302  423.40329703  421.8079684
 -307.57393655]",-2391.0569924826473,1.909571
36,17,"[436.4630544  419.96401552 420.2617086  432.83177096 418.31581072
 419.58944875]",-2464.7530530271633,0.757816
37,33,"[ 435.32930215 -291.46660648  424.7096046   403.54631291  407.20454654
  402.89763606]",-2251.278739148727,1.602536
38,26,"[420.9971595  402.11624843 421.20126762 429.1803189  421.07121472
 418.44517451]",-2460.8609491047478,1.080135
39,16,"[409.82715287 420.66809241 422.57445701 423.29114763 420.58838177
 411.44227263]",-2486.005396202194,0.616547
40,14,"[412.99843673 414.54644318 417.82586256 418.72512682 411.33661231
 420.93353626]",-2487.26301009934,0.549494
41,25,"[421.06201532 421.48272483 427.66873678 420.94271697 394.68463878
 420.425652  ]",-2424.8932134932497,1.06809
42,20,"[421.02628659 429.07061849 420.9344611  423.3205109  420.98170286
 421.82895556]",-2504.8236538144165,0.832425
43,18,"[421.46690602 420.35183665 420.72203244 421.05033207 420.76572698
 401.9770071 ]",-2469.4517437759623,0.760284
44,21,"[423.37758652 404.53809602 420.89632297 409.69497666 421.09005729
 426.36891931]",-2460.2288244606734,0.861894
45,32,"[420.70377761 414.7602251  417.1442955  420.9955836  421.19282294
 420.8954164 ]",-2507.197055764889,1.378411
46,27,"[436.2031045  420.93794788 420.77628434 433.41362651 421.0566491
 421.01286137]",-2465.286533993888,1.138001
47,18,"[421.12554271 424.8146296  420.16155958 421.91728487 419.60997929
 420.56604668]",-2511.577451367459,0.755108
48,24,"[ 408.23751313  415.49469327  418.40155107 -302.49968907  420.5886071
  421.136968  ]",-2370.654224226747,1.09944
49,15,"[421.37160126 421.67941695 419.84653589 418.73616476 422.20919074
 419.27896679]",-2512.471762650465,0.623325
