,population,best_x,best_energy,ave_energy
0,1,"[-323.78596932  191.47289465   76.93905881  450.6934036  -265.8087059
  176.26453139]",-1049.1846206919051,-46.13340609736928
1,2,"[ -23.11364069  -82.30542044 -134.08880534  422.95753166  403.69639901
  444.13233671]",-1259.5490460233214,-774.1365216500341
2,3,"[ 211.81954664  184.18086766 -280.79343577  415.63073703  425.35938036
 -297.85984589]",-1722.3196985373734,-1318.4018636636629
3,4,"[ 417.57188082  402.32717845  419.51119569  414.11638123 -317.48916571
 -307.93264944]",-2194.7864557368107,-1773.1789160010674
4,5,"[417.01674271 402.40701388 419.24258037 424.44998765 432.29951018
 442.73875856]",-2392.5423179682393,-2091.686907697696
5,6,"[417.55810361 425.24050682 434.92596126 427.93737462 435.71264168
 418.947986  ]",-2451.719971798273,-2313.4838894434843
6,7,"[417.68355016 425.24193145 419.21566721 424.71979017 428.97483696
 415.67043793]",-2496.4508896230036,-2431.518050458449
7,8,"[417.70864696 425.24962115 418.89673525 426.37554056 422.02588301
 417.22331351]",-2504.1048760216354,-2482.1761274445653
8,9,"[417.714746   425.42524465 419.25953597 422.14413039 423.17980713
 419.8891429 ]",-2508.748769829007,-2501.061368545951
9,10,"[417.70630507 425.24070363 419.45953012 422.59667958 421.06689594
 420.69567656]",-2509.619805311549,-2507.1604498471784
10,11,"[417.77158953 425.26235217 419.77195984 421.81398073 422.66807317
 420.80709383]",-2509.6431839782726,-2508.6930678806234
11,12,"[417.71626777 425.24979722 420.13258867 421.8769883  422.05099946
 421.76856044]",-2509.8296569790455,-2509.2118177229004
12,13,"[417.771711   425.24959618 419.93241137 422.21944363 420.1603939
 421.01465806]",-2509.8801564856876,-2509.370932314353
13,14,"[417.77172978 425.24162568 419.93159681 422.20929433 420.39076042
 421.67149119]",-2509.869974589725,-2509.467684189687
14,15,"[417.7094593  425.24979764 420.04853126 421.87987304 421.16448626
 421.32786524]",-2510.01227741983,-2509.564246761191
15,16,"[417.77170072 425.24979943 420.13407631 422.14207816 421.51907922
 420.94826786]",-2509.995599595407,-2509.56925053471
16,17,"[417.77173198 425.24162471 420.02025254 421.91311186 421.71128759
 421.25703092]",-2509.9982704180406,-2509.634577204901
17,18,"[417.77170264 425.27772782 420.13136356 421.85697225 421.27251094
 421.62618366]",-2510.011020531138,-2509.5287820766944
18,19,"[417.77165128 425.27349027 420.13547862 422.08838269 421.23143299
 421.09235898]",-2510.01335741962,-2509.4923082506252
19,20,"[417.77161138 425.27348068 420.01629808 421.83158411 421.99710268
 420.61581828]",-2509.912201532604,-2509.4037611735657
20,21,"[417.77165254 425.24186286 419.78167643 421.83511471 421.40726441
 420.80669873]",-2510.004033400277,-2509.4355421012924
21,22,"[417.77173155 425.26235199 420.05606118 421.88693356 421.10607731
 420.54302219]",-2510.0452442830333,-2509.2344132204403
22,23,"[417.77165129 425.24884004 420.0564402  421.83847709 421.5912095
 421.47924634]",-2510.0142840044473,-2509.120435114065
