,population,best_x,best_energy,ave_energy
0,1,"[ 426.51614524  208.21515215  175.71672098  371.68818172  428.55497721
 -121.61038179]",-1414.3439673903072,23.193641338946758
1,2,"[ 426.721141    -35.99720448  458.99318372  371.59473611  411.08321772
 -123.78620166]",-1354.8756679789774,-802.959483479163
2,3,"[ 427.30678923  208.50400281  176.81018931  373.44466641  428.86172773
 -118.62818586]",-1430.895299618548,-1206.3910347336455
3,4,"[425.99025641 456.09731268 461.46939291 417.18868241 419.59377586
 494.30865208]",-1628.75691187407,-1500.7484495113101
4,5,"[ 423.24210498  456.13909521  457.34801948  418.27561577  428.03721056
 -118.49687854]",-1897.2567432478604,-1729.5309909675045
5,6,"[427.6639725  456.09714616 461.68773097 418.53784989 419.63336712
 210.83569886]",-1939.3788527833485,-1886.5508492396561
6,7,"[425.65780009 456.35449802 458.18924491 417.36878695 419.626768
 202.27432364]",-1975.5461192960029,-1945.5080565784683
7,8,"[425.44461595 456.089188   455.65165032 415.39852248 419.65864854
 200.25659008]",-1995.0370093324834,-1977.6297372384338
8,9,"[422.14144998 456.06454043 453.39008296 417.23915898 419.66410531
 201.32752315]",-2018.0237511788189,-1994.2656797051382
9,10,"[423.18318327 456.07332616 448.86422924 417.48221167 419.62706029
 220.21991147]",-2016.735110297272,-1997.5715825521336
10,11,"[423.19864756 456.0735273  450.86465506 415.89746764 419.6104392
 207.92069378]",-2032.993572370654,-2006.4597665792821
11,12,"[436.38476707 456.07321968 452.30787118 418.80807577 410.20732806
 416.62433983]",-2198.796199559344,-2043.6616579785052
12,13,"[436.38476707 456.07850947 448.81813001 422.87458057 419.72081016
 416.62433983]",-2237.458403008722,-2147.0872549113683
13,14,"[431.69283385 456.1224832  442.57349966 415.49482312 410.21023007
 426.42866542]",-2270.643153894377,-2228.0124149231824
14,15,"[421.39149864 456.07940016 446.22720972 419.55517304 419.69255585
 416.62433983]",-2283.87750358664,-2257.7217191393343
15,16,"[431.69283385 456.07852331 442.57349966 419.12313937 419.59009041
 426.42866542]",-2288.552699744822,-2276.4560897748697
16,17,"[422.93470018 456.073577   442.57349966 419.12313937 419.59009041
 424.37913533]",-2304.8879824603205,-2290.022369410326
17,18,"[422.93470018 456.073577   442.57349966 419.12313937 419.59009041
 424.37913533]",-2304.8879824603205,-2302.733684615154
18,19,"[422.5920837  456.07357701 440.55751573 424.3559317  419.59020182
 419.31345348]",-2315.3137630117817,-2305.351575970108
19,20,"[422.5920837  456.07357701 440.55751573 419.12313937 419.59009041
 419.31345348]",-2316.333048479163,-2307.310246604923
20,21,"[421.39149864 456.07357701 440.55751573 419.12313937 419.5882894
 419.31345348]",-2316.642552701726,-2315.4108196991288
21,22,"[421.39149864 456.073577   440.55751573 419.12313937 419.59009041
 419.31345348]",-2316.643179182972,-2316.493346282311
22,23,"[421.39149864 456.073577   440.55751573 419.12313937 419.59020182
 419.31345348]",-2316.643217905442,-2316.6431811120515
