,population,best_x,best_energy,running_time
0,22,"[421.63223152 418.67449395 421.15580274 420.81541923 422.25789736
 421.13890516]",-2512.9575188151102,1.26481
1,19,"[415.7154366  427.40429056 423.34806818 418.19456358 418.9641478
 429.09715111]",-2494.6720856633833,1.009017
2,19,"[419.60829739 421.87314308 421.01067806 423.29737413 421.59343793
 420.83287802]",-2512.8242214425086,0.895983
3,15,"[420.47802062 421.76247263 431.97879736 420.86194522 426.95330747
 421.58707899]",-2493.9477778648156,0.688999
4,27,"[421.12725217 421.11666641 410.08581223 419.77625029 407.63298672
 430.7941575 ]",-2464.625790350489,1.334
5,27,"[ 420.88880966 -299.18329261  420.91706554  421.06502189  420.83169751
  419.82185969]",-2393.8778443519145,1.293999
6,20,"[420.72533076 421.86879019 421.40768268 422.02671645 426.86046939
 420.66999535]",-2509.22829148645,0.929002
7,23,"[413.05909236 420.98020841 420.80739341 420.48957988 423.29941311
 420.90059791]",-2505.333174354625,1.096726
8,14,"[420.03369636 419.76469012 420.99046084 413.37464697 420.74367617
 420.9606921 ]",-2506.363128017974,0.67201
9,16,"[420.97793269 443.7671352  420.20222783 419.62899639 415.31707508
 421.1896367 ]",-2445.092332694546,0.742988
10,20,"[421.27288482 421.04262021 432.7361798  421.48189312 420.54745981
 424.96331968]",-2494.382977846339,0.972
11,18,"[420.71757031 421.51892359 421.21126514 426.67497419 421.07968312
 420.40781597]",-2509.6915095513496,0.832006
12,20,"[423.43283218 428.36151166 419.86989867 412.67675353 421.47022491
 394.69772055]",-2414.244638742208,0.944994
13,27,"[421.63092665 416.77343223 455.2534053  420.91319013 421.79054354
 429.53102914]",-2360.4449047208104,1.279989
14,15,"[419.47912512 420.59355589 431.04605477 416.4900437  424.77657986
 422.40098163]",-2496.186769655188,0.664263
15,27,"[421.56717769 417.48348879 417.97959139 421.05931493 421.22957664
 425.7929005 ]",-2508.2484671727493,1.296
16,13,"[426.62470241 420.76285998 414.27115459 420.70689815 420.02270164
 420.62295379]",-2504.08352869752,0.582
17,15,"[ 421.39590409  417.01297707  419.69379735  420.84294669 -299.36695216
  424.47954734]",-2390.4425489664773,0.691003
18,19,"[417.57439769 422.92409389 421.30043341 422.15824975 421.26276037
 425.79806026]",-2508.8151966420396,0.86605
19,15,"[425.10645593 421.97282106 420.3112089  420.97510763 419.64968913
 421.20545987]",-2511.327105396465,0.673045
20,15,"[421.76504658 421.07823465 420.87931754 422.57257784 421.74580783
 420.42148941]",-2513.376035090286,0.689915
21,16,"[420.6906067  429.74354711 420.63537164 417.80412853 420.23677222
 410.56629988]",-2489.3080217358797,0.750228
22,19,"[420.24354387 423.50410074 409.07365306 421.16126231 426.30423774
 421.06261998]",-2491.774239838758,0.877042
23,16,"[422.12647844 420.64965816 418.85304172 421.09834455 420.44085613
 418.69384345]",-2512.4614917339045,0.713348
24,23,"[399.56599331 421.07349705 424.64400468 428.71017283 406.65872375
 426.23641691]",-2419.7023163068798,1.093665
25,18,"[419.53324341 420.94173364 420.79494953 420.03851857 416.81560953
 430.11643267]",-2500.801249148084,0.839949
26,23,"[426.36594584 413.3653128  421.75360985 423.16408122 440.09535711
 420.98450729]",-2456.6149467913347,1.079988
27,21,"[421.14857782 421.00665311 443.61237262 428.00712397 408.99612204
 412.69745803]",-2417.5628597910827,1.090037
28,27,"[421.12928722 420.99287078 426.35981828 421.18216002 420.01050239
 416.14428278]",-2507.1747323489426,1.67508
29,16,"[421.00314958 420.05379778 420.74950686 421.29331461 421.63789567
 421.20904124]",-2513.7084248365304,0.831002
30,19,"[427.98457886 420.93861444 421.24940115 421.51187643 429.49897944
 421.03766744]",-2498.4585312428517,0.996
31,21,"[420.57220932 420.48570162 420.9235397  456.72043429 421.32843544
 420.48617844]",-2360.2381545870826,1.168001
32,19,"[430.19948111 402.16741292 420.9574297  423.03114109 430.36081995
 421.35732267]",-2447.988163974921,1.12226
33,18,"[420.78072816 425.89068548 420.98805217 423.32482433 420.40414111
 420.09240994]",-2509.9959023030106,0.928525
34,15,"[422.4367032  420.77711799 419.45181976 421.90733448 428.01886261
 415.36956122]",-2503.0048647625385,0.80657
35,16,"[426.59963916 420.98420801 423.42084973 421.07838034 420.78981911
 422.36644884]",-2508.882710066228,0.852107
36,19,"[409.75866497 434.26041584 420.69313085 420.70105086 419.27921598
 422.53155346]",-2475.311849007838,0.984703
37,24,"[421.38140563 421.0080085  420.91852717 420.96828344 420.99154193
 418.84826279]",-2513.3084679344697,1.135186
38,15,"[417.15502142 421.32810356 421.11216907 420.40577646 420.94780984
 420.87763667]",-2512.006107124403,0.708948
39,24,"[423.87776275 419.93684583 421.09106771 420.52726431 421.11723177
 420.06432706]",-2512.5620329344597,1.299417
40,24,"[420.94971814 423.17534089 409.28008577 423.64836945 419.13952108
 447.28140339]",-2409.624926783213,1.219047
41,16,"[421.44676138 422.02068569 421.61630133 420.65547265 421.34046695
 426.08304263]",-2510.3434348511305,0.757317
42,17,"[420.81082583 428.79984238 444.94988641 420.13990522 421.04780937
 420.91529255]",-2434.8824367781303,0.792
43,27,"[421.07321054 411.38939804 420.7067265  417.78973857 397.21298337
 420.96003577]",-2432.594684955693,1.312
44,23,"[420.76227146 447.89762748 420.94648699 420.55874748 420.84122422
 426.04636034]",-2421.4084296351502,1.064067
45,27,"[420.29877488 406.80160266 420.49509912 420.22555699 421.49247806
 420.96669315]",-2488.7765791167403,1.271999
46,27,"[408.23385036 420.88678337 417.00768512 411.75605736 419.860524
 423.07301545]",-2480.385027338001,1.287679
47,17,"[424.6297279  421.61509828 419.82831747 419.8132952  420.31650351
 424.33673073]",-2510.3336877988927,0.760927
48,27,"[411.73472669 421.1504504  420.41244907 422.91584393 421.33786627
 411.65777344]",-2491.831119899956,1.262068
49,17,"[417.96293424 420.54756186 420.53547459 426.34948638 421.99980084
 422.44329668]",-2508.648792711494,0.748556
