,population,best_x,best_energy,running_time
0,21,"[410.59523716 422.57003253 420.81799824 420.8003888  420.59175175
 420.99761048]",-2500.0984819502537,1.391341
1,23,"[420.78786671 421.25699145 421.03392212 420.97174864 420.77563945
 421.01935996]",-2513.8771449392916,1.313215
2,18,"[426.015811   420.83804206 421.50013235 426.32038241 420.75113933
 419.33188489]",-2506.6831864438996,0.996801
3,23,"[409.36430026 423.47061617 421.15891619 430.65720717 434.90485157
 421.14668344]",-2460.063156435757,1.263094
4,18,"[420.81083129 420.79739318 414.69079147 420.99376566 421.97376012
 426.4576947 ]",-2505.007542953754,1.002354
5,19,"[420.82422686 425.83922251 419.33883189 407.31229156 421.24475489
 419.77228138]",-2487.186275076712,1.034617
6,18,"[420.29308454 422.75423582 391.89626503 420.99091518 422.5008563
 420.72802765]",-2412.197274861367,0.981179
7,19,"[420.38045066 420.66360873 418.44893443 421.08160851 420.98492109
 414.75700735]",-2508.192340767598,1.09822
8,21,"[420.89939735 411.17696426 420.78680466 420.78124374 420.26230833
 426.2725464 ]",-2498.279082522826,1.387185
9,16,"[407.57066454 420.24166584 420.23780277 421.17602913 420.87101981
 424.09329463]",-2490.1947252880364,1.01801
10,19,"[430.25806112 420.40141961 420.67721516 421.03323009 420.80725559
 420.62359441]",-2502.946639838405,1.053998
11,17,"[422.91400489 419.76011796 422.73081242 419.86115596 413.96736821
 424.7325632 ]",-2504.7462880432067,0.938641
12,19,"[415.79172909 414.77069117 421.8050139  420.44345951 420.66202487
 414.05711274]",-2499.567943347281,1.066005
13,18,"[424.17608139 416.66694867 422.21191331 421.08498341 420.86694769
 421.09177518]",-2510.069287262208,0.977627
14,23,"[421.71500557 420.98395208 409.18433886 421.02898355 420.74950973
 421.25616245]",-2496.488904395119,1.283113
15,23,"[421.0100688  430.04880965 421.11801574 416.72093663 415.72042852
 420.60924584]",-2497.7460839992627,1.28296
16,18,"[421.54666514 421.31663875 420.72798689 424.76639991 420.47208916
 421.5526889 ]",-2511.937245499561,0.975622
17,20,"[429.99237078 429.40219068 416.55511869 422.76261418 399.94104148
 421.25482633]",-2437.6894665070754,1.134973
18,20,"[417.89387621 421.05885941 409.58735896 421.01611362 420.57129652
 421.0305141 ]",-2496.517641060402,1.098559
19,23,"[397.25809167 420.89060269 411.68040876 419.48079843 424.20212124
 426.73029538]",-2429.02064020664,1.373099
20,19,"[421.17074533 422.09263059 420.97331449 420.81423093 420.82743505
 420.99387256]",-2513.727116937919,1.334371
21,18,"[421.13772294 421.0956591  420.85566967 425.21511638 418.8116727
 416.18182898]",-2508.143836404872,1.109995
22,20,"[421.11530649 420.95861455 421.31796976 420.91769595 402.02886892
 420.83913368]",-2469.7607514766714,1.173394
23,17,"[420.89047663 435.59984948 422.26313188 421.2657643  421.37680139
 420.75244359]",-2486.770430543579,0.965002
24,17,"[421.1484003  420.90591497 444.07646724 419.77592504 421.12870466
 421.14164347]",-2447.4998033574907,0.955195
25,19,"[432.37377288 421.10125498 421.02202708 430.31117206 420.91340648
 421.22617169]",-2486.5022242020264,1.067727
26,23,"[420.81863338 414.05681578 430.09996162 422.26075568 421.20708554
 421.20233902]",-2497.157679684712,1.297235
27,23,"[420.9630531  419.18975636 421.09320518 402.99855319 418.40003248
 422.5084148 ]",-2472.562680577153,1.304265
28,22,"[421.03978333 420.88388196 408.60842038 418.32620789 420.77135739
 421.08077261]",-2493.97160757835,1.554414
29,23,"[411.87893129 421.08420247 424.74213944 420.88363551 420.24823138
 418.79696601]",-2501.0907670632637,1.480018
30,23,"[423.72724491 420.9107127  421.16852376 420.6563864  412.89479649
 421.16188153]",-2504.7408858254375,1.922947
31,15,"[420.19195769 420.40499098 420.7250777  423.21093068 420.29444321
 420.26828292]",-2513.019611672121,0.906847
32,16,"[421.0092381  416.51241238 422.80703039 427.37103275 414.14938734
 420.73683433]",-2499.951496220009,0.991039
33,21,"[424.55734936 420.88242754 421.12165652 420.66083412 419.74733956
 421.51493059]",-2512.0294845211874,1.253863
34,15,"[421.28971141 420.34256334 419.79069216 421.050827   420.92340045
 421.40150105]",-2513.635086610199,0.809029
35,17,"[420.97269597 433.15276198 425.45578917 421.73240404 421.32236713
 420.80818651]",-2492.5811503762966,0.921544
36,23,"[421.14899911 420.76175683 418.29424502 420.96762402 433.34845591
 420.28031592]",-2493.6437455000973,1.282984
37,18,"[421.05095776 420.88800353 421.75926985 421.02916493 424.98830185
 420.83106104]",-2511.7736927185765,1.004019
38,22,"[424.01452919 431.13289241 421.03105925 420.84872552 410.61007039
 424.8561421 ]",-2484.3831032655276,1.215981
39,22,"[419.39440993 420.95679173 419.17927012 417.41658355 423.85800489
 420.54789987]",-2510.5156499590503,1.228218
40,19,"[427.26904515 420.97976968 416.51429422 420.87928112 418.69934057
 420.75432273]",-2505.7335237825314,1.065351
41,16,"[421.25304404 419.71569466 426.85336478 423.47018131 421.1555606
 420.89216587]",-2508.522013535199,0.875237
42,18,"[420.86815836 421.66438322 421.20996497 420.94382152 421.00795397
 422.01012192]",-2513.6904666089067,0.987201
43,22,"[420.95948904 420.21386644 421.46988737 421.08152037 420.16657857
 421.21099414]",-2513.7035566316686,1.247536
44,18,"[427.80813829 421.30485366 421.96736115 421.50763894 422.72639262
 422.18057244]",-2507.240909237126,1.01256
45,23,"[420.29182221 420.60950654 420.95787358 420.73814714 421.71813511
 409.05219888]",-2496.0375961327177,1.32298
46,15,"[422.04990928 428.29799665 419.90508853 420.3839553  420.73145131
 421.50972102]",-2506.74069362697,0.846115
47,22,"[416.48685663 452.5892518  420.99995764 433.69209066 421.26730117
 420.94633483]",-2369.4224162465375,1.229046
48,23,"[421.18929013 407.26073728 410.72031878 420.0911994  421.27219899
 421.24247619]",-2477.281146575643,1.284107
49,23,"[428.32391563 421.96299818 421.29771969 415.66332714 421.76164598
 419.22422986]",-2502.9291993921106,1.277021
