,population,best_x,best_energy,ave_energy
0,1,[205.40474137 450.0560126 ],-516.9540214957274,-28.737893719594542
1,2,[205.40501824 407.4763296 ],-597.8624399009881,-405.41807061236375
2,3,[-328.36976093  407.59690664],-615.3723255235768,-586.0285333147251
3,4,[-328.04715285  407.56732607],-617.2307817483309,-611.107998346997
4,5,[-328.04434437  408.22298066],-619.3572910543792,-617.6383316616497
5,6,[-327.84988923  408.34575427],-620.9098383590299,-619.9004681252577
6,7,[-327.73257613  408.34111753],-621.5968838772449,-620.9224293661517
7,8,[-327.63074026  408.35773535],-622.2552656323678,-621.5619524675249
8,9,[-327.58940768  408.35070537],-622.4790568184437,-622.1254521676583
9,10,[-327.55491256  408.36221773],-622.7195945547531,-622.52533556927
10,11,[-327.5396515   408.36219494],-622.8100312489977,-622.736810289054
11,12,[-327.52620893  408.38757445],-622.9685009561485,-622.8612987962541
12,13,[-327.51741807  408.38756716],-623.0205685493368,-622.9706453732558
13,14,[-327.51043008  408.38761135],-623.0621018075472,-623.0284118267016
14,15,[-327.50588537  408.38756506],-623.0888754499688,-623.0675870746011
15,16,[-327.50426545  408.38757637],-623.0985039409564,-623.0920266751991
16,17,[-327.5021937   408.38761651],-623.1108968136843,-623.1044850916222
