,population,best_x,best_energy
0,1,"[-3.15127627e+02 -1.44807842e+02  1.83463587e-01 -1.07310935e+02
  3.88300588e+02 -3.31085056e+02]",-935.0151248538766
1,2,"[-2.86275478e+02 -1.44651818e+02  1.60576147e-01  4.01961988e+02
 -3.48908736e+02 -3.31483488e+02]",-974.8262858318719
2,3,"[-285.99280397  401.46492574 -113.65007323  401.43691845 -348.82574459
 -331.07539127]",-1380.0063255121343
3,4,"[-316.91223114  400.35747784  425.7883996   202.76710418  389.41598922
 -330.33916875]",-1766.6074668734004
4,5,"[-315.19204857  400.81541095  400.67342331  402.62607019  387.4703107
  400.5754722 ]",-2050.7046633290474
5,6,"[-314.73671049  402.37158823  425.79413074  401.53960358  388.37470365
  435.64742862]",-2132.4699039185375
6,7,"[-315.169424    402.98481483  425.80106485  402.68334313  389.72378557
  435.61161057]",-2148.705252118939
7,8,"[-315.18982657  401.93778218  426.14800302  403.01899965  391.39667404
  435.56882928]",-2156.585348683387
8,9,"[-315.15223536  402.23392905  426.14638014  402.3304656   393.57256999
  435.5706383 ]",-2169.12157664538
9,10,"[-315.15122768  401.9949678   426.14690149  402.35141707  395.03236793
  435.57264068]",-2177.0998694129607
10,11,"[-315.15125108  403.69114106  426.14721344  402.83110102  396.33546349
  435.57337847]",-2194.302999657115
11,12,"[-314.98193057  403.8215516   425.78819987  402.81719104  396.47880449
  435.57303324]",-2196.5940494850875
12,13,"[-314.71340228  403.9045069   426.14711188  402.82275382  397.66273249
  435.22924825]",-2205.20728704768
13,14,"[-314.98099923  403.94996842  425.78835544  402.82108757  398.07580041
  435.22909561]",-2207.2622231132664
14,15,"[-314.98098349  404.06427226  426.14652088  402.81768708  398.94622448
  435.22914947]",-2211.884687236377
15,16,"[-314.98098533  404.02459868  426.14651688  402.81377093  400.17688411
  435.22913269]",-2217.964526694676
16,17,"[-314.77703473  403.97071122  426.14712382  402.79556893  401.44461603
  435.23556944]",-2224.380390854956
17,18,"[-314.71271868  403.73917734  425.78835837  402.81078373  402.38565048
  435.22051262]",-2228.49939781681
18,19,"[-314.71272624  403.99351161  426.14711511  402.80996228  403.14941315
  435.22050747]",-2232.4518228185507
19,20,"[-314.71318815  404.21869289  426.14651812  402.80943654  403.33628037
  435.22050744]",-2234.171292825578
20,21,"[-314.713479    404.28549855  425.78835802  402.79568437  404.2223325
  435.22050995]",-2238.5243344367937
21,22,"[-314.71347267  404.2572966   426.14711504  402.79630076  405.0970652
  435.22051324]",-2241.4296926897687
22,23,"[-314.7134809   404.05771986  425.78835804  402.81115474  405.92189217
  435.23555748]",-2244.1913351914463
23,24,"[-314.71347162  404.30132112  426.14711503  402.7959987   406.32849447
  435.22051012]",-2246.1947106857633
24,25,"[-314.71347455  404.25211045  425.78835803  402.79658084  407.2966414
  435.22050864]",-2249.811032883735
25,26,"[-314.71347178  404.32417037  425.78835803  402.79618739  407.7968396
  435.22050866]",-2251.7516071168316
26,27,"[-314.71347451  404.32942814  425.78835803  402.79653826  408.44409499
  435.22050865]",-2253.822557952645
27,28,"[-314.71318479  404.28804657  425.78835803  402.79644452  409.09491574
  435.22050999]",-2255.615030629357
28,29,"[-314.71318479  404.29427613  425.78835803  402.79644578  409.63516331
  435.22050999]",-2257.1902189613625
29,30,"[-314.71347119  404.27960015  425.78835803  402.79645846  410.07189814
  435.22050999]",-2258.3318926472007
30,31,"[-314.71318479  404.35350301  425.78835803  402.79643894  410.64412222
  435.22050864]",-2260.1370862156855
31,32,"[-314.71347453  404.35355486  425.78835803  402.79643876  411.29723861
  435.22050999]",-2261.758181474849
32,33,"[-314.71318479  404.35620928  425.78835803  402.79643499  411.71966691
  435.22050864]",-2262.7636795331673
33,34,"[-314.71318479  404.29203857  425.78835803  402.79643516  412.47776135
  435.22050864]",-2264.17905085451
34,35,"[-314.71347453  404.37744635  425.78835803  402.79643963  412.68376594
  435.22050864]",-2264.9541479173377
35,36,"[-314.71347453  404.3683446   425.78835803  402.79644279  413.11543794
  435.22051007]",-2265.786636229511
36,37,"[-314.71347453  404.37658424  425.78835803  402.79644296  413.64099846
  435.22050864]",-2266.8163550592812
37,38,"[-314.71347453  404.36299384  425.78835803  402.79643091  413.74399593
  435.22050864]",-2266.948826349384
38,39,"[-314.71347453  404.34275573  425.78835803  402.79642862  414.35219624
  435.22051007]",-2267.919982749886
39,40,"[-314.71347453  404.34257839  425.78835803  402.79642891  414.48711453
  435.22051007]",-2268.1404495164525
40,41,"[-314.71347453  404.35965644  425.78835803  402.79642951  414.79320484
  435.22050864]",-2268.6945004454665
41,42,"[-314.71347453  404.36679307  425.78835803  402.79642901  415.07765644
  435.22050864]",-2269.1532970383373
42,43,"[-314.71347453  404.36676707  425.78835803  402.7964289   415.42105151
  435.22050864]",-2269.6455700686547
43,44,"[-314.71347453  404.36882251  425.78835803  402.79642933  415.65653585
  435.22050864]",-2269.9745840315163
44,45,"[-314.71347453  404.36923445  425.78835803  402.79642927  416.15522602
  435.22050864]",-2270.6099073334058
45,46,"[-314.71347453  404.35828644  425.78835803  402.79642827  416.42660548
  435.22050864]",-2270.884538657934
46,47,"[-314.71347453  404.3572378   425.78835803  402.79642946  416.74514864
  435.22050864]",-2271.231075394783
47,48,"[-314.71347453  404.36680605  425.78835803  402.7964283   416.92648403
  435.22050864]",-2271.458030149056
48,49,"[-314.71347453  404.36612849  425.78835803  402.79642947  417.19990578
  435.22051007]",-2271.7237682005575
49,50,"[-314.71347453  404.36674537  425.78835803  402.79643128  417.4502027
  435.22050864]",-2271.95563670593
50,51,"[-314.71347453  404.36588809  425.78835803  402.79642828  417.70545728
  435.22050864]",-2272.1699202266204
51,52,"[-314.71347453  404.36619955  425.78835803  402.7964294   417.8550646
  435.22050864]",-2272.291220734975
52,53,"[-314.71347453  404.36608331  425.78835803  402.79642939  418.05865639
  435.22050864]",-2272.4450914612944
53,54,"[-314.71347453  404.36607851  425.78835803  402.79642939  418.24671076
  435.22050864]",-2272.578394661875
54,55,"[-314.71347453  404.36627872  425.78835803  402.79642908  418.47504778
  435.22050864]",-2272.7291489952786
55,56,"[-314.71347453  404.36683601  425.78835803  402.79642939  418.59416459
  435.22050864]",-2272.804424631022
56,57,"[-314.71347453  404.36763312  425.78835803  402.79642828  418.77267039
  435.22050864]",-2272.910396206727
57,58,"[-314.71347453  404.36702185  425.78835803  402.79642825  418.9688964
  435.22050864]",-2273.011651924401
58,59,"[-314.71347453  404.3676912   425.78835803  402.79642939  419.06261909
  435.22050864]",-2273.060479734257
59,60,"[-314.71347453  404.36704294  425.78835803  402.79642825  419.16542937
  435.22050864]",-2273.1059145137006
60,61,"[-314.71347453  404.36658026  425.78835803  402.79642939  419.38827275
  435.22050864]",-2273.1990822017256
61,62,"[-314.71347453  404.36752762  425.78835803  402.79642939  419.48465399
  435.22050864]",-2273.2401316901296
62,63,"[-314.71347453  404.36669707  425.78835803  402.79642939  419.65239253
  435.22050864]",-2273.295996032587
63,64,"[-314.71347453  404.3665075   425.78835803  402.79642939  419.74335436
  435.22050864]",-2273.324379165508
64,65,"[-314.71347453  404.3670324   425.78835803  402.79642939  419.92356018
  435.22050864]",-2273.378086241157
65,66,"[-314.71347453  404.36649127  425.78835803  402.79642939  420.05709848
  435.22050864]",-2273.408855215089
66,67,"[-314.71347453  404.36650711  425.78835803  402.79642939  420.19054492
  435.22050864]",-2273.4373580726306
67,68,"[-314.71347453  404.36700655  425.78835803  402.79642939  420.25731708
  435.22050864]",-2273.451917293218
68,69,"[-314.71347453  404.36650627  425.78835803  402.79642939  420.36540679
  435.22050864]",-2273.4678242529453
69,70,"[-314.71347453  404.36691921  425.78835803  402.79642939  420.47125401
  435.22050864]",-2273.4841875323236
70,71,"[-314.71347453  404.36702705  425.78835803  402.79642939  420.51734967
  435.22050864]",-2273.490140018612
