,population,best_x,best_energy,running_time
0,13,"[-124.5310687   415.36742081  375.60768965  177.88704104  416.21969371
  395.34801077]",-1607.94153295957,0.076599
1,12,"[454.80114431 418.0330924  411.52570089 422.34773014 421.78590014
 440.74472713]",-2314.241549068211,0.060837
2,18,"[218.79868552 449.93668915 412.31328224 419.45697048 439.99639091
 419.25764508]",-2110.498921410952,0.103003
3,26,"[ 421.88815236 -325.2794548   422.8550143   403.59534819  431.9766111
  420.24527228]",-2278.280142387438,0.150995
4,25,"[-296.135935    443.51235111  417.2204866   415.4521451  -297.55315046
  403.16398459]",-2161.0041929084528,0.147
5,13,"[ 424.39000502  420.58912314 -282.8875694   469.67496399  198.94773455
  421.3476766 ]",-1855.1943016649732,0.085
6,12,"[425.54766379 418.22416723 425.26350931 415.49960394 422.67293011
 400.3373998 ]",-2451.7121376670198,0.067
7,19,"[ 430.30797702 -114.72526629  388.13591639 -292.17214962  420.94600005
  235.42239324]",-1600.1579985107035,0.105998
8,22,"[456.49961785 421.3438616  409.1852522  408.62394099 425.07163963
 423.21311031]",-2323.032631135493,0.119
9,10,"[-298.95414765  421.16889865  424.78080544  420.84045112 -301.34615844
  397.92529727]",-2208.7739343250432,0.048
10,41,"[-131.00743002 -291.84980117  180.56453396  406.52374325  418.41036674
  224.47523193]",-1502.5648652975124,0.231232
11,21,"[-288.25418513 -298.61432321 -288.39326779  413.69155061  423.25046896
  429.11427926]",-2091.0075320832057,0.119
12,12,"[-302.24122913  434.69456564  402.26398511  416.50520146 -279.48319755
  399.0196075 ]",-2085.073497735525,0.065
13,11,"[ 398.99110342  463.42636921 -308.93482912  420.94504811 -129.17430365
  212.58935243]",-1594.1502446104093,0.060001
14,26,"[ 413.96157713  432.2520076  -299.58030485  449.83038322  372.34185002
 -297.70557761]",-1890.628223189071,0.151566
15,81,"[-499.99929084 -303.98077755 -298.1406975   452.3063666   203.82609708
  231.29833776]",-1391.0862342793198,0.580116
16,81,"[-335.37656628 -262.94184859  436.35895689  378.74433187  392.86619975
  399.5149    ]",-1593.0328022871013,0.483004
17,29,"[-308.25217712  435.73979261  380.71925243  419.37764069  432.06587793
 -304.31525764]",-2044.4245172238027,0.162985
18,31,"[-302.54121834  426.08946478 -297.53689292  418.21224505  442.36978172
  414.5909374 ]",-2207.542588878937,0.180995
19,117,"[-292.69482953  192.30785753  385.9666807   422.45945352  403.40693468
 -272.75911305]",-1746.4527870582554,0.649072
20,27,"[-128.37573832 -303.8348007  -281.47354588  217.17745405  422.14721571
 -287.30687627]",-1538.3910980885346,0.145
21,11,"[ 409.23615719 -313.69490279 -303.04528847  429.11890855 -125.88204178
  209.94742374]",-1717.4913665028432,0.061
22,90,"[-130.70230187 -124.21765162  427.1301908   421.14184482  424.71268781
 -301.62472205]",-1792.0753053664716,0.506014
23,14,"[ 439.07591302  420.87015166  394.26495457  402.37955611  417.23328116
 -289.76599595]",-2204.1084282813435,0.073986
24,15,"[407.91745876 418.40648187 418.99556736 420.3082121  424.72461134
 205.57793283]",-2272.005386402905,0.079002
25,15,"[ 423.50029135  421.74580503  418.15663673 -310.55389708 -302.72034679
 -295.97435957]",-2143.134717212592,0.082022
26,27,"[ 214.10816954 -348.04127629  423.97881902  437.77199246  447.34949804
  418.5811021 ]",-1808.3680384359627,0.142002
27,46,"[ 375.10603716  416.27821718 -301.23574754  411.70472981  421.23670182
  421.15266335]",-2148.5039478105477,0.253977
28,16,"[-326.39695371  455.66599389  420.2610052   453.78707095  230.27930934
  377.26309502]",-1533.2896765162645,0.084
29,51,"[-307.28484128  386.67859397  423.71981086   50.91821386  418.34332065
 -311.22974459]",-1744.3939574863043,0.279952
30,19,"[ 443.27618147  419.8807378   185.67940796 -300.32824069  420.3906778
 -285.07917778]",-1920.0684299501459,0.107614
31,30,"[ 393.4714695  -289.64871004  420.82384817 -291.26924703  436.14626595
  385.25341605]",-1972.42196817001,0.164804
32,11,"[ 420.78309118 -311.31922013  423.81094456 -285.67508352 -295.51558939
  421.7192988 ]",-2106.607962437631,0.053074
33,29,"[-303.78465777  -21.36141832  416.35917968 -301.47337031  416.8398047
  418.25722089]",-1873.2247355703369,0.161965
34,27,"[417.98050825 396.36719665 413.25694587 428.9276677  417.99929406
 393.88286059]",-2334.68930881856,0.137845
35,15,"[184.79897777 421.30087367 474.61879445 411.80756206 421.85062896
 414.21225144]",-1914.5919953312577,0.080413
36,65,"[427.85666053 462.63541432 191.55328499  11.95959242 419.7148981
 379.9590438 ]",-1453.578198754585,0.365777
37,13,"[ 422.07741362 -309.52217823  450.00315878 -310.01399762 -299.03363862
  400.95565898]",-1991.2649058176194,0.064969
38,16,"[-493.27861751  447.45353231  421.64767055  410.65423549  397.41526856
 -299.11579071]",-1914.9003833993615,0.087021
39,12,"[426.89436349 418.84526406 451.56120963 433.52192251 420.63042571
 461.5913571 ]",-2179.882183697683,0.061979
40,17,"[ 421.29052517 -123.91689274  422.56603111 -305.61292027  394.90652282
 -302.46992125]",-1897.33913070006,0.088002
41,10,"[ 455.9271983  -283.71503171  210.37510588 -309.1522246   410.48576326
  409.41917713]",-1828.0259857098504,0.048011
42,12,"[ 411.43962147  429.48643682  420.96503035  205.32167656 -302.91928286
  396.72741925]",-2086.2278898011805,0.064986
43,19,"[ 381.24238788  417.61528313  196.89846549  396.74266371  417.59922883
 -124.98788822]",-1740.1036881202267,0.10101
44,25,"[-302.43055178  391.00480704  410.32888428 -300.14171363  380.75727354
  376.41998816]",-1749.1766087607728,0.13999
45,14,"[ 393.66172072 -315.99750647  402.79003843  414.63445174  421.64470951
 -300.56692225]",-2118.284053054064,0.074552
46,21,"[-314.08273261 -152.85888612 -261.03006133  400.35958318  446.462343
  434.39456357]",-1529.706967359321,0.10556
47,12,"[-309.73511638 -316.89464579  402.85890083  435.3838072   197.44430243
 -301.53158651]",-1837.1282898899767,0.060002
48,66,"[-335.35165032 -126.97603338 -304.16745214 -322.66027914  434.7179727
  430.99141442]",-1645.6508951882188,0.385676
49,28,"[ 419.49471747 -302.61223988  210.5360747   446.05995747  438.93717209
  428.08122446]",-2047.7749666436152,0.163981
