,population,best_x,best_energy,ave_energy
0,1,"[-148.40991327  387.30266452   20.90134748  395.59971549 -310.08871497
 -141.02357657]",-1045.197841941743,-24.847676941252114
1,2,"[-268.7461303   419.71052475  449.48611694  234.17176829  205.71252884
  169.74664401]",-1277.6569052399038,-772.0053179935583
2,3,"[-312.98013365 -284.10460935  422.85845505 -296.04135428 -298.59248974
  234.24010817]",-1650.0082702470086,-1266.5818424872655
3,4,"[ 385.06429886 -288.42341709  419.29245411 -296.35825691  448.23493907
  419.31696763]",-2005.5497387362439,-1716.2204778769694
4,5,"[416.12409885 419.36627712 423.72008229 387.87440628 416.20662641
 413.55456774]",-2371.0433706925055,-2088.40015922661
5,6,"[416.01530618 419.8100975  423.03662378 407.79788027 411.40136901
 418.22056008]",-2476.1090323852104,-2318.2014920544902
6,7,"[416.17783378 419.49089996 422.03697489 407.9949898  411.41939056
 419.1535009 ]",-2477.810774099361,-2439.9714214914115
7,8,"[416.04176108 420.00381064 422.8211791  407.67321814 416.20330801
 419.57616201]",-2485.198959400277,-2476.547658396395
8,9,"[416.14542049 419.77734256 422.35363512 408.16687076 416.20758011
 419.01775033]",-2486.8106297878985,-2483.153743148613
9,10,"[416.28883262 420.0040272  422.24154073 408.17627169 416.20758643
 419.57486145]",-2487.345465711128,-2486.484894104091
10,11,"[416.31457441 419.88255967 422.24872294 408.19587367 416.20755436
 419.57755613]",-2487.4045419396552,-2487.056902267482
11,12,"[416.35391666 420.00448233 422.01570718 408.19545049 416.20747016
 419.57895602]",-2487.549370638418,-2487.3412910056436
12,13,"[416.35403763 420.00449394 422.01591864 408.22133186 416.20744092
 419.59247342]",-2487.6354985205544,-2487.501791947104
13,14,"[416.35348605 420.00402176 422.01610101 408.23509908 416.20756887
 419.72648028]",-2487.7223010696853,-2487.602726299119
14,15,"[416.35344304 420.00363695 422.01607883 408.23542598 416.20756893
 419.72653696]",-2487.7232068546496,-2487.676230087772
15,16,"[416.35304073 420.00447799 421.90535937 408.23986001 416.20756703
 419.72522778]",-2487.764171829129,-2487.728705467642
16,17,"[416.35296329 420.00347021 421.90607911 408.24537123 416.2075275
 419.72665226]",-2487.7813465678187,-2487.7546186161026
17,18,"[416.35345812 420.00558274 421.90624466 408.2449888  416.2149132
 419.7255319 ]",-2487.7896677851,-2487.77694031601
18,19,"[416.35412873 420.00556851 421.90540877 408.2455626  416.21508587
 419.72550743]",-2487.792636637918,-2487.786033089777
19,20,"[416.35410616 420.00556989 421.90366051 408.24555797 416.21508587
 419.72648254]",-2487.793314911538,-2487.791641830266
