,population,parents,parents_energy,parents_sigma
0,1,"[[ 165.08605202  219.57708484  456.89063376 -103.70804395 -140.69519549
    51.47085223]
 [ 173.36307346  258.21549959   42.57037173  391.29222689  298.1226613
  -320.74282727]
 [ 217.11464448  128.30536277  391.63982818 -265.89864962 -193.37852935
  -183.45678967]
 [ 402.60586032  482.08036196 -495.26512376 -210.4232184   143.33110368
  -186.58277194]
 [ 137.04906601  141.43678174  162.35608867  139.62086029 -468.89302329
  -321.37877072]
 [-346.46795706  221.51410987 -192.67205193 -162.72549527 -404.06450435
    65.10871683]
 [-332.52044003   57.39377203  324.75411431 -369.06828288 -160.31164406
  -194.41657911]
 [-367.71230837   47.14068555  170.46188517 -460.82270719  153.99254992
  -459.06798648]
 [ 114.53765782 -125.15275396  279.47694828 -408.78911849  237.52270568
  -186.63741119]
 [-430.19000507 -359.47965844  127.79613367  164.11427079 -219.02531754
   332.62266496]]","[-683.17336206 -291.88387465 -183.89105951  -80.96531187  157.85897787
  293.54012193  329.01884414  512.42559924  720.47776764  893.60283237]","[[1. 1. 1. 1. 1. 1.]
 [1. 1. 1. 1. 1. 1.]
 [1. 1. 1. 1. 1. 1.]
 [1. 1. 1. 1. 1. 1.]
 [1. 1. 1. 1. 1. 1.]
 [1. 1. 1. 1. 1. 1.]
 [1. 1. 1. 1. 1. 1.]
 [1. 1. 1. 1. 1. 1.]
 [1. 1. 1. 1. 1. 1.]
 [1. 1. 1. 1. 1. 1.]]"
1,2,"[[ 167.71635904  218.63841477  456.37982264 -102.85694822 -142.45449098
    51.19543924]
 [ 214.82782875  218.36238706  457.89249902 -262.77579674 -141.87878365
  -182.55490979]
 [ 135.44914173  218.90557231  456.80637143  142.0891886  -138.73346311
  -321.42586421]
 [ 162.64123259  221.22823112  456.17786235 -161.38175731 -142.63788694
    65.48548568]
 [ 115.25320778  218.48608917  456.57486004 -103.14038696 -140.51413014
    51.23366465]
 [ 163.69459552  142.31477501  457.57035451  138.93896301 -140.78357791
  -321.39560675]
 [ 172.51452227   57.72778507   42.83204566  392.83099569  296.43855048
  -321.22517058]
 [ 173.89600736  139.63593607   41.71165002  392.17387799 -468.8611343
  -321.0920496 ]
 [ 165.58325068  218.79919749  457.45374139 -462.10094979 -140.34505684
    51.31984556]
 [ 217.36865119  128.59743634  393.34619159 -265.43337064 -194.44367448
    51.19131126]]","[-696.00546242 -682.41477477 -598.1931581  -588.67898449 -529.95629293
 -460.11983128 -444.87059189 -435.16763014 -394.87929284 -379.73391644]","[[1.67023632 1.71349201 1.01450965 1.46245645 1.55052623 0.54842   ]
 [1.67023632 1.71349201 1.01450965 1.46245645 1.55052623 0.54842   ]
 [1.67023632 1.71349201 1.01450965 1.46245645 1.55052623 0.54842   ]
 [1.67023632 1.71349201 1.01450965 1.46245645 1.55052623 0.54842   ]
 [1.67023632 1.71349201 1.01450965 1.46245645 1.55052623 0.54842   ]
 [1.67023632 1.71349201 1.01450965 1.46245645 1.55052623 0.54842   ]
 [1.67023632 1.71349201 1.01450965 1.46245645 1.55052623 0.54842   ]
 [1.67023632 1.71349201 1.01450965 1.46245645 1.55052623 0.54842   ]
 [1.67023632 1.71349201 1.01450965 1.46245645 1.55052623 0.54842   ]
 [1.67023632 1.71349201 1.01450965 1.46245645 1.55052623 0.54842   ]]"
2,3,"[[ 169.42676415  223.48582717   39.87174437  389.62408169 -139.84849954
  -321.60663985]
 [ 211.29982828  221.04986411  392.82513076 -102.54756091 -142.31052744
    51.00922713]
 [ 161.47716052  223.23006844  454.93959467 -101.28475478 -140.05208835
  -321.20591255]
 [ 213.35605881  210.71285079  455.48206259 -256.52728438 -143.754405
    51.22788044]
 [ 164.87863285   57.44604631  456.7970792   395.25855935 -141.69981865
    65.33145221]
 [ 214.69380307  140.27620302  458.47092846 -262.27801987 -143.01392042
  -321.05521575]
 [ 173.13461118  216.72060746  459.12655645  391.24136901 -141.96896089
  -182.4895017 ]
 [ 164.10877283  214.39100982  455.69836915  141.97995837 -139.8108232
  -321.8914914 ]
 [ 168.62326089  214.25408097  458.03021391 -261.42582205 -141.52736839
    51.2963118 ]
 [ 166.15182212  217.06113569  456.331105    139.47578736 -143.03905189
  -321.34798515]]","[-880.75593141 -872.89739161 -868.21707413 -856.93116351 -854.69304849
 -807.0522996  -774.85399575 -763.18848142 -754.86228528 -743.18697649]","[[2.78968936 2.93605487 1.02922984 2.13877887 2.40413158 0.30076449]
 [2.78968936 2.93605487 1.02922984 2.13877887 2.40413158 0.30076449]
 [2.78968936 2.93605487 1.02922984 2.13877887 2.40413158 0.30076449]
 [2.78968936 2.93605487 1.02922984 2.13877887 2.40413158 0.30076449]
 [2.78968936 2.93605487 1.02922984 2.13877887 2.40413158 0.30076449]
 [2.78968936 2.93605487 1.02922984 2.13877887 2.40413158 0.30076449]
 [2.78968936 2.93605487 1.02922984 2.13877887 2.40413158 0.30076449]
 [2.78968936 2.93605487 1.02922984 2.13877887 2.40413158 0.30076449]
 [2.78968936 2.93605487 1.02922984 2.13877887 2.40413158 0.30076449]
 [2.78968936 2.93605487 1.02922984 2.13877887 2.40413158 0.30076449]]"
3,4,"[[ 170.30646343  218.12071783  456.56288264  397.97872901 -140.81397745
  -321.11178229]
 [ 213.68656177  205.86498038  460.08286765  387.03269396 -151.28587484
  -321.04919997]
 [ 167.61300852  227.09381496  394.33707544  393.69456663 -143.69049375
  -321.66104386]
 [ 163.4688006   207.96190068  456.43484809  388.63007268 -135.67618396
  -321.76355707]
 [ 218.19155372   58.2913274   458.90215201  395.40033681 -146.82671423
  -321.0803809 ]
 [ 218.61796583  219.32903017  459.8553139  -267.38287995 -145.89153553
  -320.96205517]
 [ 216.79543079  210.43559055  458.0050145  -254.44637162 -137.87388806
  -321.2502601 ]
 [ 216.89699474   53.45151101  454.41322249  396.67198618 -143.09359333
    65.36132154]
 [ 162.4046614   208.6986294   392.27448922 -104.1790749  -138.75264057
  -322.16617601]
 [ 165.8046684   218.7977259   455.56643787  397.362422   -148.33718207
    65.4619502 ]]","[-1224.69017238 -1209.39843807 -1194.24219436 -1160.67518589
 -1141.29083672 -1071.9091624  -1050.94850945 -1001.95617994
  -972.15955978  -969.72823936]","[[4.6594405  5.03090657 1.04416361 3.12787095 3.72766907 0.16494526]
 [4.6594405  5.03090657 1.04416361 3.12787095 3.72766907 0.16494526]
 [4.6594405  5.03090657 1.04416361 3.12787095 3.72766907 0.16494526]
 [4.6594405  5.03090657 1.04416361 3.12787095 3.72766907 0.16494526]
 [4.6594405  5.03090657 1.04416361 3.12787095 3.72766907 0.16494526]
 [4.6594405  5.03090657 1.04416361 3.12787095 3.72766907 0.16494526]
 [4.6594405  5.03090657 1.04416361 3.12787095 3.72766907 0.16494526]
 [4.6594405  5.03090657 1.04416361 3.12787095 3.72766907 0.16494526]
 [4.6594405  5.03090657 1.04416361 3.12787095 3.72766907 0.16494526]
 [4.6594405  5.03090657 1.04416361 3.12787095 3.72766907 0.16494526]]"
4,5,"[[ 180.71930856  205.15227231  394.71810158  399.3012817  -124.74726793
  -321.78610153]
 [ 209.47240728  198.35483805  395.71005055  387.58976663 -139.2385475
  -321.0656694 ]
 [ 208.46879953  224.29201958  395.66818255  392.8523456  -135.64310939
  -321.7065914 ]
 [ 217.89502403  204.61975838  458.79167474  401.21956921 -127.51559458
  -321.35652144]
 [ 217.16245386  218.8375674   394.93643631  388.98350314 -150.10164762
  -321.83879375]
 [ 209.46407572   63.07343495  395.27876064  396.52936217 -143.16274837
  -321.79471778]
 [ 231.20871187  199.4308463   458.98776708  397.87691566 -139.36671609
  -321.06487627]
 [ 165.21705031  215.51937864  394.66907036  398.72221717 -143.05637992
  -322.1744785 ]
 [ 172.45249138  223.87740006  396.70198719  399.91259966 -150.7853216
  -321.6937123 ]
 [ 210.78910265   45.40229418  454.52006116  401.82933197 -141.10829867
  -321.08425406]]","[-1415.24735518 -1379.89069967 -1377.33462917 -1376.15861779
 -1288.57100907 -1281.71072408 -1265.15820764 -1259.42715551
 -1253.99189379 -1219.46451822]","[[7.78236675 8.62041821 1.05931406 4.57437504 5.77984867 0.09045928]
 [7.78236675 8.62041821 1.05931406 4.57437504 5.77984867 0.09045928]
 [7.78236675 8.62041821 1.05931406 4.57437504 5.77984867 0.09045928]
 [7.78236675 8.62041821 1.05931406 4.57437504 5.77984867 0.09045928]
 [7.78236675 8.62041821 1.05931406 4.57437504 5.77984867 0.09045928]
 [7.78236675 8.62041821 1.05931406 4.57437504 5.77984867 0.09045928]
 [7.78236675 8.62041821 1.05931406 4.57437504 5.77984867 0.09045928]
 [7.78236675 8.62041821 1.05931406 4.57437504 5.77984867 0.09045928]
 [7.78236675 8.62041821 1.05931406 4.57437504 5.77984867 0.09045928]
 [7.78236675 8.62041821 1.05931406 4.57437504 5.77984867 0.09045928]]"
5,6,"[[ 203.29042159  205.15919459  396.60985219  402.18768068 -132.12536785
  -321.68685663]
 [ 211.27186098  189.11056817  396.60745412  409.66288143 -139.28019887
  -321.80227074]
 [ 197.5214452   205.05225697  397.29535619  395.40868679 -117.37483252
  -321.60824618]
 [ 212.78785408  202.08211221  396.28396682  394.34073827 -122.93527728
  -321.85777641]
 [ 192.76528111  220.59655279  395.16291432  402.82413284 -121.5512979
  -321.76404377]
 [ 183.35671925  190.61867366  393.66964348  405.67089004 -124.05226193
  -321.08690181]
 [ 173.97746205  207.76734525  393.00607267  413.73456965 -127.43951098
  -322.22487883]
 [ 214.96046279  193.45722582  395.42242304  408.06326427 -153.00302907
  -321.12186213]
 [ 213.21735141  207.94920897  395.96018544  390.44309515 -142.23776172
  -321.72503184]
 [ 185.41148506  227.54332801  395.11626632  399.48353908 -120.72735025
  -321.62881369]]","[-1496.81591673 -1470.68309774 -1460.41736785 -1448.2129027
 -1446.04553343 -1431.75240891 -1413.31420274 -1400.20389005
 -1381.35292555 -1370.32630409]","[[12.9983916  14.77101774  1.07468434  6.68982427  8.96180695  0.04960968]
 [12.9983916  14.77101774  1.07468434  6.68982427  8.96180695  0.04960968]
 [12.9983916  14.77101774  1.07468434  6.68982427  8.96180695  0.04960968]
 [12.9983916  14.77101774  1.07468434  6.68982427  8.96180695  0.04960968]
 [12.9983916  14.77101774  1.07468434  6.68982427  8.96180695  0.04960968]
 [12.9983916  14.77101774  1.07468434  6.68982427  8.96180695  0.04960968]
 [12.9983916  14.77101774  1.07468434  6.68982427  8.96180695  0.04960968]
 [12.9983916  14.77101774  1.07468434  6.68982427  8.96180695  0.04960968]
 [12.9983916  14.77101774  1.07468434  6.68982427  8.96180695  0.04960968]
 [12.9983916  14.77101774  1.07468434  6.68982427  8.96180695  0.04960968]]"
6,7,"[[ 205.19671108  215.33982716  396.629001    415.93916866 -127.01445531
  -321.82066953]
 [ 213.3931053   196.45237439  397.23848276  408.35971198 -136.01812223
  -321.08908141]
 [ 200.50442028  186.78130066  394.83228201  411.64685858 -124.47415634
  -321.56011766]
 [ 195.82075059  220.24045401  394.12889139  416.07141283 -124.23954919
  -321.58719909]
 [ 211.57755354  197.15450699  395.22181136  404.68108569 -136.44231789
  -321.71924098]
 [ 212.2861144   184.84889323  396.50083911  414.49636294 -140.1519142
  -321.0977054 ]
 [ 186.30480375  219.95589849  395.03319256  421.36036425 -112.53029595
  -321.62812345]
 [ 197.19810267  194.39194847  392.59573628  398.45432582 -118.5145997
  -321.03878518]
 [ 201.57119962  218.61605337  396.64514066  395.65761053 -130.27190968
  -321.62030017]
 [ 178.54944866  197.1786962   399.06478925  412.09451486 -143.23731524
  -322.20940897]]","[-1525.9315835  -1499.32292695 -1489.86356208 -1488.10182465
 -1475.7627764  -1461.97909061 -1449.68011942 -1442.40404577
 -1438.32903479 -1426.32166121]","[[21.71038576 25.3100209   1.09027764  9.78357665 13.89551673  0.02720694]
 [21.71038576 25.3100209   1.09027764  9.78357665 13.89551673  0.02720694]
 [21.71038576 25.3100209   1.09027764  9.78357665 13.89551673  0.02720694]
 [21.71038576 25.3100209   1.09027764  9.78357665 13.89551673  0.02720694]
 [21.71038576 25.3100209   1.09027764  9.78357665 13.89551673  0.02720694]
 [21.71038576 25.3100209   1.09027764  9.78357665 13.89551673  0.02720694]
 [21.71038576 25.3100209   1.09027764  9.78357665 13.89551673  0.02720694]
 [21.71038576 25.3100209   1.09027764  9.78357665 13.89551673  0.02720694]
 [21.71038576 25.3100209   1.09027764  9.78357665 13.89551673  0.02720694]
 [21.71038576 25.3100209   1.09027764  9.78357665 13.89551673  0.02720694]]"
7,8,"[[ 213.64646909  196.60794678  398.52505037  425.50928539 -139.33089227
  -321.05188188]
 [ 205.35446877  220.14954321  394.69781835  421.01205563 -124.13138968
  -321.62713477]
 [ 191.7080326   187.55052686  396.90068149  424.24022277 -133.73843755
  -321.80906977]
 [ 201.86802166  219.91524786  397.27002723  412.56498653 -143.53245398
  -321.62917414]
 [ 229.44677494  202.27555791  396.02384723  415.61682443 -122.71606318
  -321.83147861]
 [ 189.18128727  189.14060258  396.77388358  407.4854614  -137.30351683
  -321.69388902]
 [ 204.77577861  181.01116314  393.8608059   414.39954351 -134.40016761
  -321.62109876]
 [ 220.21587512  221.52371848  393.20078854  421.18459354 -133.91259532
  -321.08290647]
 [ 211.57236848  206.76210615  397.69744065  402.62113623 -148.34576808
  -321.65451933]
 [ 233.34052395  204.87020103  397.06003086  411.01618786 -129.40089961
  -321.56998249]]","[-1512.73261003 -1502.50007532 -1486.30591705 -1465.91134095
 -1458.93666938 -1452.92966128 -1452.4945243  -1445.96283065
 -1436.39376018 -1431.15204089]","[[3.62614748e+01 4.33685186e+01 1.10609719e+00 1.43080548e+01
  2.15453631e+01 1.49208299e-02]
 [3.62614748e+01 4.33685186e+01 1.10609719e+00 1.43080548e+01
  2.15453631e+01 1.49208299e-02]
 [3.62614748e+01 4.33685186e+01 1.10609719e+00 1.43080548e+01
  2.15453631e+01 1.49208299e-02]
 [3.62614748e+01 4.33685186e+01 1.10609719e+00 1.43080548e+01
  2.15453631e+01 1.49208299e-02]
 [3.62614748e+01 4.33685186e+01 1.10609719e+00 1.43080548e+01
  2.15453631e+01 1.49208299e-02]
 [3.62614748e+01 4.33685186e+01 1.10609719e+00 1.43080548e+01
  2.15453631e+01 1.49208299e-02]
 [3.62614748e+01 4.33685186e+01 1.10609719e+00 1.43080548e+01
  2.15453631e+01 1.49208299e-02]
 [3.62614748e+01 4.33685186e+01 1.10609719e+00 1.43080548e+01
  2.15453631e+01 1.49208299e-02]
 [3.62614748e+01 4.33685186e+01 1.10609719e+00 1.43080548e+01
  2.15453631e+01 1.49208299e-02]
 [3.62614748e+01 4.33685186e+01 1.10609719e+00 1.43080548e+01
  2.15453631e+01 1.49208299e-02]]"
8,9,"[[ 216.71068447  457.1125165   393.28021975  411.65240751 -141.33642452
  -321.6236605 ]
 [ 209.48588803  199.06030248  396.46228312  399.59225311 -126.87951374
  -321.82778497]
 [ 223.29268727  214.14340881  395.01150157  422.13300358 -119.04155164
  -321.83681552]
 [ 197.80708403  191.87148669  396.28169964  402.15298178 -144.74223809
  -321.64681824]
 [ 187.36419221  193.42119301  394.73465872  397.60949385 -146.3811749
  -321.81383045]
 [  66.1147073   213.80680058  397.87952322  431.43943439 -146.9157954
  -321.69464315]
 [ 229.68586042  192.4644214   392.96470439  393.33638877 -115.66588581
  -321.57426208]
 [ 223.90998676  170.28193083  398.92244181  407.64962348 -104.90208357
  -321.06446728]
 [ 207.54349846  235.88595775  394.24186282  409.09495871 -150.34546491
  -321.08374385]
 [ 229.81346988  204.2195948   392.91592164  395.93118387 -103.88985398
  -321.57913261]]","[-1521.8215265  -1482.46677422 -1472.08172181 -1430.78150912
 -1365.91976359 -1330.04489708 -1326.29737217 -1321.47479201
 -1317.87890059 -1316.84595571]","[[6.05652323e+01 7.43116102e+01 1.12214628e+00 2.09249070e+01
  3.34066506e+01 8.18288149e-03]
 [6.05652323e+01 7.43116102e+01 1.12214628e+00 2.09249070e+01
  3.34066506e+01 8.18288149e-03]
 [6.05652323e+01 7.43116102e+01 1.12214628e+00 2.09249070e+01
  3.34066506e+01 8.18288149e-03]
 [6.05652323e+01 7.43116102e+01 1.12214628e+00 2.09249070e+01
  3.34066506e+01 8.18288149e-03]
 [6.05652323e+01 7.43116102e+01 1.12214628e+00 2.09249070e+01
  3.34066506e+01 8.18288149e-03]
 [6.05652323e+01 7.43116102e+01 1.12214628e+00 2.09249070e+01
  3.34066506e+01 8.18288149e-03]
 [6.05652323e+01 7.43116102e+01 1.12214628e+00 2.09249070e+01
  3.34066506e+01 8.18288149e-03]
 [6.05652323e+01 7.43116102e+01 1.12214628e+00 2.09249070e+01
  3.34066506e+01 8.18288149e-03]
 [6.05652323e+01 7.43116102e+01 1.12214628e+00 2.09249070e+01
  3.34066506e+01 8.18288149e-03]
 [6.05652323e+01 7.43116102e+01 1.12214628e+00 2.09249070e+01
  3.34066506e+01 8.18288149e-03]]"
9,10,"[[ 209.48588803  457.1125165   393.28021975  411.65240751 -141.33642452
  -321.6236605 ]
 [ 216.71068447  457.1125165   393.28021975  411.65240751 -141.33642452
  -321.81383045]
 [ 216.71068447  457.1125165   393.28021975  393.33638877 -141.33642452
  -321.57426208]
 [ 105.92426757  447.95916702  396.70357814  399.89165178 -124.08661945
  -321.69978851]
 [ 195.15911925  482.08822741  395.15810047  431.08801426 -110.45961858
  -321.83564435]
 [ 253.11153967  410.57325538  391.87157374  427.61667372  -77.56153725
  -321.65199686]
 [  85.08580398  430.11012643  395.36414271  431.83647111 -180.31953895
  -321.08384095]
 [ 205.37132507  248.27355717  393.4955875   433.31053203 -116.30413286
  -321.08403344]
 [ 176.25531443  216.80764612  393.37987586  407.02497542   -1.86899314
  -321.812328  ]
 [ 198.2436482   255.69621758  396.22171886  428.86426317 -116.5745565
  -321.57009156]]","[-1538.75906655 -1520.92937445 -1441.28812084 -1338.32178882
 -1305.51807297 -1296.0793945  -1289.95008977 -1288.86631692
 -1270.12098087 -1252.14559491]","[[1.01158251e+02 1.27332350e+02 1.13842823e+00 3.06017652e+01
  5.17978880e+01 4.48765585e-03]
 [1.01158251e+02 1.27332350e+02 1.13842823e+00 3.06017652e+01
  5.17978880e+01 4.48765585e-03]
 [1.01158251e+02 1.27332350e+02 1.13842823e+00 3.06017652e+01
  5.17978880e+01 4.48765585e-03]
 [1.01158251e+02 1.27332350e+02 1.13842823e+00 3.06017652e+01
  5.17978880e+01 4.48765585e-03]
 [1.01158251e+02 1.27332350e+02 1.13842823e+00 3.06017652e+01
  5.17978880e+01 4.48765585e-03]
 [1.01158251e+02 1.27332350e+02 1.13842823e+00 3.06017652e+01
  5.17978880e+01 4.48765585e-03]
 [1.01158251e+02 1.27332350e+02 1.13842823e+00 3.06017652e+01
  5.17978880e+01 4.48765585e-03]
 [1.01158251e+02 1.27332350e+02 1.13842823e+00 3.06017652e+01
  5.17978880e+01 4.48765585e-03]
 [1.01158251e+02 1.27332350e+02 1.13842823e+00 3.06017652e+01
  5.17978880e+01 4.48765585e-03]
 [1.01158251e+02 1.27332350e+02 1.13842823e+00 3.06017652e+01
  5.17978880e+01 4.48765585e-03]]"
10,11,"[[ 198.2436482   430.11012643  395.36414271  431.83647111 -116.5745565
  -321.57009156]
 [ 198.2436482   457.1125165   396.22171886  428.86426317 -116.5745565
  -321.57009156]
 [ 225.40503895  443.99527831  394.37184757  405.18833217 -114.30490187
  -321.57411762]
 [ 209.48588803  457.1125165   393.28021975  411.65240751 -141.33642452
  -321.08384095]
 [ 209.48588803  457.1125165   393.28021975  411.65240751 -141.33642452
  -321.81383045]
 [ 209.48588803  457.1125165   391.87157374  427.61667372 -141.33642452
  -321.6236605 ]
 [ 216.71068447  457.1125165   395.15810047  431.08801426 -141.33642452
  -321.83564435]
 [ 216.71068447  457.1125165   393.28021975  427.61667372 -141.33642452
  -321.65199686]
 [ 176.25531443  457.1125165   393.37987586  411.65240751 -141.33642452
  -321.81383045]
 [ 216.71068447  457.1125165   393.28021975  393.33638877 -141.33642452
  -321.57426208]]","[-1719.84279245 -1585.65679673 -1583.76673598 -1541.2473869
 -1537.86691449 -1534.93054877 -1530.35824339 -1526.97529235
 -1455.61342626 -1441.28812084]","[[1.68958184e+02 2.18182965e+02 1.15494643e+00 4.47537488e+01
  8.03139838e+01 2.46112021e-03]
 [1.68958184e+02 2.18182965e+02 1.15494643e+00 4.47537488e+01
  8.03139838e+01 2.46112021e-03]
 [1.68958184e+02 2.18182965e+02 1.15494643e+00 4.47537488e+01
  8.03139838e+01 2.46112021e-03]
 [1.68958184e+02 2.18182965e+02 1.15494643e+00 4.47537488e+01
  8.03139838e+01 2.46112021e-03]
 [1.68958184e+02 2.18182965e+02 1.15494643e+00 4.47537488e+01
  8.03139838e+01 2.46112021e-03]
 [1.68958184e+02 2.18182965e+02 1.15494643e+00 4.47537488e+01
  8.03139838e+01 2.46112021e-03]
 [1.68958184e+02 2.18182965e+02 1.15494643e+00 4.47537488e+01
  8.03139838e+01 2.46112021e-03]
 [1.68958184e+02 2.18182965e+02 1.15494643e+00 4.47537488e+01
  8.03139838e+01 2.46112021e-03]
 [1.68958184e+02 2.18182965e+02 1.15494643e+00 4.47537488e+01
  8.03139838e+01 2.46112021e-03]
 [1.68958184e+02 2.18182965e+02 1.15494643e+00 4.47537488e+01
  8.03139838e+01 2.46112021e-03]]"
11,12,"[[ 447.60463373  410.06875716  394.91601638  450.14167658  195.16729312
  -321.57488489]
 [ 198.2436482   430.11012643  395.36414271  431.83647111 -116.5745565
  -321.57009156]
 [ 198.2436482   430.11012643  395.15810047  431.83647111 -116.5745565
  -321.57009156]
 [ 209.48588803  430.11012643  395.36414271  431.83647111 -116.5745565
  -321.81383045]
 [ 216.71068447  430.11012643  395.15810047  431.08801426 -116.5745565
  -321.57009156]
 [ 216.71068447  430.11012643  395.36414271  431.83647111 -116.5745565
  -321.57009156]
 [ 216.71068447  430.11012643  395.36414271  431.83647111 -116.5745565
  -321.83564435]
 [ 198.2436482   430.11012643  395.36414271  431.08801426 -141.33642452
  -321.83564435]
 [ 198.2436482   430.11012643  393.28021975  411.65240751 -141.33642452
  -321.57009156]
 [ 216.71068447  443.99527831  395.15810047  431.08801426 -114.30490187
  -321.57411762]]","[-1835.47993157 -1719.84279245 -1718.61438491 -1718.52193812
 -1703.47030843 -1702.72640073 -1701.48154541 -1694.92439178
 -1685.40911795 -1643.00980776]","[[2.82200096e+02 3.73854768e+02 1.17170431e+00 6.54504086e+01
  1.24528938e+02 1.34972754e-03]
 [2.82200096e+02 3.73854768e+02 1.17170431e+00 6.54504086e+01
  1.24528938e+02 1.34972754e-03]
 [2.82200096e+02 3.73854768e+02 1.17170431e+00 6.54504086e+01
  1.24528938e+02 1.34972754e-03]
 [2.82200096e+02 3.73854768e+02 1.17170431e+00 6.54504086e+01
  1.24528938e+02 1.34972754e-03]
 [2.82200096e+02 3.73854768e+02 1.17170431e+00 6.54504086e+01
  1.24528938e+02 1.34972754e-03]
 [2.82200096e+02 3.73854768e+02 1.17170431e+00 6.54504086e+01
  1.24528938e+02 1.34972754e-03]
 [2.82200096e+02 3.73854768e+02 1.17170431e+00 6.54504086e+01
  1.24528938e+02 1.34972754e-03]
 [2.82200096e+02 3.73854768e+02 1.17170431e+00 6.54504086e+01
  1.24528938e+02 1.34972754e-03]
 [2.82200096e+02 3.73854768e+02 1.17170431e+00 6.54504086e+01
  1.24528938e+02 1.34972754e-03]
 [2.82200096e+02 3.73854768e+02 1.17170431e+00 6.54504086e+01
  1.24528938e+02 1.34972754e-03]]"
12,13,"[[ 447.60463373  443.99527831  395.15810047  431.08801426  195.16729312
  -321.57488489]
 [ 447.60463373  410.06875716  395.36414271  450.14167658  195.16729312
  -321.81383045]
 [ 447.60463373  410.06875716  395.36414271  431.08801426 -141.33642452
  -321.57488489]
 [ 447.60463373  430.11012643  393.28021975  411.65240751 -141.33642452
  -321.57488489]
 [ 216.71068447  430.11012643  395.15810047  431.08801426  195.16729312
  -321.57488489]
 [ 447.60463373  430.11012643  394.91601638  450.14167658 -116.5745565
  -321.83564435]
 [ 447.60463373  410.06875716  394.91601638  450.14167658 -114.30490187
  -321.57411762]
 [ 198.2436482   430.11012643  395.36414271  431.08801426 -116.5745565
  -321.57009156]
 [ 198.2436482   430.11012643  395.36414271  431.08801426 -116.5745565
  -321.57009156]
 [ 198.2436482   430.11012643  395.15810047  431.08801426 -116.5745565
  -321.57009156]]","[-1877.25359447 -1837.04251371 -1825.57811073 -1819.11952352
 -1781.61905212 -1760.3878745  -1752.08527251 -1721.8151077
 -1721.8151077  -1720.58670015]","[[4.71340850e+02 6.40597158e+02 1.18870533e+00 9.57183721e+01
  1.93085385e+02 7.40217574e-04]
 [4.71340850e+02 6.40597158e+02 1.18870533e+00 9.57183721e+01
  1.93085385e+02 7.40217574e-04]
 [4.71340850e+02 6.40597158e+02 1.18870533e+00 9.57183721e+01
  1.93085385e+02 7.40217574e-04]
 [4.71340850e+02 6.40597158e+02 1.18870533e+00 9.57183721e+01
  1.93085385e+02 7.40217574e-04]
 [4.71340850e+02 6.40597158e+02 1.18870533e+00 9.57183721e+01
  1.93085385e+02 7.40217574e-04]
 [4.71340850e+02 6.40597158e+02 1.18870533e+00 9.57183721e+01
  1.93085385e+02 7.40217574e-04]
 [4.71340850e+02 6.40597158e+02 1.18870533e+00 9.57183721e+01
  1.93085385e+02 7.40217574e-04]
 [4.71340850e+02 6.40597158e+02 1.18870533e+00 9.57183721e+01
  1.93085385e+02 7.40217574e-04]
 [4.71340850e+02 6.40597158e+02 1.18870533e+00 9.57183721e+01
  1.93085385e+02 7.40217574e-04]
 [4.71340850e+02 6.40597158e+02 1.18870533e+00 9.57183721e+01
  1.93085385e+02 7.40217574e-04]]"
13,14,"[[ 447.60463373  430.11012643  395.36414271  431.08801426  195.16729312
  -321.81383045]
 [ 447.60463373  430.11012643  393.28021975  431.08801426  195.16729312
  -321.57488489]
 [ 447.60463373  443.99527831  394.91601638  431.08801426  195.16729312
  -321.57411762]
 [ 447.60463373  430.11012643  395.15810047  411.65240751 -116.5745565
  -321.57009156]
 [ 447.60463373  430.11012643  395.36414271  431.08801426 -116.5745565
  -321.57009156]
 [ 447.60463373  430.11012643  395.15810047  431.08801426 -116.5745565
  -321.57488489]
 [ 447.60463373  430.11012643  395.15810047  431.08801426 -116.5745565
  -321.57488489]
 [ 447.60463373  430.11012643  394.91601638  431.08801426 -116.5745565
  -321.83564435]
 [ 447.60463373  430.11012643  394.91601638  411.65240751 -114.30490187
  -321.57411762]
 [ 447.60463373  430.11012643  394.91601638  431.08801426 -114.30490187
  -321.57009156]]","[-1932.57691504 -1920.8958672  -1875.80332233 -1856.36002707
 -1855.54784364 -1854.29710573 -1854.29710573 -1851.62073389
 -1849.66026482 -1847.63842946]","[[7.87250606e+02 1.09765811e+03 1.20595303e+00 1.39983951e+02
  2.99383954e+02 4.05950120e-04]
 [7.87250606e+02 1.09765811e+03 1.20595303e+00 1.39983951e+02
  2.99383954e+02 4.05950120e-04]
 [7.87250606e+02 1.09765811e+03 1.20595303e+00 1.39983951e+02
  2.99383954e+02 4.05950120e-04]
 [7.87250606e+02 1.09765811e+03 1.20595303e+00 1.39983951e+02
  2.99383954e+02 4.05950120e-04]
 [7.87250606e+02 1.09765811e+03 1.20595303e+00 1.39983951e+02
  2.99383954e+02 4.05950120e-04]
 [7.87250606e+02 1.09765811e+03 1.20595303e+00 1.39983951e+02
  2.99383954e+02 4.05950120e-04]
 [7.87250606e+02 1.09765811e+03 1.20595303e+00 1.39983951e+02
  2.99383954e+02 4.05950120e-04]
 [7.87250606e+02 1.09765811e+03 1.20595303e+00 1.39983951e+02
  2.99383954e+02 4.05950120e-04]
 [7.87250606e+02 1.09765811e+03 1.20595303e+00 1.39983951e+02
  2.99383954e+02 4.05950120e-04]
 [7.87250606e+02 1.09765811e+03 1.20595303e+00 1.39983951e+02
  2.99383954e+02 4.05950120e-04]]"
14,15,"[[ 447.60463373  430.11012643  395.36414271  411.65240751  195.16729312
  -321.81383045]
 [ 447.60463373  430.11012643  395.36414271  431.08801426  195.16729312
  -321.57009156]
 [ 447.60463373  430.11012643  395.15810047  411.65240751  195.16729312
  -321.81383045]
 [ 447.60463373  430.11012643  394.91601638  411.65240751  195.16729312
  -321.57411762]
 [ 447.60463373  430.11012643  395.36414271  431.08801426  195.16729312
  -321.81383045]
 [ 447.60463373  430.11012643  395.36414271  431.08801426  195.16729312
  -321.81383045]
 [ 447.60463373  430.11012643  395.36414271  431.08801426  195.16729312
  -321.81383045]
 [ 447.60463373  430.11012643  395.36414271  431.08801426  195.16729312
  -321.81383045]
 [ 447.60463373  430.11012643  395.15810047  431.08801426  195.16729312
  -321.57488489]
 [ 447.60463373  430.11012643  395.15810047  431.08801426  195.16729312
  -321.57488489]]","[-1934.61750602 -1933.7189177  -1933.38909847 -1933.05849862
 -1932.57691504 -1932.57691504 -1932.57691504 -1932.57691504
 -1932.46817978 -1932.46817978]","[[1.31489456e+03 1.88082841e+03 1.22345100e+00 2.04720431e+02
  4.64202672e+02 2.22631164e-04]
 [1.31489456e+03 1.88082841e+03 1.22345100e+00 2.04720431e+02
  4.64202672e+02 2.22631164e-04]
 [1.31489456e+03 1.88082841e+03 1.22345100e+00 2.04720431e+02
  4.64202672e+02 2.22631164e-04]
 [1.31489456e+03 1.88082841e+03 1.22345100e+00 2.04720431e+02
  4.64202672e+02 2.22631164e-04]
 [1.31489456e+03 1.88082841e+03 1.22345100e+00 2.04720431e+02
  4.64202672e+02 2.22631164e-04]
 [1.31489456e+03 1.88082841e+03 1.22345100e+00 2.04720431e+02
  4.64202672e+02 2.22631164e-04]
 [1.31489456e+03 1.88082841e+03 1.22345100e+00 2.04720431e+02
  4.64202672e+02 2.22631164e-04]
 [1.31489456e+03 1.88082841e+03 1.22345100e+00 2.04720431e+02
  4.64202672e+02 2.22631164e-04]
 [1.31489456e+03 1.88082841e+03 1.22345100e+00 2.04720431e+02
  4.64202672e+02 2.22631164e-04]
 [1.31489456e+03 1.88082841e+03 1.22345100e+00 2.04720431e+02
  4.64202672e+02 2.22631164e-04]]"
15,16,"[[ 447.60463373  430.11012643  395.36414271  411.65240751  195.16729312
  -321.81383045]
 [ 447.60463373  430.11012643  395.36414271  411.65240751  195.16729312
  -321.81383045]
 [ 447.60463373  430.11012643  395.36414271  411.65240751  195.16729312
  -321.81383045]
 [ 447.60463373  430.11012643  395.36414271  411.65240751  195.16729312
  -321.81383045]
 [ 447.60463373  430.11012643  395.15810047  411.65240751  195.16729312
  -321.57411762]
 [ 447.60463373  430.11012643  395.15810047  411.65240751  195.16729312
  -321.57488489]
 [ 447.60463373  430.11012643  395.15810047  411.65240751  195.16729312
  -321.57488489]
 [ 447.60463373  430.11012643  395.36414271  431.08801426  195.16729312
  -321.57009156]
 [ 447.60463373  430.11012643  395.36414271  431.08801426  195.16729312
  -321.57009156]
 [ 447.60463373  430.11012643  395.36414271  431.08801426  195.16729312
  -321.57009156]]","[-1934.61750602 -1934.61750602 -1934.61750602 -1934.61750602
 -1934.51234551 -1934.50877076 -1934.50877076 -1933.7189177
 -1933.7189177  -1933.7189177 ]","[[2.19618464e+03 3.22278445e+03 1.24120285e+00 2.99394715e+02
  7.19758419e+02 1.22095383e-04]
 [2.19618464e+03 3.22278445e+03 1.24120285e+00 2.99394715e+02
  7.19758419e+02 1.22095383e-04]
 [2.19618464e+03 3.22278445e+03 1.24120285e+00 2.99394715e+02
  7.19758419e+02 1.22095383e-04]
 [2.19618464e+03 3.22278445e+03 1.24120285e+00 2.99394715e+02
  7.19758419e+02 1.22095383e-04]
 [2.19618464e+03 3.22278445e+03 1.24120285e+00 2.99394715e+02
  7.19758419e+02 1.22095383e-04]
 [2.19618464e+03 3.22278445e+03 1.24120285e+00 2.99394715e+02
  7.19758419e+02 1.22095383e-04]
 [2.19618464e+03 3.22278445e+03 1.24120285e+00 2.99394715e+02
  7.19758419e+02 1.22095383e-04]
 [2.19618464e+03 3.22278445e+03 1.24120285e+00 2.99394715e+02
  7.19758419e+02 1.22095383e-04]
 [2.19618464e+03 3.22278445e+03 1.24120285e+00 2.99394715e+02
  7.19758419e+02 1.22095383e-04]
 [2.19618464e+03 3.22278445e+03 1.24120285e+00 2.99394715e+02
  7.19758419e+02 1.22095383e-04]]"
16,17,"[[ 447.60463373  430.11012643  395.36414271  411.65240751  195.16729312
  -321.57009156]
 [ 447.60463373  430.11012643  395.36414271  411.65240751  195.16729312
  -321.57009156]
 [ 447.60463373  430.11012643  395.36414271  411.65240751  195.16729312
  -321.57009156]
 [ 447.60463373  430.11012643  395.36414271  411.65240751  195.16729312
  -321.57009156]
 [ 447.60463373  430.11012643  395.36414271  411.65240751  195.16729312
  -321.57009156]
 [ 447.60463373  430.11012643  395.36414271  411.65240751  195.16729312
  -321.57009156]
 [ 447.60463373  430.11012643  395.36414271  411.65240751  195.16729312
  -321.57009156]
 [ 447.60463373  430.11012643  395.36414271  411.65240751  195.16729312
  -321.57411762]
 [ 447.60463373  430.11012643  395.36414271  411.65240751  195.16729312
  -321.57488489]
 [ 447.60463373  430.11012643  395.36414271  411.65240751  195.16729312
  -321.57488489]]","[-1935.75950867 -1935.75950867 -1935.75950867 -1935.75950867
 -1935.75950867 -1935.75950867 -1935.75950867 -1935.74075306
 -1935.73717831 -1935.73717831]","[[3.66814736e+03 5.52221541e+03 1.25921227e+00 4.37851732e+02
  1.11600431e+03 6.69595494e-05]
 [3.66814736e+03 5.52221541e+03 1.25921227e+00 4.37851732e+02
  1.11600431e+03 6.69595494e-05]
 [3.66814736e+03 5.52221541e+03 1.25921227e+00 4.37851732e+02
  1.11600431e+03 6.69595494e-05]
 [3.66814736e+03 5.52221541e+03 1.25921227e+00 4.37851732e+02
  1.11600431e+03 6.69595494e-05]
 [3.66814736e+03 5.52221541e+03 1.25921227e+00 4.37851732e+02
  1.11600431e+03 6.69595494e-05]
 [3.66814736e+03 5.52221541e+03 1.25921227e+00 4.37851732e+02
  1.11600431e+03 6.69595494e-05]
 [3.66814736e+03 5.52221541e+03 1.25921227e+00 4.37851732e+02
  1.11600431e+03 6.69595494e-05]
 [3.66814736e+03 5.52221541e+03 1.25921227e+00 4.37851732e+02
  1.11600431e+03 6.69595494e-05]
 [3.66814736e+03 5.52221541e+03 1.25921227e+00 4.37851732e+02
  1.11600431e+03 6.69595494e-05]
 [3.66814736e+03 5.52221541e+03 1.25921227e+00 4.37851732e+02
  1.11600431e+03 6.69595494e-05]]"
17,18,"[[ 447.60463373  430.11012643  395.36414271  411.65240751  195.16729312
  -321.57009156]
 [ 447.60463373  430.11012643  395.36414271  411.65240751  195.16729312
  -321.57009156]
 [ 447.60463373  430.11012643  395.36414271  411.65240751  195.16729312
  -321.57009156]
 [ 447.60463373  430.11012643  395.36414271  411.65240751  195.16729312
  -321.57009156]
 [ 447.60463373  430.11012643  395.36414271  411.65240751  195.16729312
  -321.57009156]
 [ 447.60463373  430.11012643  395.36414271  411.65240751  195.16729312
  -321.57009156]
 [ 447.60463373  430.11012643  395.36414271  411.65240751  195.16729312
  -321.57009156]
 [ 447.60463373  430.11012643  395.36414271  411.65240751  195.16729312
  -321.57009156]
 [ 447.60463373  430.11012643  395.36414271  411.65240751  195.16729312
  -321.57009156]
 [ 447.60463373  430.11012643  395.36414271  411.65240751  195.16729312
  -321.57009156]]","[-1935.75950867 -1935.75950867 -1935.75950867 -1935.75950867
 -1935.75950867 -1935.75950867 -1935.75950867 -1935.75950867
 -1935.75950867 -1935.75950867]","[[6.12667295e+03 9.46227199e+03 1.27748300e+00 6.40339089e+02
  1.73039395e+03 3.67219559e-05]
 [6.12667295e+03 9.46227199e+03 1.27748300e+00 6.40339089e+02
  1.73039395e+03 3.67219559e-05]
 [6.12667295e+03 9.46227199e+03 1.27748300e+00 6.40339089e+02
  1.73039395e+03 3.67219559e-05]
 [6.12667295e+03 9.46227199e+03 1.27748300e+00 6.40339089e+02
  1.73039395e+03 3.67219559e-05]
 [6.12667295e+03 9.46227199e+03 1.27748300e+00 6.40339089e+02
  1.73039395e+03 3.67219559e-05]
 [6.12667295e+03 9.46227199e+03 1.27748300e+00 6.40339089e+02
  1.73039395e+03 3.67219559e-05]
 [6.12667295e+03 9.46227199e+03 1.27748300e+00 6.40339089e+02
  1.73039395e+03 3.67219559e-05]
 [6.12667295e+03 9.46227199e+03 1.27748300e+00 6.40339089e+02
  1.73039395e+03 3.67219559e-05]
 [6.12667295e+03 9.46227199e+03 1.27748300e+00 6.40339089e+02
  1.73039395e+03 3.67219559e-05]
 [6.12667295e+03 9.46227199e+03 1.27748300e+00 6.40339089e+02
  1.73039395e+03 3.67219559e-05]]"
