,population,best_x,best_energy,running_time
0,21,"[421.64940161 415.11671538 420.94356227 437.91646213 420.91712986
 420.7941838 ]",-2473.5673048485955,1.211986
1,16,"[418.32510672 417.45406471 420.49525581 420.87624252 420.89428605
 421.01864364]",-2511.430612679214,0.91917
2,16,"[429.6495892  422.52998789 421.10145117 421.46958388 423.52808856
 425.18432669]",-2500.9798455619643,0.778523
3,20,"[421.04385344 413.50398684 424.35526807 411.31531375 429.03101362
 420.40688249]",-2485.556617712214,1.022001
4,18,"[419.85752452 420.5505113  421.04436464 420.3404475  419.77297106
 420.09828365]",-2513.3930923469525,0.89665
5,17,"[414.1894972  420.73365931 414.69182499 408.0349578  416.44421058
 433.44085124]",-2460.1985687406386,0.811001
6,25,"[416.71576015 421.13165539 417.61712144 433.57408478 424.1207985
 408.04531489]",-2468.1674127884576,1.247
7,15,"[422.19544394 420.78766376 420.33137906 421.14543529 426.82699368
 420.52153971]",-2509.2899997814056,0.713263
8,25,"[404.65562876 434.3854378  421.00596031 421.1117306  412.4346755
 430.24648638]",-2438.369154827498,1.24187
9,18,"[423.14153121 421.56557405 421.59240685 421.02450511 430.71735042
 421.43323167]",-2501.1996516561094,0.857003
10,20,"[435.26966566 420.33913462 421.03765122 427.00114643 424.436293
 437.36359517]",-2448.3696593835775,0.990997
11,25,"[440.91076598 430.00183709 417.54517177 420.25165732 422.58945953
 429.45853269]",-2443.062823203001,1.245
12,25,"[412.28898724 422.02226321 424.76969497 422.66502542 423.50878456
 419.9460064 ]",-2501.184480603853,1.240581
13,14,"[421.06132758 421.91902964 428.02905445 419.85973268 422.31664574
 420.41726617]",-2507.0680386995155,0.669005
14,25,"[423.80328038 427.21264872 422.31742545 420.96097739 420.86258021
 405.21342763]",-2476.9896568691247,1.258977
15,20,"[421.0534539  421.04926348 421.17011293 426.39537442 430.96804565
 425.16198001]",-2495.349864489565,1.004064
16,25,"[421.23442341 441.38349424 421.3615686  421.04897668 416.98719925
 411.57295643]",-2448.9035013715584,1.209002
17,19,"[422.25623718 421.6308137  421.01171851 420.92835116 421.28289791
 421.3969336 ]",-2513.596716011533,0.910998
18,17,"[420.66437968 416.70440274 422.35801006 421.62153865 421.01504765
 420.32084921]",-2511.2462468318963,0.829019
19,15,"[428.41113536 415.15941424 434.62559324 419.80047501 421.31791891
 421.2400117 ]",-2479.0293311396,0.752056
20,18,"[420.69526878 421.58138576 421.72018709 421.48186528 422.59522293
 421.73871104]",-2513.3272171346725,0.856968
21,21,"[409.14653453 421.19477517 420.82804354 421.81615005 421.73357267
 419.8220777 ]",-2496.126668306801,1.052025
22,22,"[420.3869503  428.70569708 409.04703658 411.20840799 391.52496413
 421.26739931]",-2373.251675850081,1.075975
23,19,"[420.64703938 420.89664556 418.31263754 424.22716715 420.82244348
 420.13281246]",-2511.563082757251,0.963
24,25,"[421.08071248 420.99893375 420.92613008 425.91900466 407.21681131
 423.25571863]",-2486.6314691227535,1.27702
25,20,"[419.01667519 421.2003304  431.38292731 420.99414811 420.8817414
 422.70245921]",-2499.3636757315903,0.99598
26,25,"[424.75720777 429.24324294 413.41593644 420.8533282  423.20371326
 435.7869762 ]",-2468.0958016182103,1.233001
27,25,"[420.80205568 423.35866873 422.13376985 421.07583498 414.08546046
 412.57935609]",-2498.2306085090663,1.246064
28,15,"[421.73903328 418.71985848 411.19659717 419.28517622 421.14997398
 422.45753458]",-2500.5971197468343,0.712045
29,24,"[428.52955903 420.95957007 433.9092886  420.98632952 421.05665031
 422.40939986]",-2485.3611792837128,1.183014
30,17,"[421.16931502 420.70989291 419.42091873 421.30176549 437.72059567
 416.77044414]",-2476.2036813477316,0.813638
31,16,"[435.66884795 419.62592154 421.29057387 410.7194807  420.98820361
 422.03816827]",-2473.2510513987527,0.762973
32,22,"[424.17324783 421.128834   420.64127152 420.84325862 422.93931838
 413.27534694]",-2504.6674214576824,1.097004
33,22,"[420.85719294 420.64813372 420.26699484 420.14749698 409.60019793
 438.15056084]",-2460.6525391331925,1.079002
34,22,"[410.42886091 421.38014627 430.5152328  421.43209655 433.26963185
 420.71071579]",-2469.4291501956977,1.111556
35,25,"[423.467245   415.15945987 421.5591516  414.17359332 420.67063228
 419.67671013]",-2502.8041160936423,1.237007
36,16,"[425.8479112  427.52500279 421.11132217 419.16323911 421.08572816
 420.65652808]",-2505.037794541221,0.746001
37,25,"[415.20041757 424.86288033 420.95789767 420.98712489 421.53757505
 436.07951383]",-2479.1065720055003,1.293915
38,15,"[419.30647227 422.37915395 416.87787732 425.88052953 420.55025407
 421.28883949]",-2508.1098541259335,0.723995
39,25,"[420.97584129 431.83383736 421.44673691 420.55770571 420.94757027
 412.23946116]",-2489.4306183859712,1.24801
40,18,"[446.80324909 415.68691385 417.55752489 421.24164272 420.7415484
 437.23300978]",-2393.4586170902867,0.872992
41,15,"[432.48972545 417.39094135 421.55745586 420.55477404 422.97084275
 439.97970972]",-2449.8787957688533,0.689998
42,17,"[425.76940619 405.19102857 418.82044631 421.07361844 418.97745365
 431.31041774]",-2465.6007334362425,1.21116
43,25,"[426.55779989 405.02337868 420.63046596 419.03656051 416.56736142
 427.53258059]",-2470.117416301022,1.53275
44,18,"[419.32102071 436.99028507 448.80452792 420.02087606 419.87331283
 420.87400423]",-2385.996290907476,0.986131
45,16,"[411.48225795 421.31231775 421.7117674  421.5096455  422.00050254
 420.88595571]",-2502.3778947073592,0.876
46,18,"[420.83143614 420.58292624 421.24804731 420.87135748 420.55098713
 426.59521772]",-2509.8461802925904,1.125016
47,16,"[403.97894595 419.06582554 397.1146546  416.55091658 428.7325503
 421.21955345]",-2398.6303274294,0.947085
48,25,"[421.2348574  420.18952945 400.4834419  424.05732714 429.17987296
 422.54281699]",-2452.373093821234,1.460974
49,17,"[427.86338055 420.24374458 420.54300445 416.71371099 421.26154567
 420.49710911]",-2505.490606363748,0.934027
