,population,best_x,best_energy,running_time
0,20,"[ 400.26807596  404.09602292  429.23135244  418.75259939 -285.50902052
  419.91627412]",-2262.8519884804277,0.322949
1,15,"[ 406.40781624  421.5119871   388.88242524  434.01219317 -303.56484334
 -300.22759542]",-2106.856060775701,0.231999
2,20,"[-293.7291478   444.69489925  421.57236222  421.33398766 -293.34101515
  432.56050303]",-2170.060787214069,0.283
3,18,"[461.53748571 419.62054161 419.07125552 410.10016509 427.38954545
 421.35944446]",-2298.6485812986275,0.285228
4,21,"[421.10437671 420.95883069 414.58084923 392.90290194 421.47419265
 454.97954254]",-2274.6427865229416,0.39785
5,47,"[419.99250869 414.99128591 424.27855741 421.24532691 410.87406891
 429.40318853]",-2486.177851871803,0.745149
6,15,"[-303.66127172  420.75839188  449.22034015  417.84740836  441.50373027
  395.49522594]",-2165.250890216436,0.221356
7,19,"[421.6140728  399.28070737 420.01347231 438.65005535 421.41616328
 448.25037744]",-2325.663078159192,0.257027
8,12,"[414.92651495 424.19700666 401.12720827 424.93614655 427.97763564
 425.7271858 ]",-2448.6349576457974,0.162
9,22,"[ 393.74086023  410.38665493  439.89749972 -302.51395897  420.2088368
  411.39909203]",-2236.110849619669,0.326076
10,13,"[ 419.63283155  419.82873662  426.37004025 -303.77072053  417.55744311
  421.12262648]",-2389.7212241518564,0.194017
11,21,"[ 425.11401917  412.42235902 -299.97390544  420.83111287  422.04951719
  401.91396246]",-2338.52351779973,0.287018
12,15,"[ 204.52375843  429.55475106  423.57357005 -299.4242644   423.08231315
  421.08648627]",-2166.3192575508824,0.20602
13,19,"[423.07714579 391.70916127 421.15161321 439.51598592 421.49445362
 407.10880787]",-2344.2704394944562,0.253994
14,16,"[419.6111377  418.99424704 420.8343918  440.58926722 425.05718054
 425.05671004]",-2460.931616602131,0.235995
15,31,"[ 432.10324     452.59003175  420.95599302  421.0348861  -302.12326983
  383.85692058]",-2098.859422535788,0.464019
16,32,"[-311.83080271  408.33320794  421.4470285   420.33411138  413.55580914
 -308.28515242]",-2234.9999403519814,0.501052
17,65,"[ 403.17335205  421.35244798  442.59260647 -285.05374737  408.56277769
  420.82821824]",-2241.6146637034394,0.955255
18,20,"[ 403.36802507  436.27968859  398.83717512  428.29159127  420.93245558
 -304.22873083]",-2260.9441000237603,0.292979
19,20,"[ 419.81233556  433.91041038  422.3717952  -299.22991964  419.99765554
  421.68956761]",-2372.4227579647386,0.29094
20,19,"[ 422.06464259  405.3513297   419.75320306  423.11064516  407.92689322
 -303.18683995]",-2343.1026283316633,0.259945
21,28,"[-287.52139507  427.77852913 -314.40976    -300.90851871  405.25022497
  420.64928863]",-2076.1329340072443,0.419078
22,13,"[402.12438754 408.85774849 418.72476859 420.45699772 450.343372
 414.48686621]",-2340.455221432001,0.168068
23,16,"[420.09747768 421.20648788 404.75670951 422.7564175  420.48360067
 420.97482054]",-2480.8430001851325,0.225999
24,20,"[ 410.30193183  413.88507468  420.96076427 -301.60949644  404.16857864
  411.97590928]",-2329.833356468538,0.281998
25,14,"[436.30789773 421.01201853 420.08535111 398.1853552  420.51777214
 421.47343536]",-2421.009200176964,0.202028
26,15,"[-302.88499177  420.5760425   414.81693709  419.37745422  420.26360654
  421.54235779]",-2390.2446047361555,0.209984
27,18,"[ 417.2456692   412.42171235 -289.1769486   448.0677867   422.1643531
  457.46044037]",-2112.342169739867,0.252985
28,13,"[ 422.79766214  440.89105124 -285.94388072 -300.99248114  423.41268591
 -309.3640357 ]",-2067.86335156099,0.184046
29,33,"[ 421.54249451  420.85376646  416.81148335  424.32576542  386.74619944
 -313.59623637]",-2239.1443833169114,0.624124
30,24,"[-302.509879    202.19335291 -305.10576203  421.13195436  441.92574753
  399.72913521]",-1948.8687714270045,0.401009
31,13,"[-308.25951819  429.9065937  -274.82065877  420.68342213  423.4036813
  196.83258577]",-1948.1985659573493,0.184
32,12,"[433.4129138  415.98139965 415.56574311 423.96232186 384.21559266
 418.29646159]",-2329.019883299699,0.164981
33,26,"[-286.91678267  440.04710304  392.12600993  421.15981166  431.44852471
  406.49025148]",-2180.661105019709,0.389001
34,23,"[434.15951034 428.07430376 434.88989295 433.35724246 210.60714354
 393.4994875 ]",-2128.367846365492,0.332025
35,18,"[434.19974624 420.53083635 451.85849862 429.14847504 203.80365894
 419.34273147]",-2149.7039054429033,0.260006
36,46,"[-324.31506487  417.9931861  -302.51161956 -295.1341054   421.09552464
  429.603394  ]",-2082.325531547124,0.720969
37,23,"[420.97469911 204.21925257 419.63385952 439.87196165 412.58640487
 423.67584842]",-2242.1604486829474,0.355016
38,87,"[ 429.69439998  386.48685265 -302.57849886  446.90856203  415.80909121
  444.78325091]",-2090.199430422665,1.291999
39,84,"[-309.05363714  391.27160773  419.89492092  432.16662907  421.26144718
  421.04616421]",-2269.01884267357,1.245048
40,73,"[ 436.06120723  439.45584021 -293.42534389  421.05869305 -302.54525096
  188.62376335]",-1949.878174877819,1.071135
41,16,"[ 419.67972698  422.04870905  405.59677484  426.301187    427.01387504
 -290.85242359]",-2340.6313285779192,0.218999
42,25,"[ 420.64485083 -304.39923711  397.27607363  440.09532627  421.30054516
  409.12645496]",-2263.645328366839,0.367752
43,12,"[412.61562613 403.37696979 425.00420615 424.08111847 415.72939212
 436.76895883]",-2428.9418814754567,0.158986
44,24,"[420.3950075  418.40651677 394.61714014 378.705854   424.54407579
 416.59126405]",-2223.5430113134034,0.336021
45,29,"[419.55060709 422.71879178 422.19111325 419.42950229 431.42858607
 432.26902937]",-2482.903422274243,0.429981
46,26,"[ 421.51089733  410.0624223  -280.40560156  414.82555091  416.32175885
 -307.5307391 ]",-2192.394087410492,0.392019
47,14,"[ 395.93580497  425.59489863  432.77513032 -270.71672456  426.16976484
  434.88156002]",-2154.7499480186625,0.198983
48,20,"[ 411.27149733 -327.51260607  425.58761656  420.12168335  422.97748416
  424.5667723 ]",-2302.003614916983,0.285011
49,87,"[ 386.30428694  440.71687348  421.15385026 -497.21074332  421.03762267
  420.67220231]",-2056.050946923805,1.313002
