,population,best_x,best_energy,ave_energy
0,1,"[-454.92218977  187.6149363   433.74024543  399.61937038 -131.15244577
  224.48761198]",-918.3462024108301,30.14587693748388
1,2,"[ 430.39016006   32.48918656  441.27798827  451.05588765   31.60492941
 -302.36159115]",-1347.087800476806,-626.2662978055454
2,3,"[ 430.49537526   32.80355754  441.23619813  448.78157294 -335.40868007
 -301.56815873]",-1553.59727770245,-1184.3753139548912
3,4,"[ 430.05036016 -268.10977821  440.13010253  449.62609452  435.98473365
 -305.89005356]",-1955.5670951669706,-1551.1462463986104
4,5,"[430.69015747 459.13227811 438.52687568 450.09223473 428.77126799
 396.87852126]",-2107.8917091763306,-1905.079191964799
5,6,"[430.03365183 454.2546724  438.60003357 402.05331649 418.3960988
 405.98191265]",-2257.85770218456,-2105.705930670335
6,7,"[429.70549957 454.54028452 431.16028026 426.99127391 427.52677501
 407.54688061]",-2322.4717301540104,-2210.0357316381733
7,8,"[429.56588271 444.86249606 427.43691522 434.667528   404.45065621
 408.86718471]",-2353.0373363932817,-2262.255773101804
8,9,"[430.59020371 441.65703057 441.49520518 421.82523622 424.30563815
 420.09038841]",-2394.8556220740606,-2315.5370342406445
9,10,"[430.06811133 446.15319993 432.75043402 421.9926239  418.59333857
 412.34121373]",-2397.4955247494863,-2357.9837966248606
10,11,"[429.734111   441.1726606  430.45754148 431.2089936  426.09052588
 420.61680646]",-2425.4429886769876,-2395.833208355978
11,12,"[429.734111   437.33580836 430.45754148 413.27135858 413.02622303
 420.61680646]",-2443.93179048682,-2423.7733653782125
12,13,"[430.03913657 437.33580836 430.45754148 418.62306839 413.02622303
 420.61680646]",-2449.985617144391,-2436.9891824267597
13,14,"[429.66652903 437.33580836 430.45754148 421.9926239  416.27216796
 420.61680646]",-2456.515120322769,-2451.396539948097
14,15,"[429.734111   437.33580836 430.45754148 421.9926239  419.37406961
 420.61680646]",-2458.8211495923324,-2456.913834159978
15,16,"[429.66652903 437.33580836 430.45754148 421.9926239  419.37406961
 420.61680646]",-2458.969687800031,-2458.5307969044616
16,17,"[429.66652903 437.33580836 430.45754148 421.9926239  419.37406961
 420.61680646]",-2458.969687800031,-2458.9381476989497
17,18,"[429.66652903 437.33580836 430.45754148 421.82523622 419.37406961
 420.61680646]",-2459.009422161679,-2458.9730936024575
18,19,"[429.66652903 437.33580836 430.45754148 421.82523622 419.37406961
 420.61680646]",-2459.009422161679,-2459.0026105568245
19,20,"[429.66652903 437.33580836 430.45754148 421.82523622 419.37406961
 420.61680646]",-2459.009422161679,-2459.0094221616787
