,population,best_x,best_energy,ave_energy
0,1,"[ 415.88328532  177.11256299  166.21490167 -152.15246237 -284.22950809
 -499.85929924]",-1062.18414078445,-224.05753578440715
1,2,"[-315.49745801 -345.52281017  418.81950689 -485.26171401  398.31377904
  458.0896735 ]",-1415.8019046331701,-895.7020517454256
2,3,"[-313.5876252   379.48525228 -302.28667675  456.29519872  401.98612608
  458.50889494]",-1703.6067922634159,-1415.0625888062607
3,4,"[427.02353103 391.54187392 419.86478072 455.97476157 399.68560259
 408.10875947]",-2182.292998055321,-1794.6284528656681
4,5,"[428.28375589 422.4518098  420.13965385 457.70476335 400.12027175
 407.59135139]",-2269.6782427131434,-2024.1422225754063
5,6,"[410.52470259 411.80457559 424.64155584 439.39869831 395.46878989
 407.62419339]",-2344.8869719947306,-2199.8429646894133
6,7,"[411.08489165 411.69403847 420.20214055 435.16317278 437.46918626
 408.38477358]",-2411.6927899920106,-2286.654873474258
7,8,"[424.8246124  430.19418498 424.64155584 433.66742871 424.55772619
 408.04213538]",-2456.872016787017,-2390.9532140076126
8,9,"[414.54992701 420.24391752 424.63757273 433.65675391 424.55772619
 408.04213538]",-2464.277258113426,-2447.7527647430584
9,10,"[424.8246124  424.18318699 419.81272669 433.65675391 418.67273516
 408.91605769]",-2471.521203844212,-2462.075084058122
10,11,"[424.8246124  424.18318699 419.81272669 433.16339524 418.67273516
 408.91605769]",-2473.057534265426,-2470.2932979956163
11,12,"[424.8246124  420.24391752 420.20214055 433.16339524 418.67273516
 408.91605769]",-2474.3904154098723,-2472.454359778709
12,13,"[424.8246124  420.24391752 420.20214055 433.16339524 418.67273516
 408.91605769]",-2474.3904154098723,-2473.938064962703
13,14,"[424.8246124  420.24391752 420.20214055 433.16339524 418.67273516
 408.91605769]",-2474.3904154098723,-2474.390415409872
