,population,best_x,best_energy,running_time
0,21,"[409.97492331 420.9457161  443.60691903 417.85851178 419.41357836
 428.34095441]",-2426.822520293541,0.291983
1,12,"[ 425.73081623  407.58974291  420.87121232  448.31308499  424.65663016
 -304.68993717]",-2276.124825189259,0.119999
2,17,"[396.89212586 421.17282445 438.68377727 410.22605854 432.45229057
 423.59926937]",-2372.4081064907136,0.246922
3,27,"[ 426.3441721   421.54438126 -335.71216662  387.41698964 -289.11222647
  445.01997564]",-1915.516000996687,0.520553
4,19,"[-301.67466293 -303.46896548  422.86854893  413.71313542  421.13650372
  206.24615794]",-2051.856098162028,0.329909
5,108,"[420.31580809 421.04672094 447.54165889  82.08721792 219.54187561
 410.91480414]",-1776.3143403609429,1.693436
6,14,"[420.86143214 403.75527466 423.56288123 439.04876564 430.3226814
 422.5627978 ]",-2424.244114771068,0.173075
7,108,"[203.66332737 421.04350205 410.76238542 407.7070672  421.24047323
 421.62165979]",-2261.7851089815454,1.376164
8,20,"[ 420.5801516   419.3626817  -302.79431852  423.25074182  425.79073689
  424.7057015 ]",-2389.7485785046742,0.267369
9,30,"[ 411.25268569 -303.85802038  421.42253235  216.51326411  401.54293482
  434.18815085]",-2077.521868445921,0.362793
10,108,"[-283.43045603  421.36038489 -298.72942609  420.85905507  415.95840617
  430.70322198]",-2215.5597379702317,1.248564
11,13,"[ 421.6217781   411.07776819 -319.31501047  388.99001365  422.20149075
  430.75154291]",-2214.7413389371072,0.130998
12,108,"[ 382.92528382 -302.48656573  422.76284284  420.92449848 -299.48272028
  203.91078304]",-1891.504901603142,1.351029
13,11,"[-310.29120126  430.79265744  393.71945684 -290.14877363 -303.57146387
  433.59464022]",-2010.3089147699843,0.11899
14,16,"[423.64986957 423.39294642 411.95255407 399.37451549 421.65142439
 389.40209373]",-2327.103758791055,0.177011
15,36,"[-301.85611706  413.84180475  414.05848367  420.98828925  420.75197873
 -301.84310851]",-2264.528958645815,0.436972
16,15,"[ 421.4898602  -499.15682311  421.8810414  -295.33665141  421.79907297
 -302.51510102]",-2022.7898463158886,0.175019
17,19,"[ 421.16865078  420.41312757  421.71012954  196.0521613  -301.35954615
  430.77139975]",-2158.3384136520954,0.20899
18,11,"[ 418.6728934   419.02709954  420.31516417  416.07962457  417.62253276
 -301.18928073]",-2389.6225511995,0.115999
19,14,"[422.47330782 409.0342906  424.43040292 187.8571416  419.73937379
 421.61175725]",-2245.7838689636355,0.160995
20,108,"[ 422.06422117  204.20589271 -293.59805407  421.05921323 -290.4586554
  421.47650779]",-2031.5575962132352,1.343275
21,18,"[419.5434983  417.97273883 418.06277881 450.33441163 450.71263385
 455.5742735 ]",-2153.4994316991833,0.208069
22,14,"[ 420.89987024  442.1563956   423.42749347 -300.10922187  432.42802615
  446.62313027]",-2240.382508256243,0.159917
23,22,"[ 420.51913706  423.13474996  424.52821297  414.92896138  421.26699072
 -296.08185656]",-2383.422051963581,0.244005
24,13,"[-314.68223445 -299.37014012  426.8325253  -302.04630981  424.69877004
  422.4626129 ]",-2132.270030518608,0.135995
25,95,"[ 395.41119908  421.76712226  397.20655039 -498.32418257  443.38534589
  429.21330894]",-2038.8305627092384,1.15
26,14,"[ 448.43961374  422.53024602 -306.18086508  427.91195598  375.33012738
 -284.50671859]",-1905.2109848814102,0.149997
27,108,"[397.46158981 420.5544978  420.93946416 448.78522051 420.91441144
 442.01446982]",-2296.6087651127827,1.308313
28,24,"[409.50135388 212.317359   420.19532887 417.46518188 441.58418194
 398.30088892]",-2153.9996092287083,0.275
29,15,"[ 422.68926533  412.76600594  419.61626031  421.88055012 -298.23313486
  420.08883298]",-2383.892948590199,0.162006
30,27,"[-307.07701209  421.15451257 -302.14708131  403.31113463  420.67101988
  420.95478104]",-2235.9032126197567,0.298991
31,12,"[434.21092342 414.93278644 421.33761614 419.50886106 421.44401244
 413.56017848]",-2480.0713956747127,0.137235
32,14,"[420.20160282 421.81054139 416.85909498 419.36789513 417.26944129
 409.64241964]",-2493.549179074167,0.152768
33,16,"[ 416.37852705  417.55578591  419.89754947 -303.8459912   414.40498138
  422.8927091 ]",-2385.096735217432,0.179007
34,14,"[-282.28128588  413.8170137   423.89273264  471.8343037   218.90681618
  420.03354584]",-1798.781350202873,0.160991
35,14,"[ 388.64351654  418.43302766  422.04487568  419.33612397  428.44865041
 -304.21332574]",-2263.4274537634496,0.140001
36,13,"[-275.05360409  423.05821195  413.40724294 -285.67839054  418.59826014
  420.504697  ]",-2144.544417794052,0.142013
37,13,"[ 418.36863647 -302.68502962  423.70470678 -300.12309957  424.90689348
 -298.44163211]",-2151.9896328054724,0.145993
38,14,"[420.86029469 420.11575645 441.98855692 441.10746617 411.95151012
 195.91324656]",-2173.093395785805,0.150992
39,24,"[-313.70904466 -312.4643717   427.06143867  420.83989955  421.17899389
  401.2391156 ]",-2196.256898657224,0.264002
40,15,"[-293.91776427  418.15948327 -302.57954105  464.15531685  421.61789946
 -332.4211664 ]",-1821.6775542842795,0.169001
41,14,"[ 420.65650634  420.16012277  407.06757773  451.04346964  437.96133129
 -317.90269649]",-2195.0690113889523,0.150997
42,15,"[425.21703451 440.64206277 421.05641291 423.03719623 421.78284698
 207.88768585]",-2243.4630171415024,0.157001
43,19,"[ 398.51739244 -285.08353295  456.68774766  425.09181573  422.14840379
  419.83066578]",-2140.8924328673647,0.218019
44,16,"[ 421.05486084 -300.54678675  446.77039468  420.11247286 -303.02546538
  444.21404152]",-2127.324636544162,0.168983
45,11,"[ 428.77173865  394.51136704  422.18880309  203.75575205 -310.58683647
 -321.4974148 ]",-1914.5444874058496,0.114
46,11,"[ 399.03118339  425.27963124 -297.90985102  442.71221511  426.22165786
  436.38354384]",-2239.626676331065,0.122998
47,16,"[-499.99236464  420.40024534  422.61729995  423.63144935 -307.52827191
  421.46266971]",-2152.499818315816,0.170022
48,16,"[ 419.70385282  426.90799045 -300.68228994  421.81242172  434.63454669
  209.75919123]",-2145.1668477125545,0.17898
49,34,"[420.96603763 439.8015058  423.97481801 435.53243803 405.66000401
 413.67384416]",-2406.1058186100604,0.392997
