,population,best_x,best_energy,ave_energy
0,1,"[-298.94485299   77.47734268  441.30316877   54.65590912  -61.50230249
  400.40099544]",-1066.1901394074503,37.501753011307265
1,2,"[ 421.17764495 -286.13880631  168.58792188  381.07857658  -48.54406974
 -329.20099473]",-1174.8204741796958,-625.7122286837437
2,3,"[ 421.4500125   219.05071152  413.25212146 -101.74410531  429.18277843
  163.39262485]",-1511.1444535504256,-1176.4026485182237
3,4,"[-297.49491398  437.27834522  444.09705142  409.05596923  446.9557689
  403.44851224]",-2153.798112578812,-1647.5893421447997
4,5,"[ 418.03180311 -303.05162906  416.03076908  408.97502499  418.20139669
  417.66274192]",-2370.992472179832,-2018.7647696075728
5,6,"[420.37261459 425.81145931 429.03006904 409.31468603 404.99766945
 415.79979618]",-2450.8143097679504,-2250.7738414925784
6,7,"[423.21603637 425.59203865 412.06190481 409.31390528 427.25111992
 428.60954803]",-2471.3293664975126,-2355.613096236523
7,8,"[418.13017875 424.58275025 422.33720358 408.72908194 415.29407413
 420.62812705]",-2488.262340625794,-2425.113404882761
8,9,"[419.94373077 422.4651292  426.29560685 409.03812693 419.98516606
 421.22038173]",-2492.0198784841627,-2462.752963649236
9,10,"[417.68960186 418.97423426 423.38094518 409.07629488 422.26869604
 421.61077432]",-2493.4042481697616,-2481.6351800283915
10,11,"[421.19785489 418.97423426 423.38094518 409.07629488 419.50966788
 421.61077432]",-2494.6968705697714,-2488.38549221475
11,12,"[420.41008297 421.97432926 423.20535798 409.32797705 422.26869604
 421.00029315]",-2495.9799289489297,-2492.971850065536
12,13,"[420.41008297 421.50228567 423.20535798 409.32797705 419.50966788
 421.00029315]",-2496.0165098737966,-2494.884303971376
13,14,"[422.02279354 421.50228567 421.21751086 409.32797705 422.26869604
 421.00029315]",-2496.5945736186973,-2495.870059407007
14,15,"[421.19785489 421.50228567 421.21751086 409.32797705 419.98516606
 421.00029315]",-2496.819491062125,-2496.3871542363177
15,16,"[421.25565346 421.50228567 421.21751086 409.33734932 419.98516606
 421.00029315]",-2496.8426884632227,-2496.7535331609665
16,17,"[421.19785489 421.50228567 421.21751086 409.33734932 420.77580376
 421.00029315]",-2496.9637769781834,-2496.87463959143
17,18,"[421.19785489 421.30184829 421.21751086 409.33734932 420.77580376
 421.00029315]",-2496.9857011217923,-2496.9579634092547
18,19,"[421.19785489 421.30184829 421.21751086 409.33734932 420.77580376
 421.00029315]",-2496.9857011217923,-2496.972968313528
19,20,"[421.19785489 421.30184829 421.21751086 409.33734932 420.77580376
 421.00029315]",-2496.9857011217923,-2496.9857011217928
