,population,best_x,best_energy,ave_energy
0,1,"[ 428.5201539   393.47164913 -274.42923836  497.25703179  171.99074595
  184.81651851]",-1044.7154461075258,-38.61407732987764
1,2,"[ 428.55798957  394.15923072 -274.09465593  419.46570258  214.65680291
  184.51663528]",-1712.3309970820324,-803.1358085508992
2,3,"[ 428.71509708  393.76368178 -272.48193697  420.03900327  214.61394003
 -320.3349843 ]",-1803.5248635746352,-1355.312605392032
3,4,"[-300.3180642  -304.01346455  419.60937876  382.76596022  402.84714487
  406.65441431]",-2041.9046405843399,-1748.9298823541508
4,5,"[-302.02906302  425.37043073  417.13463928  424.07024215  402.78657846
  418.50787845]",-2348.4246397937213,-2066.8858548235357
5,6,"[428.6607163  424.91889675 419.36317732 418.54142705 402.86875044
 418.49077329]",-2462.2515192101264,-2278.4639083196766
6,7,"[428.65475405 424.96473933 419.31311918 419.32767649 402.85392096
 418.99887974]",-2462.819317339779,-2430.3728884432667
7,8,"[428.03736666 424.97405464 419.65272722 419.14038785 403.42506106
 419.14513505]",-2466.534293024544,-2458.9801804534864
8,9,"[428.44711051 423.42811307 418.52882403 421.38830408 403.33562382
 418.34877548]",-2466.086149269124,-2461.981928391759
9,10,"[428.52971905 425.14730769 418.75107967 419.13758769 403.58822616
 417.95484634]",-2465.009245129497,-2462.1131681471065
10,11,"[428.33992293 425.14730769 419.80046733 420.23640366 403.58822616
 417.48431354]",-2465.7845589872454,-2461.429722805724
11,12,"[428.49727047 423.45155563 419.26550177 420.37039175 403.58849542
 417.93442406]",-2467.1147168972743,-2462.278731489724
12,13,"[428.03416873 424.30069952 419.66151862 420.95005295 403.59030316
 418.94702173]",-2468.1906600065945,-2463.653015014625
13,14,"[428.03416873 423.79206549 419.68958038 420.95005295 403.59030316
 419.39485599]",-2468.798094722548,-2465.2719839956753
14,15,"[428.03416873 423.76569886 418.77748514 420.95005295 403.59039513
 419.39485599]",-2468.4183184868707,-2466.786579123112
15,16,"[428.0291948  423.78598104 419.72292231 420.12044464 403.50945769
 421.07853448]",-2468.701044314051,-2467.6678162057206
16,17,"[428.0291948  423.78598104 419.68958038 420.22431996 403.59030316
 421.07853448]",-2469.052249319237,-2468.373364164982
17,18,"[428.03416873 423.41325726 419.82625444 420.95005295 403.59024389
 421.64951481]",-2469.3454316021675,-2468.8473935851916
18,19,"[427.91292505 423.41325726 419.72292231 420.95005295 403.59039513
 420.93227644]",-2469.587425580878,-2469.1374969531994
19,20,"[427.91292505 423.41325726 419.72292231 420.95005295 403.59030316
 420.93227644]",-2469.5870385394082,-2469.3917133653767
20,21,"[427.91292505 423.41325726 419.75726405 420.95005295 403.59039513
 420.93227644]",-2469.5980648069967,-2469.5729191268256
21,22,"[427.91292505 423.41325726 419.75726405 420.95005295 403.59030316
 420.93227644]",-2469.597677765527,-2469.589120155963
22,23,"[427.91292505 423.40871386 419.75726405 420.95005295 403.59030316
 420.93227644]",-2469.6004803169017,-2469.5952679334237
