,population,best_x,best_energy,running_time
0,48,"[ 420.45917051 -310.38838914  163.97031377 -328.66995171   54.36903739
 -322.3397272 ]",-1267.0850572787306,0.173006
1,11,"[ 425.18905416  456.37486958 -316.31704963 -325.13818249 -112.78438671
 -135.21358698]",-1412.7891755523053,0.041973
2,12,"[ 425.06462908  473.86222331  420.96339454  234.07834106 -326.80322748
  421.93904388]",-1680.2881706643377,0.036008
3,13,"[ 392.76690685  200.50544981 -302.25685463  418.8527889  -279.18586609
 -300.63963778]",-1778.2828360049962,0.041995
4,18,"[-496.04663226  420.00918421  142.72932503 -314.21388179  421.25472155
  413.84665973]",-1588.4299003321435,0.060768
5,14,"[-125.10035258 -118.14638431 -295.08263083   99.4262639   412.29637187
  435.60052173]",-1283.6535064527318,0.044558
6,16,"[ 190.96831573   75.26256222 -106.66302687  437.29033845  414.11873572
  187.41592531]",-1284.090777573571,0.047001
7,12,"[-493.66995794 -266.91389929 -277.12090944  222.93903121  412.36079773
   44.28765681]",-1074.2058285205362,0.037
8,22,"[ 435.79074428  469.80603365 -291.26364488 -348.2755349   455.28705233
 -302.46801009]",-1464.4964892931503,0.067999
9,12,"[-264.95020331 -335.09406228  378.46324803 -496.97339069  416.50681975
 -300.75058385]",-1395.696845536628,0.038027
10,18,"[ 184.42171817 -106.71202501 -116.25821873   -7.63888639  422.89893834
 -322.9325955 ]",-1018.5517309192012,0.05403
11,15,"[ 421.11171546  397.92484378  129.06736566  212.87447426 -295.06010764
  414.9534248 ]",-1552.1648234971362,0.041974
12,13,"[-247.82897015 -121.07353446  200.51546208  416.35849    -281.89875713
  414.76227505]",-1409.4336355577748,0.037023
13,22,"[ 456.43683453  411.92058953 -294.40320262 -297.98524286  421.83574742
  196.83204163]",-1881.238720680047,0.058976
14,15,"[ 430.73307354  441.26786905  414.65583174  -29.37504301 -313.17669179
  395.24644952]",-1836.2127932716542,0.039999
15,12,"[-297.72317435  371.7156587   419.84696036  385.91609257  459.45273141
  428.38356887]",-1801.745086542252,0.036
16,18,"[-301.23675566 -302.01630629 -122.85486757  -26.69853847  417.08108928
  417.0680538 ]",-1581.354788294469,0.053001
17,13,"[ 438.67451322  401.02726169  462.62352721  425.25570444  246.92548512
 -124.00443213]",-1502.5992702991402,0.03502
18,11,"[ 420.2571487  -281.83361361   14.992504     88.51451867 -301.38892114
  423.42064399]",-1377.5442903171881,0.028986
19,42,"[ 439.46846107 -276.27049888  421.4876292  -303.0390324  -120.50979272
 -302.85487882]",-1735.399206938016,0.112994
20,42,"[-324.3817176  -335.56871925  392.06062141  472.98211985 -261.65746709
  253.69470212]",-906.8730914740306,0.121256
21,7,"[ 385.79540513 -303.43867832 -343.6940717   148.90457253 -108.97655568
  423.43286246]",-1137.8789892022132,0.017744
22,15,"[ 413.75527287 -302.20103113  431.52893023  425.68433733  420.86860906
 -498.32351916]",-2115.4994399994357,0.042001
23,21,"[ 419.03064339 -315.98745455  427.67192958  209.93473119  411.94812046
 -120.64655827]",-1836.0342046291178,0.063017
24,15,"[ 416.79599732  420.32205486  204.8934882   443.62159159    7.75620168
 -301.80283387]",-1695.9055081862577,0.04198
25,10,"[ 426.15249095  202.90377957  412.81978106 -290.45627404  -28.7890535
 -299.60169245]",-1632.7200203235493,0.027013
26,19,"[-289.17301285  217.15410871  108.20633367  424.48914976  419.73473457
  196.19167967]",-1398.7867845007233,0.050989
27,39,"[-300.79954655 -303.25808894  428.5385684   456.84886499  407.37795582
  439.20065479]",-2050.2217104800884,0.114012
28,17,"[  78.79549508  117.85735737   67.96775485  206.6441908  -311.86057333
 -135.12952739]",-586.8123931125103,0.04801
29,15,"[-300.49214806 -137.56111576  422.35334509 -286.76247159 -120.60445533
  418.34074532]",-1629.5880919564975,0.037003
30,9,"[ 184.14769629  412.29797543  -23.39275667  422.13637552 -257.12654696
  429.75527222]",-1498.7973626784496,0.023
31,9,"[-308.35543636  419.06757942  361.41775886 -306.91879387  203.71425473
 -128.66727724]",-1393.7675231523265,0.023974
32,14,"[ 403.19837392 -300.39203139 -298.66144015 -132.67249114  409.76997623
  393.57551633]",-1825.8129348479245,0.040023
33,14,"[-281.78686427  404.70365762 -359.54002613  423.1396892   -12.2147484
  419.30441917]",-1435.6552318800577,0.03798
34,8,"[ 427.56087114 -130.59149523 -482.71739872 -134.67413653   64.70150866
 -298.03358018]",-994.2553120305982,0.020017
35,14,"[-305.83994339 -286.04228424  393.09826726  213.42300135  384.48828997
  401.28325163]",-1718.1578644275992,0.043011
36,13,"[ 419.97370228  399.40063485 -294.61927984  394.98297246  213.96744505
 -131.7016566 ]",-1716.7513664010428,0.034969
37,20,"[422.09282158 412.4985324  439.98157567 204.89060197 200.16327862
 442.08802437]",-1967.9971126375829,0.056011
38,13,"[ 427.73744822  435.05987421  465.7821453  -112.63123219 -289.75847176
  239.48669977]",-1432.5124294327788,0.034006
39,13,"[ 403.40081163  423.7636163   289.61825033  192.68641754 -308.11468498
  -33.43945199]",-1018.1010246284089,0.034996
40,26,"[ 175.65048557 -303.92726221  235.22638921  420.45741328  464.2975211
  -34.12198356]",-1129.748054497661,0.072985
41,51,"[ 423.13695575  421.20535806  451.83963856  225.98541173 -114.07883457
  421.46191912]",-1808.907857661059,0.147002
42,9,"[-299.09276521  457.76830876 -499.88206502 -316.64179276 -488.57684557
 -499.12446437]",-1236.693621020051,0.023
43,11,"[ 441.31663034 -334.92513219  435.18201177 -338.03370062 -312.26688246
 -307.58143169]",-1672.7509484698887,0.027001
44,15,"[-290.99341036  395.49090754  429.16397497  209.03565047  434.77243852
 -124.82933814]",-1751.3067758153707,0.038016
45,11,"[ 398.67981921  416.55121237 -269.21438796  175.62748447  438.76934369
  416.54522798]",-1855.4540671447603,0.033
46,28,"[-287.01623474 -286.74246952  -95.60987745  420.57619261  208.05886142
  463.19267007]",-1401.7130515708914,0.07901
47,17,"[ 196.0100821   218.96472044 -299.56586575  405.51086932  388.53096525
  405.80901426]",-1741.2807927131093,0.045001
48,14,"[ 409.79261002   60.78095401 -302.30867975  439.33543593  450.18880916
  437.27898241]",-1841.601565212057,0.037024
49,11,"[  63.74296821 -123.88296847  387.50150278  415.84470501  389.22002077
  429.81989661]",-1597.898241892521,0.02801
