,population,best_x,best_energy,ave_energy
0,1,"[ 426.67334677 -327.05424785  -18.85986988  477.91483809  414.18540876
  431.45869209]",-1539.1606537850612,-81.738331536847
1,2,"[ 425.41295294  264.01416446  435.8746334  -284.0497635   446.27415205
 -296.88476402]",-1566.9710146639547,-782.8328265438752
2,3,"[ 409.38942501  412.04130241  437.45152217  -77.60775493  383.59182433
 -308.07981682]",-1705.5425592121612,-1315.0815584107415
3,4,"[ 409.77826558  412.32353638  437.60678783  419.70479412  383.3146914
 -308.57583073]",-2167.2599940270284,-1759.61069516794
4,5,"[432.30672269 426.49836327 425.5450957  419.47859925 417.51993304
 435.5173246 ]",-2462.8500767793985,-2106.8987271611145
5,6,"[426.1927976  426.67738735 425.749511   419.08437573 417.44172454
 432.98548871]",-2483.2625072273804,-2338.420907608522
6,7,"[428.49508197 425.95539364 424.46486253 418.43828013 417.68435416
 429.41991725]",-2490.890731155232,-2457.6464196963448
7,8,"[423.8792847  414.45984187 424.68967308 415.66897712 417.77615249
 427.61736397]",-2495.362652929271,-2484.3259730065565
8,9,"[423.81095775 426.93919464 424.84525288 418.15485971 417.65772057
 426.4000572 ]",-2500.3763993907714,-2493.577910178696
9,10,"[422.11578914 426.31184552 424.94839688 421.39047407 417.65908114
 424.79272664]",-2504.878051519067,-2499.8861687811414
10,11,"[422.22750696 426.3117284  424.92961077 423.04697972 417.64213825
 422.34653066]",-2505.9329861868264,-2503.471396597994
11,12,"[422.75258995 425.44085304 424.78089231 420.7337427  417.87938837
 422.51558484]",-2507.6236924336367,-2505.722099530247
12,13,"[423.11702352 425.44572223 423.92529199 421.3474814  417.93247613
 421.46773498]",-2508.4690117575688,-2507.15717800538
13,14,"[421.75137648 425.51074056 423.94435886 420.889965   417.78767145
 420.10179186]",-2508.7267268288538,-2508.0017463215318
14,15,"[422.21594485 425.44652156 423.96554726 420.56685289 417.88967287
 420.58130994]",-2508.8014507803114,-2508.461661902955
15,16,"[422.38895015 425.43630507 423.8201125  421.0477711  418.11963368
 421.08699582]",-2509.0704718518205,-2508.6962667038297
16,17,"[421.71341119 425.44417373 423.81542606 420.26097304 417.9106163
 420.9380786 ]",-2509.0334361461178,-2508.8267370877466
17,18,"[422.16659755 425.44600502 423.81996967 420.97752288 418.1180713
 421.40484521]",-2509.110538675144,-2508.9145792444538
18,19,"[421.49356709 425.44503971 423.81062414 421.39453188 418.11876022
 421.03909438]",-2509.265712938698,-2508.9821955702005
19,20,"[421.76434555 425.44971498 423.81498352 421.00831034 418.11855416
 421.23323704]",-2509.2264937182977,-2509.0298146066243
20,21,"[421.51342466 425.4600703  423.808851   420.93337567 418.12205491
 421.05746934]",-2509.272002402287,-2509.077445469441
21,22,"[421.54103882 425.43051266 423.79118681 420.78159284 418.119621
 421.50531788]",-2509.2728029429773,-2509.111501120984
22,23,"[421.40128718 425.43090627 423.76807209 420.51810219 418.12270698
 421.3524842 ]",-2509.3052579845034,-2509.1237982854605
23,24,"[421.49424346 425.44532227 423.76549305 420.65802727 418.12267993
 420.60383824]",-2509.2947750296144,-2509.138533828748
24,25,"[421.49571743 425.43016806 423.79638068 421.0213077  418.11816891
 420.68474266]",-2509.3049622632516,-2509.144729936464
