,population,best_x,best_energy,ave_energy
0,1,"[ 225.2127372   385.205672   -415.98467509  361.04260944  401.18470896
 -290.61947962]",-707.8336934737667,-32.84458847080684
1,2,"[ 188.13432658 -100.26976382 -118.90956358  216.04074836  388.76439282
 -116.17698423]",-938.6948676603354,-720.2515530350202
2,3,"[ 225.83412431  384.11373805 -302.76003968  361.12048723  402.85966925
 -286.352645  ]",-1406.3409789803463,-1156.1614460040614
3,4,"[ 446.06501819  385.24880354 -307.16011286  199.09469237  401.41501389
 -303.32996568]",-1780.9772520110248,-1500.4740636526876
4,5,"[ 446.00998871  383.87537788 -302.4545094  -278.60016592  399.46402687
 -296.45152484]",-1792.0851038532753,-1753.5017246770726
5,6,"[ 448.20425604  386.02463577 -299.73301055 -278.33999896  403.37711899
  426.63450396]",-1929.9314804336823,-1858.0724445520123
6,7,"[ 445.98275134  387.14148874 -299.1865545  -278.01582477  401.00177515
  425.75860334]",-1940.3959697799387,-1917.5345830806696
7,8,"[ 446.00223151  388.8603799  -301.37287729 -279.0236337   399.95741331
  419.10089671]",-1956.8668994583288,-1938.5510529148276
8,9,"[ 445.99774813  387.45130409 -308.54209894 -278.56291186  408.1725012
  426.63450396]",-1969.7917750464171,-1958.9256721795525
9,10,"[ 445.98275134  388.8603799  -298.40231405 -278.56291186  408.1725012
  426.63450396]",-1982.5240785033193,-1971.9030917125692
10,11,"[ 445.99774813  388.8603799  -306.13172919 -279.0236337   408.1725012
  419.10089671]",-1989.0410167222008,-1983.7383465137896
11,12,"[ 445.98275134  388.8603799  -306.13172919 -279.0236337   408.1725012
  419.10089671]",-1989.1313166192826,-1987.9392186652767
12,13,"[ 445.98275134  388.8603799  -301.37287729 -279.0236337   408.1725012
  419.10089671]",-1990.6125038356422,-1990.2486715640625
13,14,"[ 445.98275134  388.8603799  -301.37287729 -279.0236337   408.1725012
  419.10089671]",-1990.6125038356422,-1990.6125038356417
