,population,parents,parents_energy,parents_sigma
0,1,"[[ -11.87747573  436.16076853 -300.65781263  407.93949388 -492.71835655
  -188.83387719]
 [ -26.68569778 -300.90062375  366.71725808 -283.59741325  465.94532346
   167.4708175 ]
 [ 442.21873379 -232.01468436   96.95038907    3.92365303 -135.2280118
   434.7643346 ]
 [ 484.67291395 -333.95882973  400.26899301  347.75150109   75.4773823
   475.06910336]
 [-177.18762803 -189.30709039 -307.96048263  465.30454309  177.26355851
  -318.95449741]
 [-273.8831686    84.09490667 -133.48381767   49.95628697 -482.20309192
   215.21837458]
 [-104.68123737   67.11231871 -495.21295306 -115.47054795   14.79693546
    40.69680902]
 [-266.04710038  125.45988496 -282.9860789  -452.16600734  411.69136949
   349.69284485]
 [ -88.43681111 -467.99132365  158.16897244  477.97065536  -67.30624303
   388.74608696]
 [-244.6444617  -435.19888748   -5.25784408   85.14033656 -121.72601002
   441.59227867]
 [-249.63786144  207.93139658 -482.67739429 -269.40405318 -466.87545354
  -180.58840437]
 [ 109.50614925  403.08464466   30.82890387 -461.19955881  166.07840323
   -46.02642521]
 [-201.84864028 -322.87314226 -293.43841245  411.9128417  -440.18059058
  -393.42047347]
 [ 462.37914575  -72.0861552  -270.9441501   317.07872894 -224.82119285
   234.86417806]
 [-381.24714572 -488.98822908 -281.74401203 -350.32540561  460.82548924
  -443.79803603]
 [-349.18543565  140.44272297  -40.9177841   -82.77713963  489.98252563
    17.52931068]
 [-133.24995113 -494.00521187  341.27467304 -113.11926038 -391.09121856
  -173.75264743]
 [  56.89049958 -203.65271311   11.92354659 -291.43491515 -457.03629137
  -236.27309639]
 [-139.23091921 -244.0965328   301.86928449 -174.3316477   -96.79926252
   -47.88845648]
 [ 488.68716184   27.04596867 -432.63427918  -38.19358764  295.45273022
   265.75276462]]","[-1018.12378786  -934.50192817  -724.51382486  -609.66368246
  -577.82869008  -543.82919925  -373.46644762  -337.67458165
  -130.24935682   -90.53614722   -73.9646139    -67.41087836
   -45.79305918   -10.6201851      8.26608049   152.31006122
   203.5565909    207.06867124   317.71904556   920.92558873]","[[1. 1. 1. 1. 1. 1.]
 [1. 1. 1. 1. 1. 1.]
 [1. 1. 1. 1. 1. 1.]
 [1. 1. 1. 1. 1. 1.]
 [1. 1. 1. 1. 1. 1.]
 [1. 1. 1. 1. 1. 1.]
 [1. 1. 1. 1. 1. 1.]
 [1. 1. 1. 1. 1. 1.]
 [1. 1. 1. 1. 1. 1.]
 [1. 1. 1. 1. 1. 1.]
 [1. 1. 1. 1. 1. 1.]
 [1. 1. 1. 1. 1. 1.]
 [1. 1. 1. 1. 1. 1.]
 [1. 1. 1. 1. 1. 1.]
 [1. 1. 1. 1. 1. 1.]
 [1. 1. 1. 1. 1. 1.]
 [1. 1. 1. 1. 1. 1.]
 [1. 1. 1. 1. 1. 1.]
 [1. 1. 1. 1. 1. 1.]
 [1. 1. 1. 1. 1. 1.]]"
1,2,"[[-135.24309654  435.69063158 -281.48171755 -269.76262993  411.74483915
   215.61569251]
 [ -10.49050105 -301.09433078  399.25676388 -284.43272486  -97.47117324
   444.30039516]
 [-267.51562172  404.2562472  -272.02811363 -291.74349308 -122.0927038
   165.91041879]
 [ 442.1501425    26.75792488  400.17455268  -84.09050879 -136.25030512
   441.64387377]
 [ -26.65140977 -300.60391953 -282.30983913  407.78915201 -123.41198188
    16.92313488]
 [ -11.4435711   125.15027997 -307.71706576  478.58371241  410.97934307
   432.44753103]
 [-250.88987582 -323.71473419 -134.09082376 -112.58783428  460.20614577
  -321.21326973]
 [-275.18120475 -243.61556915 -282.5153706  -270.39573175  -69.26458932
   441.17342379]
 [  55.4209374    65.80180721 -282.64691399  411.99735051  462.7682866
   347.78146005]
 [ 443.16755653  402.78157872  369.23984582 -284.24595033  295.41827636
   169.41987955]
 [-101.19947343  403.79402892 -492.42259029 -175.52524924  411.18020169
   166.77428389]
 [ 107.5480264  -300.47519335 -133.62827943 -268.50846622 -136.18769593
   386.59849376]
 [ 442.96905952  207.92654102 -132.63809772  407.12000911  177.65475329
  -391.69546362]
 [  58.90873724   67.41500412   10.68656087  465.21802144  467.04768037
   440.83640952]
 [-105.47174283   26.52497869  400.07319475 -113.05070013   77.19673856
  -319.67748697]
 [-244.85629662 -301.08307204   14.39139386  408.11795744 -225.31563671
   389.93032601]
 [-132.28752168 -301.40215046 -479.09959416  412.26765692  410.91133994
  -444.8569346 ]
 [-267.67049572   26.31684867 -308.57731979 -113.87321727  461.47584596
   167.43814827]
 [ -28.13555867  -73.17441259 -310.59865533  411.56983662   76.52610341
   166.07616479]
 [-349.25050338  -73.32901347  398.99138634   50.74674282 -492.03221541
  -321.21945122]]","[-1517.27545225 -1316.89323965 -1197.48335894 -1156.00066013
 -1080.91834983 -1040.61618787  -986.95330353  -927.52959857
  -919.80485658  -907.27758971  -893.31247942  -881.25386106
  -874.67335472  -853.37410746  -835.82187314  -835.2950278
  -834.42211695  -828.36484748  -767.89176857  -748.43664226]","[[1.24168734 0.59419595 1.50607799 0.73472223 1.20279511 1.78376414]
 [1.24168734 0.59419595 1.50607799 0.73472223 1.20279511 1.78376414]
 [1.24168734 0.59419595 1.50607799 0.73472223 1.20279511 1.78376414]
 [1.24168734 0.59419595 1.50607799 0.73472223 1.20279511 1.78376414]
 [1.24168734 0.59419595 1.50607799 0.73472223 1.20279511 1.78376414]
 [1.24168734 0.59419595 1.50607799 0.73472223 1.20279511 1.78376414]
 [1.24168734 0.59419595 1.50607799 0.73472223 1.20279511 1.78376414]
 [1.24168734 0.59419595 1.50607799 0.73472223 1.20279511 1.78376414]
 [1.24168734 0.59419595 1.50607799 0.73472223 1.20279511 1.78376414]
 [1.24168734 0.59419595 1.50607799 0.73472223 1.20279511 1.78376414]
 [1.24168734 0.59419595 1.50607799 0.73472223 1.20279511 1.78376414]
 [1.24168734 0.59419595 1.50607799 0.73472223 1.20279511 1.78376414]
 [1.24168734 0.59419595 1.50607799 0.73472223 1.20279511 1.78376414]
 [1.24168734 0.59419595 1.50607799 0.73472223 1.20279511 1.78376414]
 [1.24168734 0.59419595 1.50607799 0.73472223 1.20279511 1.78376414]
 [1.24168734 0.59419595 1.50607799 0.73472223 1.20279511 1.78376414]
 [1.24168734 0.59419595 1.50607799 0.73472223 1.20279511 1.78376414]
 [1.24168734 0.59419595 1.50607799 0.73472223 1.20279511 1.78376414]
 [1.24168734 0.59419595 1.50607799 0.73472223 1.20279511 1.78376414]
 [1.24168734 0.59419595 1.50607799 0.73472223 1.20279511 1.78376414]]"
2,3,"[[ 444.16511891 -301.32950745 -285.6074759   411.51179118  412.37973683
  -319.71156218]
 [ 441.77484703 -300.89765588 -307.96315732 -284.41318376  411.44052942
   445.93636412]
 [ 440.29544427 -301.02557309 -284.01491131  406.18925459  460.70947005
   439.04893669]
 [ 444.36212535 -301.90796136  397.96754375  411.39232095  412.96710592
   174.89137392]
 [-133.2283254   403.20206128 -305.62827713  412.92446154  408.78218702
   214.28213192]
 [-107.10379792  436.48860139  396.12264626  408.16801639  461.19990988
   387.01614228]
 [ 443.61526073  208.30730289 -133.17302921 -284.30473734  412.85507073
   447.78822169]
 [-266.57164617 -324.06992854 -132.66702212  407.56862923  410.86525545
   443.84642736]
 [ -14.48983257  403.63021692  402.19515796  407.47719102 -120.5283783
   441.12906449]
 [-272.51307098  404.31432926  399.25499974  406.89551692 -137.68654892
   214.08070695]
 [-349.15412922  402.82602118 -313.06412112  412.08703561 -122.72551301
   397.03044296]
 [ -12.50499877  404.66368649 -304.94169756 -268.73807959  410.36372263
   393.78999114]
 [-267.51987598   67.1412898  -281.26189947  413.11811902  409.44673778
   389.60756838]
 [ -12.47786235 -300.15970153  397.31170821  411.03078266 -123.9560955
   432.69508359]
 [ 443.45485567 -300.72452843 -133.38925424 -285.39086765  461.49296801
   391.03271315]
 [ 444.43635579   25.97316549 -280.92306231  411.36609046  411.02879194
   215.23693999]
 [ -11.25419487  403.53698709  396.17815004  407.42547455 -137.43917286
   448.15798961]
 [ 444.88265002  402.67154461  396.76010982   50.77046842 -491.82698303
   447.71456342]
 [ 443.85028691 -301.36597952 -134.05309818  411.6217534  -137.03422024
  -325.3261881 ]
 [ -99.13436021   65.31058723  397.84561123 -285.18392558  411.72453242
   440.43466266]]","[-1999.08692009 -1972.05132959 -1932.96835794 -1931.70894968
 -1792.44571759 -1728.28379616 -1669.62342571 -1669.52798463
 -1651.62377962 -1626.23939279 -1602.73782777 -1595.92436713
 -1586.70457267 -1586.66663324 -1571.35044978 -1570.09659472
 -1555.31850882 -1533.63048969 -1514.51806322 -1511.4442406 ]","[[1.54178745 0.35306882 2.26827092 0.53981675 1.44671609 3.18181449]
 [1.54178745 0.35306882 2.26827092 0.53981675 1.44671609 3.18181449]
 [1.54178745 0.35306882 2.26827092 0.53981675 1.44671609 3.18181449]
 [1.54178745 0.35306882 2.26827092 0.53981675 1.44671609 3.18181449]
 [1.54178745 0.35306882 2.26827092 0.53981675 1.44671609 3.18181449]
 [1.54178745 0.35306882 2.26827092 0.53981675 1.44671609 3.18181449]
 [1.54178745 0.35306882 2.26827092 0.53981675 1.44671609 3.18181449]
 [1.54178745 0.35306882 2.26827092 0.53981675 1.44671609 3.18181449]
 [1.54178745 0.35306882 2.26827092 0.53981675 1.44671609 3.18181449]
 [1.54178745 0.35306882 2.26827092 0.53981675 1.44671609 3.18181449]
 [1.54178745 0.35306882 2.26827092 0.53981675 1.44671609 3.18181449]
 [1.54178745 0.35306882 2.26827092 0.53981675 1.44671609 3.18181449]
 [1.54178745 0.35306882 2.26827092 0.53981675 1.44671609 3.18181449]
 [1.54178745 0.35306882 2.26827092 0.53981675 1.44671609 3.18181449]
 [1.54178745 0.35306882 2.26827092 0.53981675 1.44671609 3.18181449]
 [1.54178745 0.35306882 2.26827092 0.53981675 1.44671609 3.18181449]
 [1.54178745 0.35306882 2.26827092 0.53981675 1.44671609 3.18181449]
 [1.54178745 0.35306882 2.26827092 0.53981675 1.44671609 3.18181449]
 [1.54178745 0.35306882 2.26827092 0.53981675 1.44671609 3.18181449]
 [1.54178745 0.35306882 2.26827092 0.53981675 1.44671609 3.18181449]]"
3,4,"[[ 441.42365104  404.75638866  400.89790522  412.36161674  412.71906211
   396.16300333]
 [ 440.64770245 -301.40904976  403.83866933  411.86432606  410.48888935
   436.62411592]
 [ 449.18923415  403.24608693  398.0036004   411.72949471  411.48960102
   442.43246842]
 [ 441.69096578 -300.76040861  405.45079507  411.03551628  410.87530866
   398.61180638]
 [ 443.82317164  436.62196697 -314.40217488  410.83180079  413.42703612
   393.66057108]
 [ 445.20554536  402.79635417 -294.26637274  407.02145021  412.71059101
   445.31041893]
 [ 445.77063922  404.40107893  392.93239935 -285.21366208  411.59973313
   426.38000912]
 [ 444.98434436 -323.99453002  395.4629056   407.07136764  412.93998271
   436.2712626 ]
 [ 443.29765796  402.9143025   400.78086651  407.92218188  410.37561517
   212.35824057]
 [-270.52470323  436.57343913  397.26491582  411.66377202  409.4621625
   444.03911749]
 [ 444.2861782  -301.94236334 -306.8824331   407.64114908  409.21864948
   448.05246258]
 [ 440.00765418 -301.22149824 -301.73341879  411.40873215  407.41158128
   453.84271732]
 [ 446.92970744 -300.27025594 -303.83294341  408.49703059  415.34700196
   389.8282373 ]
 [ 444.86378753 -301.19304765 -306.95951962  410.89873369  413.51717636
   386.25490775]
 [ 446.42838831  402.79273412  394.67878691 -283.9774197   412.64949199
   391.14454522]
 [ 441.76716353 -301.12949669  400.09865792  406.50179615  407.8203908
   206.61185843]
 [-267.9277006   404.68410158  399.53977682  410.57366222  411.73549993
   388.41854215]
 [ 438.5126354   403.52421941 -282.98174625  407.2053227   408.76615695
   209.44105544]
 [ 444.7187592   403.34677637  394.94876099  411.96930431  460.30692662
   388.88703057]
 [ 443.0776529   404.52727445  395.31109596  412.22492715  460.92485606
   454.75215276]]","[-2287.53749522 -2255.92456622 -2234.07019756 -2225.74102765
 -2172.56414778 -2167.52868772 -2139.82051896 -2126.81544853
 -2100.20904368 -2085.1163834  -2077.66294582 -2066.23092882
 -2054.77037996 -2043.09161165 -2034.76459513 -2022.4086801
 -2021.25639795 -2009.54833785 -2008.59829507 -2003.57537888]","[[1.91441797 0.20979206 3.41619291 0.39661537 1.74010304 5.67560658]
 [1.91441797 0.20979206 3.41619291 0.39661537 1.74010304 5.67560658]
 [1.91441797 0.20979206 3.41619291 0.39661537 1.74010304 5.67560658]
 [1.91441797 0.20979206 3.41619291 0.39661537 1.74010304 5.67560658]
 [1.91441797 0.20979206 3.41619291 0.39661537 1.74010304 5.67560658]
 [1.91441797 0.20979206 3.41619291 0.39661537 1.74010304 5.67560658]
 [1.91441797 0.20979206 3.41619291 0.39661537 1.74010304 5.67560658]
 [1.91441797 0.20979206 3.41619291 0.39661537 1.74010304 5.67560658]
 [1.91441797 0.20979206 3.41619291 0.39661537 1.74010304 5.67560658]
 [1.91441797 0.20979206 3.41619291 0.39661537 1.74010304 5.67560658]
 [1.91441797 0.20979206 3.41619291 0.39661537 1.74010304 5.67560658]
 [1.91441797 0.20979206 3.41619291 0.39661537 1.74010304 5.67560658]
 [1.91441797 0.20979206 3.41619291 0.39661537 1.74010304 5.67560658]
 [1.91441797 0.20979206 3.41619291 0.39661537 1.74010304 5.67560658]
 [1.91441797 0.20979206 3.41619291 0.39661537 1.74010304 5.67560658]
 [1.91441797 0.20979206 3.41619291 0.39661537 1.74010304 5.67560658]
 [1.91441797 0.20979206 3.41619291 0.39661537 1.74010304 5.67560658]
 [1.91441797 0.20979206 3.41619291 0.39661537 1.74010304 5.67560658]
 [1.91441797 0.20979206 3.41619291 0.39661537 1.74010304 5.67560658]
 [1.91441797 0.20979206 3.41619291 0.39661537 1.74010304 5.67560658]]"
4,5,"[[ 438.25278141  436.41901728  411.07078533  407.27450589  413.3222431
   433.69671455]
 [ 440.15056525  402.8374959   400.9969767   411.81024934  411.48847594
   423.80513205]
 [ 442.10937819  436.60869554  402.91624915  411.52946395  405.40133103
   429.8440291 ]
 [ 438.26620866  404.51540671  411.97696173  407.25074736  410.7167391
   397.91334786]
 [ 438.25040633  403.46477189  407.56171749  407.79938927  414.53552709
   442.57298128]
 [ 447.01706689  403.75254235  398.78931629  411.25199276  412.87143456
   416.987969  ]
 [ 445.06947106  404.63646407  396.96520806  410.70986903  408.02002564
   426.69519505]
 [ 438.51711425  403.30379026  401.13983228  410.26293273  410.87779038
   443.62754722]
 [ 439.00651683  404.34285216  402.57377514  406.84613544  412.69739024
   397.18141776]
 [ 442.54120205  404.44240909  400.92876007  411.01323801  413.03350973
   444.37399568]
 [ 441.19776634  436.54826526 -300.48733972  412.15821693  410.82683511
   413.764667  ]
 [ 445.34473489  403.33842631  401.13786351  410.75782544  405.66083676
   436.20917472]
 [ 444.3891149   436.45815157  406.36654101  411.25983015  414.1859432
   393.10170751]
 [ 442.92693025  402.695557    397.663551    411.4322372   410.9915289
   401.67019576]
 [ 440.12913131  403.59370309  393.10619899  412.00404455  414.76381425
   440.91069892]
 [ 438.82751891  403.08795984 -316.33223042  411.38832978  411.22663863
   421.09927747]
 [ 442.63444809  403.12770201  397.19854085  410.6879013   407.75494143
   401.5066844 ]
 [ 440.09410815  404.60988821 -308.37956835  410.91692884  406.31504495
   428.53170997]
 [ 445.31476246  404.54049837  394.76715577  407.49936311  407.8278078
   434.16871915]
 [ 443.79634362  402.79056588  387.13714706  411.72851941  413.15014648
   426.42914828]]","[-2383.28557449 -2355.76814734 -2336.3413914  -2331.63168209
 -2331.5473843  -2311.6414599  -2300.92830771 -2297.86538585
 -2295.31630741 -2284.83098453 -2284.39995631 -2282.58092705
 -2278.67961582 -2277.21923787 -2273.24089231 -2268.79603294
 -2266.21832526 -2265.85298424 -2258.47822559 -2252.13628011]","[[ 2.37710855  0.12465759  5.14505296  0.29140213  2.09298743 10.12394347]
 [ 2.37710855  0.12465759  5.14505296  0.29140213  2.09298743 10.12394347]
 [ 2.37710855  0.12465759  5.14505296  0.29140213  2.09298743 10.12394347]
 [ 2.37710855  0.12465759  5.14505296  0.29140213  2.09298743 10.12394347]
 [ 2.37710855  0.12465759  5.14505296  0.29140213  2.09298743 10.12394347]
 [ 2.37710855  0.12465759  5.14505296  0.29140213  2.09298743 10.12394347]
 [ 2.37710855  0.12465759  5.14505296  0.29140213  2.09298743 10.12394347]
 [ 2.37710855  0.12465759  5.14505296  0.29140213  2.09298743 10.12394347]
 [ 2.37710855  0.12465759  5.14505296  0.29140213  2.09298743 10.12394347]
 [ 2.37710855  0.12465759  5.14505296  0.29140213  2.09298743 10.12394347]
 [ 2.37710855  0.12465759  5.14505296  0.29140213  2.09298743 10.12394347]
 [ 2.37710855  0.12465759  5.14505296  0.29140213  2.09298743 10.12394347]
 [ 2.37710855  0.12465759  5.14505296  0.29140213  2.09298743 10.12394347]
 [ 2.37710855  0.12465759  5.14505296  0.29140213  2.09298743 10.12394347]
 [ 2.37710855  0.12465759  5.14505296  0.29140213  2.09298743 10.12394347]
 [ 2.37710855  0.12465759  5.14505296  0.29140213  2.09298743 10.12394347]
 [ 2.37710855  0.12465759  5.14505296  0.29140213  2.09298743 10.12394347]
 [ 2.37710855  0.12465759  5.14505296  0.29140213  2.09298743 10.12394347]
 [ 2.37710855  0.12465759  5.14505296  0.29140213  2.09298743 10.12394347]
 [ 2.37710855  0.12465759  5.14505296  0.29140213  2.09298743 10.12394347]]"
5,6,"[[434.74080928 436.39655062 416.86354213 412.16722878 413.33154687
  429.22239779]
 [437.20461197 436.69572728 416.24926304 411.72386739 410.36569897
  417.53034647]
 [439.1305655  436.4512453  427.39227354 407.47360346 412.04130999
  412.92302328]
 [441.46464729 436.68227803 416.81946903 411.28921359 409.00731895
  413.59109515]
 [438.06256104 403.03761338 411.81253896 407.6546907  415.95770642
  411.97512449]
 [441.8128346  403.03942747 424.38639269 411.35625824 409.99100435
  418.58512163]
 [435.38807372 403.14639043 412.05940286 407.19162288 415.21235356
  433.44192703]
 [437.57919234 403.56700877 428.07073325 411.96894513 403.90769728
  422.44020169]
 [432.06017423 403.81239576 400.18230762 411.08964567 413.2282882
  419.54115033]
 [437.56730724 402.88485505 407.57509912 411.52256268 409.6969689
  425.05240992]
 [442.01706823 402.67479475 418.04148343 411.38252641 413.65347421
  431.15471584]
 [438.50906547 402.81108082 412.53241254 411.480527   406.52184455
  428.11738404]
 [436.37736808 436.51267259 407.29270343 411.56419294 411.22390769
  435.50388566]
 [441.48854017 436.64655188 410.86782468 410.42195978 406.782295
  424.95271464]
 [441.73845011 404.3673879  418.1331959  411.44743239 405.50696686
  411.77197723]
 [440.05212329 403.38850947 414.69881609 407.54541773 405.25174549
  417.37576212]
 [438.19869794 402.61457238 403.05673572 410.46398423 414.5437714
  428.27837029]
 [443.40552466 402.68428435 410.91026775 410.74048848 413.3635311
  428.91913486]
 [436.18140321 404.45975811 399.48690535 412.16199143 408.12561226
  414.18322958]
 [440.48223762 404.69879386 423.38960748 407.89933934 410.3636303
  438.75366196]]","[-2432.47051995 -2420.80802365 -2396.64062595 -2392.04856919
 -2391.84710353 -2391.38121271 -2391.34900519 -2389.233373
 -2389.18144184 -2387.63971668 -2385.17398241 -2382.2366144
 -2381.07766067 -2376.96661536 -2373.54660983 -2370.73735814
 -2369.98462419 -2369.2620897  -2358.73162722 -2358.03395764]","[[ 2.9516256   0.07407104  7.74885103  0.21409962  2.51743506 18.05872729]
 [ 2.9516256   0.07407104  7.74885103  0.21409962  2.51743506 18.05872729]
 [ 2.9516256   0.07407104  7.74885103  0.21409962  2.51743506 18.05872729]
 [ 2.9516256   0.07407104  7.74885103  0.21409962  2.51743506 18.05872729]
 [ 2.9516256   0.07407104  7.74885103  0.21409962  2.51743506 18.05872729]
 [ 2.9516256   0.07407104  7.74885103  0.21409962  2.51743506 18.05872729]
 [ 2.9516256   0.07407104  7.74885103  0.21409962  2.51743506 18.05872729]
 [ 2.9516256   0.07407104  7.74885103  0.21409962  2.51743506 18.05872729]
 [ 2.9516256   0.07407104  7.74885103  0.21409962  2.51743506 18.05872729]
 [ 2.9516256   0.07407104  7.74885103  0.21409962  2.51743506 18.05872729]
 [ 2.9516256   0.07407104  7.74885103  0.21409962  2.51743506 18.05872729]
 [ 2.9516256   0.07407104  7.74885103  0.21409962  2.51743506 18.05872729]
 [ 2.9516256   0.07407104  7.74885103  0.21409962  2.51743506 18.05872729]
 [ 2.9516256   0.07407104  7.74885103  0.21409962  2.51743506 18.05872729]
 [ 2.9516256   0.07407104  7.74885103  0.21409962  2.51743506 18.05872729]
 [ 2.9516256   0.07407104  7.74885103  0.21409962  2.51743506 18.05872729]
 [ 2.9516256   0.07407104  7.74885103  0.21409962  2.51743506 18.05872729]
 [ 2.9516256   0.07407104  7.74885103  0.21409962  2.51743506 18.05872729]
 [ 2.9516256   0.07407104  7.74885103  0.21409962  2.51743506 18.05872729]
 [ 2.9516256   0.07407104  7.74885103  0.21409962  2.51743506 18.05872729]]"
6,7,"[[427.05384845 436.48186964 429.9506515  412.1430078  417.26571382
  414.63585367]
 [436.61502478 436.47172703 425.77734075 411.94346432 417.67609118
  420.07070116]
 [435.27869737 436.48261641 425.9747802  411.89405348 413.69833978
  416.74796059]
 [435.75033419 436.51431915 418.4744496  410.76424965 414.60985982
  427.32800022]
 [432.51066895 436.3229986  432.47280604 411.96582185 412.56091105
  418.3120203 ]
 [435.34046306 404.44761177 420.65777574 411.57530936 412.55449145
  430.28181351]
 [435.12200766 404.39050713 421.86172564 407.89787144 408.33368319
  422.78255727]
 [439.9991239  403.40427924 417.56368006 412.27782268 416.98348743
  413.30789346]
 [430.00112216 404.73180948 423.70677093 407.57030902 412.93331148
  436.41758103]
 [434.04052752 404.33420951 418.52045637 410.38622549 412.96355901
  405.48374201]
 [435.11647482 404.47394062 425.40336022 411.59769253 407.65605447
  432.04713465]
 [436.18544254 403.03630799 414.39571865 407.61104919 413.61378188
  429.41703078]
 [439.93502989 436.49536154 413.38339803 411.10519418 410.39297849
  414.04217412]
 [436.2248624  436.41014699 435.58908207 411.50156339 411.20904948
  412.29273577]
 [433.56667403 403.84995034 410.60879707 411.64751123 411.71199363
  405.93752345]
 [432.95308063 436.59372526 417.28135371 411.98958348 407.11399533
  438.16835458]
 [438.39666669 436.53333912 405.04768614 412.03464613 411.72489051
  426.48940412]
 [438.10308243 436.51596736 416.59008159 412.23325275 407.18993793
  435.33968012]
 [429.85265519 403.09171191 434.92377046 410.2893052  407.19484154
  432.58328337]
 [439.95678819 403.5966248  429.56473699 410.7285064  412.091552
  432.09959188]]","[-2452.34191335 -2438.46292693 -2435.63907837 -2432.17141746
 -2430.98684126 -2423.3443374  -2413.09277508 -2410.3389949
 -2409.68207111 -2405.71083081 -2404.13011495 -2401.79204816
 -2399.35901702 -2395.38498046 -2394.70513285 -2392.507493
 -2389.58508116 -2385.32100023 -2385.26069345 -2383.73034286]","[[ 3.66499615  0.04401271 11.67037401  0.15730375  3.02795859 32.21251008]
 [ 3.66499615  0.04401271 11.67037401  0.15730375  3.02795859 32.21251008]
 [ 3.66499615  0.04401271 11.67037401  0.15730375  3.02795859 32.21251008]
 [ 3.66499615  0.04401271 11.67037401  0.15730375  3.02795859 32.21251008]
 [ 3.66499615  0.04401271 11.67037401  0.15730375  3.02795859 32.21251008]
 [ 3.66499615  0.04401271 11.67037401  0.15730375  3.02795859 32.21251008]
 [ 3.66499615  0.04401271 11.67037401  0.15730375  3.02795859 32.21251008]
 [ 3.66499615  0.04401271 11.67037401  0.15730375  3.02795859 32.21251008]
 [ 3.66499615  0.04401271 11.67037401  0.15730375  3.02795859 32.21251008]
 [ 3.66499615  0.04401271 11.67037401  0.15730375  3.02795859 32.21251008]
 [ 3.66499615  0.04401271 11.67037401  0.15730375  3.02795859 32.21251008]
 [ 3.66499615  0.04401271 11.67037401  0.15730375  3.02795859 32.21251008]
 [ 3.66499615  0.04401271 11.67037401  0.15730375  3.02795859 32.21251008]
 [ 3.66499615  0.04401271 11.67037401  0.15730375  3.02795859 32.21251008]
 [ 3.66499615  0.04401271 11.67037401  0.15730375  3.02795859 32.21251008]
 [ 3.66499615  0.04401271 11.67037401  0.15730375  3.02795859 32.21251008]
 [ 3.66499615  0.04401271 11.67037401  0.15730375  3.02795859 32.21251008]
 [ 3.66499615  0.04401271 11.67037401  0.15730375  3.02795859 32.21251008]
 [ 3.66499615  0.04401271 11.67037401  0.15730375  3.02795859 32.21251008]
 [ 3.66499615  0.04401271 11.67037401  0.15730375  3.02795859 32.21251008]]"
7,8,"[[430.00112216 403.84995034 423.70677093 412.23325275 413.61378188
  414.63585367]
 [432.51066895 436.3229986  425.77734075 410.38622549 417.67609118
  427.32800022]
 [427.26865861 404.32606347 430.56412351 411.99484789 411.22193686
  426.72079598]
 [420.43376298 436.47897035 436.49910216 410.43514902 417.03070523
  425.38474505]
 [436.38309538 404.32154911 419.91764762 411.5271309  417.87064667
  416.33513949]
 [431.73600883 436.47499326 430.79589215 410.45427814 409.16965171
  419.35731124]
 [427.05384845 436.47172703 435.58908207 410.76424965 412.56091105
  412.29273577]
 [439.77560961 436.53505626 429.44950786 411.94433851 418.23069587
  422.19391732]
 [436.2248624  403.40427924 423.70677093 411.64751123 412.091552
  430.28181351]
 [436.98902651 436.61501259 434.92478678 411.97169629 416.94118749
  423.15613904]
 [436.22661909 436.33866469 435.21273017 411.59425479 414.61877797
  423.99677493]
 [440.96638989 436.62345019 418.95752587 411.47955746 416.14655189
  428.37842169]
 [434.04052752 436.59372526 410.60879707 411.10519418 412.091552
  432.04713465]
 [427.94257238 436.50381123 403.51114093 412.17689302 407.93966703
  417.65862539]
 [438.39938751 436.40511217 415.46071525 411.58601157 414.77228663
  433.82593373]
 [437.14628027 436.41960873 414.40579058 411.03150477 414.80173411
  434.5302155 ]
 [430.81834903 404.48988217 409.56293529 410.84723337 414.45512058
  405.40300048]
 [439.95678819 436.49536154 425.40336022 407.89787144 412.96355901
  427.32800022]
 [435.75033419 403.09171191 421.86172564 412.23325275 407.65605447
  432.04713465]
 [439.93502989 403.09171191 417.56368006 412.1430078  410.39297849
  427.32800022]]","[-2445.0883876  -2444.16506167 -2436.89401843 -2435.15484744
 -2434.62859252 -2425.45331629 -2420.93022234 -2418.92884476
 -2414.00607943 -2413.77064296 -2412.3470182  -2411.67805552
 -2410.87967992 -2407.68947658 -2405.54170002 -2405.49722406
 -2403.69893337 -2401.75682991 -2399.90333493 -2399.28528589]","[[4.55077932e+00 2.61521742e-02 1.75764935e+01 1.15574561e-01
  3.64201380e+00 5.74595202e+01]
 [4.55077932e+00 2.61521742e-02 1.75764935e+01 1.15574561e-01
  3.64201380e+00 5.74595202e+01]
 [4.55077932e+00 2.61521742e-02 1.75764935e+01 1.15574561e-01
  3.64201380e+00 5.74595202e+01]
 [4.55077932e+00 2.61521742e-02 1.75764935e+01 1.15574561e-01
  3.64201380e+00 5.74595202e+01]
 [4.55077932e+00 2.61521742e-02 1.75764935e+01 1.15574561e-01
  3.64201380e+00 5.74595202e+01]
 [4.55077932e+00 2.61521742e-02 1.75764935e+01 1.15574561e-01
  3.64201380e+00 5.74595202e+01]
 [4.55077932e+00 2.61521742e-02 1.75764935e+01 1.15574561e-01
  3.64201380e+00 5.74595202e+01]
 [4.55077932e+00 2.61521742e-02 1.75764935e+01 1.15574561e-01
  3.64201380e+00 5.74595202e+01]
 [4.55077932e+00 2.61521742e-02 1.75764935e+01 1.15574561e-01
  3.64201380e+00 5.74595202e+01]
 [4.55077932e+00 2.61521742e-02 1.75764935e+01 1.15574561e-01
  3.64201380e+00 5.74595202e+01]
 [4.55077932e+00 2.61521742e-02 1.75764935e+01 1.15574561e-01
  3.64201380e+00 5.74595202e+01]
 [4.55077932e+00 2.61521742e-02 1.75764935e+01 1.15574561e-01
  3.64201380e+00 5.74595202e+01]
 [4.55077932e+00 2.61521742e-02 1.75764935e+01 1.15574561e-01
  3.64201380e+00 5.74595202e+01]
 [4.55077932e+00 2.61521742e-02 1.75764935e+01 1.15574561e-01
  3.64201380e+00 5.74595202e+01]
 [4.55077932e+00 2.61521742e-02 1.75764935e+01 1.15574561e-01
  3.64201380e+00 5.74595202e+01]
 [4.55077932e+00 2.61521742e-02 1.75764935e+01 1.15574561e-01
  3.64201380e+00 5.74595202e+01]
 [4.55077932e+00 2.61521742e-02 1.75764935e+01 1.15574561e-01
  3.64201380e+00 5.74595202e+01]
 [4.55077932e+00 2.61521742e-02 1.75764935e+01 1.15574561e-01
  3.64201380e+00 5.74595202e+01]
 [4.55077932e+00 2.61521742e-02 1.75764935e+01 1.15574561e-01
  3.64201380e+00 5.74595202e+01]
 [4.55077932e+00 2.61521742e-02 1.75764935e+01 1.15574561e-01
  3.64201380e+00 5.74595202e+01]]"
8,9,"[[427.05384845 436.47499326 417.56368006 412.23325275 414.45512058
  427.32800022]
 [427.26865861 436.47897035 425.40336022 410.76424965 414.77228663
  412.29273577]
 [420.43376298 436.33866469 414.40579058 411.99484789 412.091552
  430.28181351]
 [435.24273632 404.50563186 419.62112548 412.21392499 422.75090161
  424.69412774]
 [430.81834903 436.49536154 423.70677093 411.5271309  417.67609118
  432.04713465]
 [427.05384845 404.32154911 409.56293529 411.58601157 414.45512058
  422.19391732]
 [436.38309538 436.3229986  419.91764762 412.23325275 418.23069587
  414.63585367]
 [432.51066895 436.59372526 419.91764762 407.89787144 417.67609118
  427.32800022]
 [424.19651331 436.47567423 431.5696928  410.30910617 411.47931878
  413.00425475]
 [427.94257238 436.53505626 403.51114093 411.03150477 417.67609118
  417.65862539]
 [430.81834903 404.48988217 435.21273017 412.23325275 412.091552
  423.15613904]
 [436.98902651 436.3229986  415.46071525 410.84723337 412.091552
  427.32800022]
 [439.77560961 404.48988217 423.70677093 411.59425479 417.87064667
  425.38474505]
 [435.16754621 436.43923082 420.01817012 412.11886478 406.03259246
  425.20477434]
 [434.53997826 403.10236444 415.79713109 411.54741488 409.21104772
  416.53560359]
 [439.93502989 436.40511217 421.86172564 410.84723337 413.61378188
  426.72079598]
 [430.81834903 403.09171191 410.60879707 412.1430078  417.67609118
  434.5302155 ]
 [439.93502989 404.48988217 415.46071525 411.03150477 418.23069587
  427.32800022]
 [427.05384845 403.09171191 435.21273017 411.58601157 412.091552
  430.28181351]
 [436.38309538 436.47172703 435.21273017 411.64751123 414.80173411
  417.65862539]]","[-2457.61044619 -2448.95616903 -2447.92465342 -2442.80718064
 -2442.50434278 -2442.19310378 -2438.83487156 -2438.6327517
 -2434.84094721 -2424.66460631 -2422.57226816 -2420.55058918
 -2420.52751191 -2418.69171999 -2417.20553045 -2415.21765964
 -2414.61535608 -2413.18958559 -2412.51404113 -2411.42773824]","[[5.65064508e+00 1.55395159e-02 2.64715700e+01 8.49151991e-02
  4.38059640e+00 1.02494231e+02]
 [5.65064508e+00 1.55395159e-02 2.64715700e+01 8.49151991e-02
  4.38059640e+00 1.02494231e+02]
 [5.65064508e+00 1.55395159e-02 2.64715700e+01 8.49151991e-02
  4.38059640e+00 1.02494231e+02]
 [5.65064508e+00 1.55395159e-02 2.64715700e+01 8.49151991e-02
  4.38059640e+00 1.02494231e+02]
 [5.65064508e+00 1.55395159e-02 2.64715700e+01 8.49151991e-02
  4.38059640e+00 1.02494231e+02]
 [5.65064508e+00 1.55395159e-02 2.64715700e+01 8.49151991e-02
  4.38059640e+00 1.02494231e+02]
 [5.65064508e+00 1.55395159e-02 2.64715700e+01 8.49151991e-02
  4.38059640e+00 1.02494231e+02]
 [5.65064508e+00 1.55395159e-02 2.64715700e+01 8.49151991e-02
  4.38059640e+00 1.02494231e+02]
 [5.65064508e+00 1.55395159e-02 2.64715700e+01 8.49151991e-02
  4.38059640e+00 1.02494231e+02]
 [5.65064508e+00 1.55395159e-02 2.64715700e+01 8.49151991e-02
  4.38059640e+00 1.02494231e+02]
 [5.65064508e+00 1.55395159e-02 2.64715700e+01 8.49151991e-02
  4.38059640e+00 1.02494231e+02]
 [5.65064508e+00 1.55395159e-02 2.64715700e+01 8.49151991e-02
  4.38059640e+00 1.02494231e+02]
 [5.65064508e+00 1.55395159e-02 2.64715700e+01 8.49151991e-02
  4.38059640e+00 1.02494231e+02]
 [5.65064508e+00 1.55395159e-02 2.64715700e+01 8.49151991e-02
  4.38059640e+00 1.02494231e+02]
 [5.65064508e+00 1.55395159e-02 2.64715700e+01 8.49151991e-02
  4.38059640e+00 1.02494231e+02]
 [5.65064508e+00 1.55395159e-02 2.64715700e+01 8.49151991e-02
  4.38059640e+00 1.02494231e+02]
 [5.65064508e+00 1.55395159e-02 2.64715700e+01 8.49151991e-02
  4.38059640e+00 1.02494231e+02]
 [5.65064508e+00 1.55395159e-02 2.64715700e+01 8.49151991e-02
  4.38059640e+00 1.02494231e+02]
 [5.65064508e+00 1.55395159e-02 2.64715700e+01 8.49151991e-02
  4.38059640e+00 1.02494231e+02]
 [5.65064508e+00 1.55395159e-02 2.64715700e+01 8.49151991e-02
  4.38059640e+00 1.02494231e+02]]"
9,10,"[[420.43376298 436.3229986  417.56368006 412.23325275 418.23069587
  414.63585367]
 [420.43376298 436.3229986  419.62112548 411.03150477 417.87064667
  427.32800022]
 [427.05384845 436.53505626 421.86172564 411.64751123 417.67609118
  424.69412774]
 [420.43376298 436.3229986  421.86172564 410.84723337 414.77228663
  427.32800022]
 [427.05384845 436.59372526 415.46071525 411.59425479 417.67609118
  425.20477434]
 [427.05384845 436.33866469 419.91764762 412.21392499 412.091552
  425.20477434]
 [430.81834903 436.3229986  423.70677093 412.11886478 417.87064667
  427.32800022]
 [427.05384845 436.47172703 425.40336022 410.30910617 412.091552
  417.65862539]
 [430.81834903 436.3229986  420.01817012 411.5271309  412.091552
  424.69412774]
 [427.94257238 436.40511217 425.40336022 412.11886478 417.67609118
  432.04713465]
 [430.81834903 436.40511217 414.40579058 410.76424965 417.67609118
  426.72079598]
 [424.19651331 403.09171191 420.01817012 410.84723337 411.47931878
  416.53560359]
 [427.26865861 436.47897035 410.60879707 411.03150477 417.67609118
  427.32800022]
 [427.05384845 436.40511217 410.60879707 411.64751123 418.23069587
  413.00425475]
 [430.81834903 436.47897035 425.40336022 410.84723337 418.23069587
  430.28181351]
 [430.81834903 436.47567423 421.86172564 410.84723337 411.47931878
  426.72079598]
 [435.24273632 436.47499326 419.91764762 412.1430078  422.75090161
  414.63585367]
 [427.26865861 436.33866469 409.56293529 411.59425479 412.091552
  417.65862539]
 [435.24273632 436.47897035 414.40579058 411.58601157 414.77228663
  422.19391732]
 [430.81834903 436.47897035 409.56293529 412.23325275 417.67609118
  413.00425475]]","[-2467.28325908 -2465.39183726 -2464.73713749 -2461.44631625
 -2460.15890656 -2457.71015923 -2455.02232941 -2451.14591452
 -2449.19920931 -2448.75244248 -2447.8073625  -2446.51573227
 -2446.47593696 -2446.14218044 -2444.32085294 -2443.15005528
 -2442.81317029 -2440.76558733 -2436.69092814 -2436.37971277]","[[7.01633447e+00 9.23351739e-03 3.98682490e+01 6.23890843e-02
  5.26895995e+00 1.82825534e+02]
 [7.01633447e+00 9.23351739e-03 3.98682490e+01 6.23890843e-02
  5.26895995e+00 1.82825534e+02]
 [7.01633447e+00 9.23351739e-03 3.98682490e+01 6.23890843e-02
  5.26895995e+00 1.82825534e+02]
 [7.01633447e+00 9.23351739e-03 3.98682490e+01 6.23890843e-02
  5.26895995e+00 1.82825534e+02]
 [7.01633447e+00 9.23351739e-03 3.98682490e+01 6.23890843e-02
  5.26895995e+00 1.82825534e+02]
 [7.01633447e+00 9.23351739e-03 3.98682490e+01 6.23890843e-02
  5.26895995e+00 1.82825534e+02]
 [7.01633447e+00 9.23351739e-03 3.98682490e+01 6.23890843e-02
  5.26895995e+00 1.82825534e+02]
 [7.01633447e+00 9.23351739e-03 3.98682490e+01 6.23890843e-02
  5.26895995e+00 1.82825534e+02]
 [7.01633447e+00 9.23351739e-03 3.98682490e+01 6.23890843e-02
  5.26895995e+00 1.82825534e+02]
 [7.01633447e+00 9.23351739e-03 3.98682490e+01 6.23890843e-02
  5.26895995e+00 1.82825534e+02]
 [7.01633447e+00 9.23351739e-03 3.98682490e+01 6.23890843e-02
  5.26895995e+00 1.82825534e+02]
 [7.01633447e+00 9.23351739e-03 3.98682490e+01 6.23890843e-02
  5.26895995e+00 1.82825534e+02]
 [7.01633447e+00 9.23351739e-03 3.98682490e+01 6.23890843e-02
  5.26895995e+00 1.82825534e+02]
 [7.01633447e+00 9.23351739e-03 3.98682490e+01 6.23890843e-02
  5.26895995e+00 1.82825534e+02]
 [7.01633447e+00 9.23351739e-03 3.98682490e+01 6.23890843e-02
  5.26895995e+00 1.82825534e+02]
 [7.01633447e+00 9.23351739e-03 3.98682490e+01 6.23890843e-02
  5.26895995e+00 1.82825534e+02]
 [7.01633447e+00 9.23351739e-03 3.98682490e+01 6.23890843e-02
  5.26895995e+00 1.82825534e+02]
 [7.01633447e+00 9.23351739e-03 3.98682490e+01 6.23890843e-02
  5.26895995e+00 1.82825534e+02]
 [7.01633447e+00 9.23351739e-03 3.98682490e+01 6.23890843e-02
  5.26895995e+00 1.82825534e+02]
 [7.01633447e+00 9.23351739e-03 3.98682490e+01 6.23890843e-02
  5.26895995e+00 1.82825534e+02]]"
10,11,"[[420.43376298 436.33866469 420.01817012 411.59425479 417.87064667
  424.69412774]
 [420.43376298 436.47897035 415.46071525 412.23325275 418.23069587
  417.65862539]
 [420.43376298 436.40511217 423.70677093 411.03150477 417.67609118
  416.53560359]
 [424.19651331 436.33866469 414.40579058 412.23325275 422.75090161
  417.65862539]
 [427.05384845 436.40511217 421.86172564 412.11886478 418.23069587
  416.53560359]
 [427.26865861 436.47897035 419.91764762 411.59425479 418.23069587
  417.65862539]
 [420.43376298 436.47499326 419.91764762 411.03150477 418.23069587
  427.32800022]
 [427.05384845 436.3229986  420.01817012 411.59425479 417.67609118
  425.20477434]
 [420.43376298 436.33866469 425.40336022 411.59425479 417.67609118
  414.63585367]
 [427.05384845 436.47897035 419.91764762 410.76424965 417.67609118
  422.19391732]
 [420.43376298 436.47897035 421.86172564 411.03150477 414.77228663
  425.20477434]
 [427.05384845 436.47567423 420.01817012 412.21392499 414.77228663
  425.20477434]
 [427.94257238 436.40511217 425.40336022 411.59425479 418.23069587
  417.65862539]
 [420.43376298 436.47499326 419.91764762 410.84723337 418.23069587
  413.00425475]
 [427.05384845 436.47897035 420.01817012 411.58601157 417.67609118
  427.32800022]
 [427.05384845 436.3229986  419.62112548 412.11886478 422.75090161
  413.00425475]
 [427.94257238 436.53505626 420.01817012 412.11886478 417.67609118
  427.32800022]
 [427.05384845 436.40511217 425.40336022 410.84723337 417.87064667
  425.20477434]
 [427.26865861 436.33866469 420.01817012 411.03150477 417.87064667
  427.32800022]
 [427.05384845 436.3229986  419.62112548 410.84723337 417.67609118
  427.32800022]]","[-2470.15029236 -2467.98877335 -2466.83527637 -2466.1963782
 -2466.00430341 -2465.24901378 -2465.16277771 -2464.90180418
 -2464.33896905 -2464.33518266 -2464.14588766 -2462.25587368
 -2462.06113156 -2461.85475147 -2461.44488555 -2461.25306421
 -2460.97369234 -2460.56480889 -2460.47286866 -2460.13787839]","[[8.71209370e+00 5.48651861e-03 6.00446924e+01 4.58386470e-02
  6.33747928e+00 3.26117631e+02]
 [8.71209370e+00 5.48651861e-03 6.00446924e+01 4.58386470e-02
  6.33747928e+00 3.26117631e+02]
 [8.71209370e+00 5.48651861e-03 6.00446924e+01 4.58386470e-02
  6.33747928e+00 3.26117631e+02]
 [8.71209370e+00 5.48651861e-03 6.00446924e+01 4.58386470e-02
  6.33747928e+00 3.26117631e+02]
 [8.71209370e+00 5.48651861e-03 6.00446924e+01 4.58386470e-02
  6.33747928e+00 3.26117631e+02]
 [8.71209370e+00 5.48651861e-03 6.00446924e+01 4.58386470e-02
  6.33747928e+00 3.26117631e+02]
 [8.71209370e+00 5.48651861e-03 6.00446924e+01 4.58386470e-02
  6.33747928e+00 3.26117631e+02]
 [8.71209370e+00 5.48651861e-03 6.00446924e+01 4.58386470e-02
  6.33747928e+00 3.26117631e+02]
 [8.71209370e+00 5.48651861e-03 6.00446924e+01 4.58386470e-02
  6.33747928e+00 3.26117631e+02]
 [8.71209370e+00 5.48651861e-03 6.00446924e+01 4.58386470e-02
  6.33747928e+00 3.26117631e+02]
 [8.71209370e+00 5.48651861e-03 6.00446924e+01 4.58386470e-02
  6.33747928e+00 3.26117631e+02]
 [8.71209370e+00 5.48651861e-03 6.00446924e+01 4.58386470e-02
  6.33747928e+00 3.26117631e+02]
 [8.71209370e+00 5.48651861e-03 6.00446924e+01 4.58386470e-02
  6.33747928e+00 3.26117631e+02]
 [8.71209370e+00 5.48651861e-03 6.00446924e+01 4.58386470e-02
  6.33747928e+00 3.26117631e+02]
 [8.71209370e+00 5.48651861e-03 6.00446924e+01 4.58386470e-02
  6.33747928e+00 3.26117631e+02]
 [8.71209370e+00 5.48651861e-03 6.00446924e+01 4.58386470e-02
  6.33747928e+00 3.26117631e+02]
 [8.71209370e+00 5.48651861e-03 6.00446924e+01 4.58386470e-02
  6.33747928e+00 3.26117631e+02]
 [8.71209370e+00 5.48651861e-03 6.00446924e+01 4.58386470e-02
  6.33747928e+00 3.26117631e+02]
 [8.71209370e+00 5.48651861e-03 6.00446924e+01 4.58386470e-02
  6.33747928e+00 3.26117631e+02]
 [8.71209370e+00 5.48651861e-03 6.00446924e+01 4.58386470e-02
  6.33747928e+00 3.26117631e+02]]"
11,12,"[[420.43376298 436.47499326 419.91764762 412.11886478 418.23069587
  416.53560359]
 [420.43376298 436.47897035 421.86172564 411.59425479 418.23069587
  417.65862539]
 [420.43376298 436.47499326 423.70677093 412.11886478 417.67609118
  417.65862539]
 [420.43376298 436.40511217 420.01817012 411.58601157 417.67609118
  417.65862539]
 [420.43376298 436.3229986  420.01817012 411.59425479 417.67609118
  425.20477434]
 [420.43376298 436.3229986  419.91764762 411.59425479 417.67609118
  416.53560359]
 [420.43376298 436.40511217 419.62112548 411.58601157 417.67609118
  425.20477434]
 [424.19651331 436.33866469 419.91764762 410.84723337 422.75090161
  417.65862539]
 [420.43376298 436.33866469 419.62112548 412.11886478 417.67609118
  427.32800022]
 [420.43376298 436.33866469 420.01817012 410.84723337 417.67609118
  425.20477434]
 [420.43376298 436.47897035 420.01817012 410.84723337 417.87064667
  425.20477434]
 [420.43376298 436.33866469 425.40336022 410.76424965 417.67609118
  422.19391732]
 [420.43376298 436.33866469 420.01817012 411.59425479 418.23069587
  427.32800022]
 [427.05384845 436.47897035 419.91764762 412.21392499 418.23069587
  417.65862539]
 [420.43376298 436.40511217 420.01817012 411.59425479 418.23069587
  427.32800022]
 [420.43376298 436.47567423 419.91764762 411.59425479 418.23069587
  427.32800022]
 [427.05384845 436.47897035 420.01817012 412.11886478 422.75090161
  425.20477434]
 [427.05384845 436.33866469 420.01817012 412.23325275 417.67609118
  425.20477434]
 [420.43376298 436.47897035 421.86172564 411.59425479 417.67609118
  427.32800022]
 [427.05384845 436.47567423 423.70677093 412.21392499 417.67609118
  417.65862539]]","[-2470.33533465 -2470.2618681  -2470.20026615 -2470.09255792
 -2469.5403516  -2469.30769192 -2469.09168541 -2468.21630314
 -2467.7162418  -2467.67076132 -2467.28851389 -2467.16847572
 -2467.06226641 -2466.98300947 -2466.80773576 -2466.51091538
 -2466.45776709 -2466.28244242 -2466.1159858  -2465.76753835]","[[1.08176965e+01 3.26006713e-03 9.04319897e+01 3.36786729e-02
  7.62268912e+00 5.81716935e+02]
 [1.08176965e+01 3.26006713e-03 9.04319897e+01 3.36786729e-02
  7.62268912e+00 5.81716935e+02]
 [1.08176965e+01 3.26006713e-03 9.04319897e+01 3.36786729e-02
  7.62268912e+00 5.81716935e+02]
 [1.08176965e+01 3.26006713e-03 9.04319897e+01 3.36786729e-02
  7.62268912e+00 5.81716935e+02]
 [1.08176965e+01 3.26006713e-03 9.04319897e+01 3.36786729e-02
  7.62268912e+00 5.81716935e+02]
 [1.08176965e+01 3.26006713e-03 9.04319897e+01 3.36786729e-02
  7.62268912e+00 5.81716935e+02]
 [1.08176965e+01 3.26006713e-03 9.04319897e+01 3.36786729e-02
  7.62268912e+00 5.81716935e+02]
 [1.08176965e+01 3.26006713e-03 9.04319897e+01 3.36786729e-02
  7.62268912e+00 5.81716935e+02]
 [1.08176965e+01 3.26006713e-03 9.04319897e+01 3.36786729e-02
  7.62268912e+00 5.81716935e+02]
 [1.08176965e+01 3.26006713e-03 9.04319897e+01 3.36786729e-02
  7.62268912e+00 5.81716935e+02]
 [1.08176965e+01 3.26006713e-03 9.04319897e+01 3.36786729e-02
  7.62268912e+00 5.81716935e+02]
 [1.08176965e+01 3.26006713e-03 9.04319897e+01 3.36786729e-02
  7.62268912e+00 5.81716935e+02]
 [1.08176965e+01 3.26006713e-03 9.04319897e+01 3.36786729e-02
  7.62268912e+00 5.81716935e+02]
 [1.08176965e+01 3.26006713e-03 9.04319897e+01 3.36786729e-02
  7.62268912e+00 5.81716935e+02]
 [1.08176965e+01 3.26006713e-03 9.04319897e+01 3.36786729e-02
  7.62268912e+00 5.81716935e+02]
 [1.08176965e+01 3.26006713e-03 9.04319897e+01 3.36786729e-02
  7.62268912e+00 5.81716935e+02]
 [1.08176965e+01 3.26006713e-03 9.04319897e+01 3.36786729e-02
  7.62268912e+00 5.81716935e+02]
 [1.08176965e+01 3.26006713e-03 9.04319897e+01 3.36786729e-02
  7.62268912e+00 5.81716935e+02]
 [1.08176965e+01 3.26006713e-03 9.04319897e+01 3.36786729e-02
  7.62268912e+00 5.81716935e+02]
 [1.08176965e+01 3.26006713e-03 9.04319897e+01 3.36786729e-02
  7.62268912e+00 5.81716935e+02]]"
12,13,"[[420.43376298 436.47897035 421.86172564 412.11886478 422.75090161
  417.65862539]
 [420.43376298 436.33866469 421.86172564 412.11886478 418.23069587
  417.65862539]
 [420.43376298 436.33866469 420.01817012 412.21392499 417.67609118
  417.65862539]
 [420.43376298 436.3229986  420.01817012 411.59425479 417.67609118
  422.19391732]
 [420.43376298 436.33866469 420.01817012 412.11886478 417.67609118
  417.65862539]
 [420.43376298 436.33866469 420.01817012 412.11886478 417.67609118
  417.65862539]
 [420.43376298 436.33866469 420.01817012 412.11886478 417.67609118
  417.65862539]
 [420.43376298 436.33866469 420.01817012 411.58601157 422.75090161
  417.65862539]
 [420.43376298 436.33866469 420.01817012 412.21392499 418.23069587
  425.20477434]
 [420.43376298 436.40511217 420.01817012 412.11886478 422.75090161
  416.53560359]
 [420.43376298 436.47897035 420.01817012 412.11886478 422.75090161
  425.20477434]
 [420.43376298 436.3229986  420.01817012 412.21392499 417.67609118
  425.20477434]
 [420.43376298 436.33866469 421.86172564 412.21392499 417.67609118
  425.20477434]
 [420.43376298 436.47499326 419.91764762 412.21392499 418.23069587
  425.20477434]
 [420.43376298 436.40511217 419.62112548 412.11886478 418.23069587
  425.20477434]
 [420.43376298 436.33866469 419.91764762 412.21392499 417.67609118
  416.53560359]
 [420.43376298 436.40511217 420.01817012 411.59425479 418.23069587
  417.65862539]
 [420.43376298 436.33866469 423.70677093 411.59425479 422.75090161
  417.65862539]
 [420.43376298 436.47897035 420.01817012 412.21392499 417.87064667
  425.20477434]
 [420.43376298 436.3229986  421.86172564 411.59425479 417.67609118
  417.65862539]]","[-2471.99546022 -2471.99049317 -2471.76470277 -2471.61675061
 -2471.55625781 -2471.55625781 -2471.55625781 -2471.31165739
 -2471.29979241 -2471.17318427 -2471.0963145  -2470.9387341
 -2470.89219933 -2470.75106672 -2470.72176887 -2470.64621851
 -2470.53270384 -2470.49825054 -2470.49663075 -2470.43949732]","[[1.34321968e+01 1.93711868e-03 1.36197629e+02 2.47444696e-02
  9.16853323e+00 1.03764581e+03]
 [1.34321968e+01 1.93711868e-03 1.36197629e+02 2.47444696e-02
  9.16853323e+00 1.03764581e+03]
 [1.34321968e+01 1.93711868e-03 1.36197629e+02 2.47444696e-02
  9.16853323e+00 1.03764581e+03]
 [1.34321968e+01 1.93711868e-03 1.36197629e+02 2.47444696e-02
  9.16853323e+00 1.03764581e+03]
 [1.34321968e+01 1.93711868e-03 1.36197629e+02 2.47444696e-02
  9.16853323e+00 1.03764581e+03]
 [1.34321968e+01 1.93711868e-03 1.36197629e+02 2.47444696e-02
  9.16853323e+00 1.03764581e+03]
 [1.34321968e+01 1.93711868e-03 1.36197629e+02 2.47444696e-02
  9.16853323e+00 1.03764581e+03]
 [1.34321968e+01 1.93711868e-03 1.36197629e+02 2.47444696e-02
  9.16853323e+00 1.03764581e+03]
 [1.34321968e+01 1.93711868e-03 1.36197629e+02 2.47444696e-02
  9.16853323e+00 1.03764581e+03]
 [1.34321968e+01 1.93711868e-03 1.36197629e+02 2.47444696e-02
  9.16853323e+00 1.03764581e+03]
 [1.34321968e+01 1.93711868e-03 1.36197629e+02 2.47444696e-02
  9.16853323e+00 1.03764581e+03]
 [1.34321968e+01 1.93711868e-03 1.36197629e+02 2.47444696e-02
  9.16853323e+00 1.03764581e+03]
 [1.34321968e+01 1.93711868e-03 1.36197629e+02 2.47444696e-02
  9.16853323e+00 1.03764581e+03]
 [1.34321968e+01 1.93711868e-03 1.36197629e+02 2.47444696e-02
  9.16853323e+00 1.03764581e+03]
 [1.34321968e+01 1.93711868e-03 1.36197629e+02 2.47444696e-02
  9.16853323e+00 1.03764581e+03]
 [1.34321968e+01 1.93711868e-03 1.36197629e+02 2.47444696e-02
  9.16853323e+00 1.03764581e+03]
 [1.34321968e+01 1.93711868e-03 1.36197629e+02 2.47444696e-02
  9.16853323e+00 1.03764581e+03]
 [1.34321968e+01 1.93711868e-03 1.36197629e+02 2.47444696e-02
  9.16853323e+00 1.03764581e+03]
 [1.34321968e+01 1.93711868e-03 1.36197629e+02 2.47444696e-02
  9.16853323e+00 1.03764581e+03]
 [1.34321968e+01 1.93711868e-03 1.36197629e+02 2.47444696e-02
  9.16853323e+00 1.03764581e+03]]"
13,14,"[[420.43376298 436.33866469 420.01817012 412.11886478 418.23069587
  422.19391732]
 [420.43376298 436.33866469 419.91764762 412.11886478 418.23069587
  422.19391732]
 [420.43376298 436.33866469 420.01817012 412.21392499 417.87064667
  422.19391732]
 [420.43376298 436.3229986  420.01817012 412.21392499 422.75090161
  417.65862539]
 [420.43376298 436.3229986  420.01817012 412.21392499 422.75090161
  417.65862539]
 [420.43376298 436.33866469 420.01817012 412.11886478 417.67609118
  422.19391732]
 [420.43376298 436.33866469 420.01817012 412.21392499 422.75090161
  417.65862539]
 [420.43376298 436.33866469 420.01817012 412.21392499 422.75090161
  417.65862539]
 [420.43376298 436.33866469 420.01817012 412.21392499 422.75090161
  417.65862539]
 [420.43376298 436.33866469 420.01817012 412.21392499 422.75090161
  417.65862539]
 [420.43376298 436.40511217 420.01817012 412.21392499 417.67609118
  422.19391732]
 [420.43376298 436.40511217 419.91764762 412.21392499 417.67609118
  422.19391732]
 [420.43376298 436.3229986  419.91764762 412.11886478 422.75090161
  417.65862539]
 [420.43376298 436.33866469 420.01817012 412.11886478 422.75090161
  417.65862539]
 [420.43376298 436.33866469 420.01817012 412.11886478 422.75090161
  417.65862539]
 [420.43376298 436.40511217 420.01817012 412.21392499 422.75090161
  417.65862539]
 [420.43376298 436.47897035 420.01817012 412.11886478 417.67609118
  422.19391732]
 [420.43376298 436.47897035 420.01817012 412.11886478 417.67609118
  422.19391732]
 [420.43376298 436.33866469 421.86172564 412.21392499 418.23069587
  417.65862539]
 [420.43376298 436.33866469 420.01817012 412.21392499 418.23069587
  417.65862539]]","[-2473.16774646 -2473.14237389 -2473.1117173  -2472.78912749
 -2472.78912749 -2472.74683224 -2472.72927158 -2472.72927158
 -2472.72927158 -2472.72927158 -2472.70074655 -2472.67537398
 -2472.55530996 -2472.52082662 -2472.52082662 -2472.47474093
 -2472.2081447  -2472.2081447  -2472.19893813 -2472.18561699]","[[1.66785887e+01 1.15102807e-03 2.05124252e+02 1.81803118e-02
  1.10278670e+01 1.85091537e+03]
 [1.66785887e+01 1.15102807e-03 2.05124252e+02 1.81803118e-02
  1.10278670e+01 1.85091537e+03]
 [1.66785887e+01 1.15102807e-03 2.05124252e+02 1.81803118e-02
  1.10278670e+01 1.85091537e+03]
 [1.66785887e+01 1.15102807e-03 2.05124252e+02 1.81803118e-02
  1.10278670e+01 1.85091537e+03]
 [1.66785887e+01 1.15102807e-03 2.05124252e+02 1.81803118e-02
  1.10278670e+01 1.85091537e+03]
 [1.66785887e+01 1.15102807e-03 2.05124252e+02 1.81803118e-02
  1.10278670e+01 1.85091537e+03]
 [1.66785887e+01 1.15102807e-03 2.05124252e+02 1.81803118e-02
  1.10278670e+01 1.85091537e+03]
 [1.66785887e+01 1.15102807e-03 2.05124252e+02 1.81803118e-02
  1.10278670e+01 1.85091537e+03]
 [1.66785887e+01 1.15102807e-03 2.05124252e+02 1.81803118e-02
  1.10278670e+01 1.85091537e+03]
 [1.66785887e+01 1.15102807e-03 2.05124252e+02 1.81803118e-02
  1.10278670e+01 1.85091537e+03]
 [1.66785887e+01 1.15102807e-03 2.05124252e+02 1.81803118e-02
  1.10278670e+01 1.85091537e+03]
 [1.66785887e+01 1.15102807e-03 2.05124252e+02 1.81803118e-02
  1.10278670e+01 1.85091537e+03]
 [1.66785887e+01 1.15102807e-03 2.05124252e+02 1.81803118e-02
  1.10278670e+01 1.85091537e+03]
 [1.66785887e+01 1.15102807e-03 2.05124252e+02 1.81803118e-02
  1.10278670e+01 1.85091537e+03]
 [1.66785887e+01 1.15102807e-03 2.05124252e+02 1.81803118e-02
  1.10278670e+01 1.85091537e+03]
 [1.66785887e+01 1.15102807e-03 2.05124252e+02 1.81803118e-02
  1.10278670e+01 1.85091537e+03]
 [1.66785887e+01 1.15102807e-03 2.05124252e+02 1.81803118e-02
  1.10278670e+01 1.85091537e+03]
 [1.66785887e+01 1.15102807e-03 2.05124252e+02 1.81803118e-02
  1.10278670e+01 1.85091537e+03]
 [1.66785887e+01 1.15102807e-03 2.05124252e+02 1.81803118e-02
  1.10278670e+01 1.85091537e+03]
 [1.66785887e+01 1.15102807e-03 2.05124252e+02 1.81803118e-02
  1.10278670e+01 1.85091537e+03]]"
14,15,"[[420.43376298 436.3229986  420.01817012 412.21392499 422.75090161
  422.19391732]
 [420.43376298 436.3229986  420.01817012 412.21392499 422.75090161
  422.19391732]
 [420.43376298 436.3229986  420.01817012 412.21392499 422.75090161
  422.19391732]
 [420.43376298 436.3229986  420.01817012 412.21392499 422.75090161
  422.19391732]
 [420.43376298 436.33866469 420.01817012 412.21392499 422.75090161
  422.19391732]
 [420.43376298 436.33866469 420.01817012 412.21392499 422.75090161
  422.19391732]
 [420.43376298 436.33866469 420.01817012 412.21392499 422.75090161
  422.19391732]
 [420.43376298 436.33866469 420.01817012 412.21392499 422.75090161
  422.19391732]
 [420.43376298 436.33866469 420.01817012 412.21392499 422.75090161
  422.19391732]
 [420.43376298 436.33866469 420.01817012 412.21392499 422.75090161
  422.19391732]
 [420.43376298 436.33866469 420.01817012 412.21392499 422.75090161
  422.19391732]
 [420.43376298 436.33866469 420.01817012 412.21392499 422.75090161
  422.19391732]
 [420.43376298 436.33866469 420.01817012 412.21392499 422.75090161
  422.19391732]
 [420.43376298 436.33866469 420.01817012 412.21392499 422.75090161
  422.19391732]
 [420.43376298 436.33866469 420.01817012 412.21392499 422.75090161
  422.19391732]
 [420.43376298 436.33866469 420.01817012 412.21392499 422.75090161
  422.19391732]
 [420.43376298 436.33866469 420.01817012 412.21392499 422.75090161
  422.19391732]
 [420.43376298 436.33866469 419.91764762 412.21392499 422.75090161
  422.19391732]
 [420.43376298 436.33866469 419.91764762 412.21392499 422.75090161
  422.19391732]
 [420.43376298 436.3229986  420.01817012 412.11886478 422.75090161
  422.19391732]]","[-2473.97970192 -2473.97970192 -2473.97970192 -2473.97970192
 -2473.91984601 -2473.91984601 -2473.91984601 -2473.91984601
 -2473.91984601 -2473.91984601 -2473.91984601 -2473.91984601
 -2473.91984601 -2473.91984601 -2473.91984601 -2473.91984601
 -2473.91984601 -2473.89447344 -2473.89447344 -2473.77125696]","[[2.07095925e+01 6.83936214e-04 3.08933122e+02 1.33574792e-02
  1.32642645e+01 3.30159646e+03]
 [2.07095925e+01 6.83936214e-04 3.08933122e+02 1.33574792e-02
  1.32642645e+01 3.30159646e+03]
 [2.07095925e+01 6.83936214e-04 3.08933122e+02 1.33574792e-02
  1.32642645e+01 3.30159646e+03]
 [2.07095925e+01 6.83936214e-04 3.08933122e+02 1.33574792e-02
  1.32642645e+01 3.30159646e+03]
 [2.07095925e+01 6.83936214e-04 3.08933122e+02 1.33574792e-02
  1.32642645e+01 3.30159646e+03]
 [2.07095925e+01 6.83936214e-04 3.08933122e+02 1.33574792e-02
  1.32642645e+01 3.30159646e+03]
 [2.07095925e+01 6.83936214e-04 3.08933122e+02 1.33574792e-02
  1.32642645e+01 3.30159646e+03]
 [2.07095925e+01 6.83936214e-04 3.08933122e+02 1.33574792e-02
  1.32642645e+01 3.30159646e+03]
 [2.07095925e+01 6.83936214e-04 3.08933122e+02 1.33574792e-02
  1.32642645e+01 3.30159646e+03]
 [2.07095925e+01 6.83936214e-04 3.08933122e+02 1.33574792e-02
  1.32642645e+01 3.30159646e+03]
 [2.07095925e+01 6.83936214e-04 3.08933122e+02 1.33574792e-02
  1.32642645e+01 3.30159646e+03]
 [2.07095925e+01 6.83936214e-04 3.08933122e+02 1.33574792e-02
  1.32642645e+01 3.30159646e+03]
 [2.07095925e+01 6.83936214e-04 3.08933122e+02 1.33574792e-02
  1.32642645e+01 3.30159646e+03]
 [2.07095925e+01 6.83936214e-04 3.08933122e+02 1.33574792e-02
  1.32642645e+01 3.30159646e+03]
 [2.07095925e+01 6.83936214e-04 3.08933122e+02 1.33574792e-02
  1.32642645e+01 3.30159646e+03]
 [2.07095925e+01 6.83936214e-04 3.08933122e+02 1.33574792e-02
  1.32642645e+01 3.30159646e+03]
 [2.07095925e+01 6.83936214e-04 3.08933122e+02 1.33574792e-02
  1.32642645e+01 3.30159646e+03]
 [2.07095925e+01 6.83936214e-04 3.08933122e+02 1.33574792e-02
  1.32642645e+01 3.30159646e+03]
 [2.07095925e+01 6.83936214e-04 3.08933122e+02 1.33574792e-02
  1.32642645e+01 3.30159646e+03]
 [2.07095925e+01 6.83936214e-04 3.08933122e+02 1.33574792e-02
  1.32642645e+01 3.30159646e+03]]"
15,16,"[[420.43376298 436.3229986  420.01817012 412.21392499 422.75090161
  422.19391732]
 [420.43376298 436.3229986  420.01817012 412.21392499 422.75090161
  422.19391732]
 [420.43376298 436.3229986  420.01817012 412.21392499 422.75090161
  422.19391732]
 [420.43376298 436.3229986  420.01817012 412.21392499 422.75090161
  422.19391732]
 [420.43376298 436.3229986  420.01817012 412.21392499 422.75090161
  422.19391732]
 [420.43376298 436.3229986  420.01817012 412.21392499 422.75090161
  422.19391732]
 [420.43376298 436.3229986  420.01817012 412.21392499 422.75090161
  422.19391732]
 [420.43376298 436.3229986  420.01817012 412.21392499 422.75090161
  422.19391732]
 [420.43376298 436.3229986  420.01817012 412.21392499 422.75090161
  422.19391732]
 [420.43376298 436.3229986  420.01817012 412.21392499 422.75090161
  422.19391732]
 [420.43376298 436.3229986  420.01817012 412.21392499 422.75090161
  422.19391732]
 [420.43376298 436.3229986  420.01817012 412.21392499 422.75090161
  422.19391732]
 [420.43376298 436.3229986  420.01817012 412.21392499 422.75090161
  422.19391732]
 [420.43376298 436.3229986  420.01817012 412.21392499 422.75090161
  422.19391732]
 [420.43376298 436.3229986  420.01817012 412.21392499 422.75090161
  422.19391732]
 [420.43376298 436.3229986  420.01817012 412.21392499 422.75090161
  422.19391732]
 [420.43376298 436.3229986  420.01817012 412.21392499 422.75090161
  422.19391732]
 [420.43376298 436.3229986  420.01817012 412.21392499 422.75090161
  422.19391732]
 [420.43376298 436.3229986  420.01817012 412.21392499 422.75090161
  422.19391732]
 [420.43376298 436.3229986  420.01817012 412.21392499 422.75090161
  422.19391732]]","[-2473.97970192 -2473.97970192 -2473.97970192 -2473.97970192
 -2473.97970192 -2473.97970192 -2473.97970192 -2473.97970192
 -2473.97970192 -2473.97970192 -2473.97970192 -2473.97970192
 -2473.97970192 -2473.97970192 -2473.97970192 -2473.97970192
 -2473.97970192 -2473.97970192 -2473.97970192 -2473.97970192]","[[2.57148388e+01 4.06392127e-04 4.65277376e+02 9.81403688e-03
  1.59541925e+01 5.88926937e+03]
 [2.57148388e+01 4.06392127e-04 4.65277376e+02 9.81403688e-03
  1.59541925e+01 5.88926937e+03]
 [2.57148388e+01 4.06392127e-04 4.65277376e+02 9.81403688e-03
  1.59541925e+01 5.88926937e+03]
 [2.57148388e+01 4.06392127e-04 4.65277376e+02 9.81403688e-03
  1.59541925e+01 5.88926937e+03]
 [2.57148388e+01 4.06392127e-04 4.65277376e+02 9.81403688e-03
  1.59541925e+01 5.88926937e+03]
 [2.57148388e+01 4.06392127e-04 4.65277376e+02 9.81403688e-03
  1.59541925e+01 5.88926937e+03]
 [2.57148388e+01 4.06392127e-04 4.65277376e+02 9.81403688e-03
  1.59541925e+01 5.88926937e+03]
 [2.57148388e+01 4.06392127e-04 4.65277376e+02 9.81403688e-03
  1.59541925e+01 5.88926937e+03]
 [2.57148388e+01 4.06392127e-04 4.65277376e+02 9.81403688e-03
  1.59541925e+01 5.88926937e+03]
 [2.57148388e+01 4.06392127e-04 4.65277376e+02 9.81403688e-03
  1.59541925e+01 5.88926937e+03]
 [2.57148388e+01 4.06392127e-04 4.65277376e+02 9.81403688e-03
  1.59541925e+01 5.88926937e+03]
 [2.57148388e+01 4.06392127e-04 4.65277376e+02 9.81403688e-03
  1.59541925e+01 5.88926937e+03]
 [2.57148388e+01 4.06392127e-04 4.65277376e+02 9.81403688e-03
  1.59541925e+01 5.88926937e+03]
 [2.57148388e+01 4.06392127e-04 4.65277376e+02 9.81403688e-03
  1.59541925e+01 5.88926937e+03]
 [2.57148388e+01 4.06392127e-04 4.65277376e+02 9.81403688e-03
  1.59541925e+01 5.88926937e+03]
 [2.57148388e+01 4.06392127e-04 4.65277376e+02 9.81403688e-03
  1.59541925e+01 5.88926937e+03]
 [2.57148388e+01 4.06392127e-04 4.65277376e+02 9.81403688e-03
  1.59541925e+01 5.88926937e+03]
 [2.57148388e+01 4.06392127e-04 4.65277376e+02 9.81403688e-03
  1.59541925e+01 5.88926937e+03]
 [2.57148388e+01 4.06392127e-04 4.65277376e+02 9.81403688e-03
  1.59541925e+01 5.88926937e+03]
 [2.57148388e+01 4.06392127e-04 4.65277376e+02 9.81403688e-03
  1.59541925e+01 5.88926937e+03]]"
