,population,best_x,best_energy,running_time
0,18,[420.93054074 441.39598377],-785.9838711210836,0.181018
1,63,[421.02500599 436.12605303],-809.1373610185843,0.650173
2,28,[420.56719597 424.61253176],-836.2688386833966,0.299337
3,11,[420.94849134 420.98351872],-837.9656952402063,0.168109
4,36,[412.00655594 406.88616801],-803.2680133453043,0.373627
5,90,[420.87756406 423.12582923],-837.3772425902398,0.840991
6,41,[ 442.61428684 -286.86062237],-631.0021583745574,0.353571
7,23,[ 389.18074575 -317.20435285],-572.936980463138,0.194012
8,9,[420.97270926 432.0420554 ],-822.5221185253563,0.074987
9,8,[421.24011973 421.04061006],-837.955829332542,0.063009
10,14,[392.50585523 421.52981617],-740.9761410621106,0.117213
11,18,[ 380.65009846 -322.8834089 ],-482.5755294651725,0.152783
12,15,[415.21099224 403.31329497],-795.3510201104496,0.180221
13,11,[421.55407038 457.96724206],-674.1073408236047,0.151888
14,16,[379.82707201 417.27057715],-643.9689140065999,0.243909
15,27,[421.31959532 421.14459478],-837.9463377938732,0.514804
16,14,[420.54320612 421.09545265],-837.9409027045464,0.244916
17,10,[ 421.02980443 -296.87408434],-715.5041594366393,0.081005
18,14,[415.37366528 401.69603085],-788.3861486256841,0.113997
19,67,[412.15178924 448.16901956],-737.2722916418218,0.625995
20,10,[421.43311037 419.13206993],-837.5132685985317,0.090005
21,29,[423.55857674 397.10630005],-767.9863686665365,0.251
22,23,[412.35280603 421.05540441],-828.6637930437084,0.197
23,8,[406.93347135 421.11404164],-813.4876290282805,0.064995
24,15,[421.66419224 429.21656512],-829.3228727393738,0.131017
25,8,[400.01861787 422.88334198],-783.7911203702199,0.068993
26,14,[-298.12805243  400.66517316],-666.5577723200722,0.127017
27,21,[421.1174038  420.68298551],-837.9526829753229,0.179979
28,16,[421.16711336 417.22045105],-836.1917776460776,0.133002
29,7,[411.45679368 394.71994913],-743.5911305553545,0.062994
30,11,[427.92179945 423.50721357],-831.0502504025134,0.104002
31,15,[420.68814696 421.02957752],-837.9553735229493,0.133937
32,25,[-300.13422103  419.93026597],-718.6687887241258,0.247739
33,10,[ 421.44871435 -302.1189958 ],-719.477501412418,0.093467
34,13,[428.21103471 420.9205228 ],-831.3459962074512,0.122012
35,11,[421.06562898 449.77466558],-736.3387135930857,0.103985
36,13,[420.78968455 420.48485175],-837.9321884623139,0.115141
37,15,[426.19176828 420.85893284],-834.5197615664612,0.130906
38,11,[436.05222641 431.89870012],-794.3676541973874,0.093906
39,9,[421.68494586 422.55178804],-837.5846622104912,0.069006
40,7,[417.89061115 421.4506202 ],-836.7428775200195,0.051953
41,20,[420.88838328 440.98316919],-788.0298915950658,0.165024
42,48,[421.03857206 437.96509981],-801.7975574193072,0.444105
43,16,[408.92860257 424.67900211],-818.153785438211,0.131184
44,15,[405.48049649 426.97911655],-803.682204532935,0.138805
45,15,[432.61053481 422.22368143],-820.7041456064485,0.141
46,18,[420.9124241  416.57833044],-835.539563195789,0.175001
47,35,[-302.62965274  423.34502214],-718.8130828550984,0.301023
48,20,[406.5271062  452.92307902],-688.030674313136,0.184979
49,12,[-302.02834662  420.85060349],-719.4944568833469,0.100998
