,population,parents,parents_energy,parents_sigma
0,1,"[[ 402.60586032  482.08036196]
 [-326.09176825   69.45283962]
 [-332.52044003   57.39377203]
 [-346.46795706  221.51410987]
 [ 165.08605202  219.57708484]
 [-144.8946875   472.51534462]
 [-363.39156209 -269.90043793]
 [ 217.11464448  128.30536277]
 [-167.73395315 -116.807032  ]
 [-101.03935931  -81.52188252]
 [ 114.53765782 -125.15275396]
 [ 173.36307346  258.21549959]
 [  82.42820733  -74.00895828]
 [ -70.1782135   156.93646087]
 [ 109.58762937   85.0783636 ]
 [-367.71230837   47.14068555]
 [ 137.04906601  141.43678174]
 [-170.05729021 -455.80050971]
 [-430.70330248   -9.40899304]
 [-430.19000507 -359.47965844]]","[-394.24103563 -293.60357467 -246.87943755 -243.63247283 -216.57675613
 -191.75203598 -101.19039275  -58.16608206  -51.78256715  -27.85336023
  -13.21792578   -6.70742774   26.27136026   66.89784178   77.72520325
   91.91483434  192.05801353  350.46722207  407.73471566  447.86426788]","[[1. 1.]
 [1. 1.]
 [1. 1.]
 [1. 1.]
 [1. 1.]
 [1. 1.]
 [1. 1.]
 [1. 1.]
 [1. 1.]
 [1. 1.]
 [1. 1.]
 [1. 1.]
 [1. 1.]
 [1. 1.]
 [1. 1.]
 [1. 1.]
 [1. 1.]
 [1. 1.]
 [1. 1.]
 [1. 1.]]"
1,2,"[[ 403.82152909  222.50319226]
 [ 401.08973661   68.75748355]
 [ 406.48733026   46.64618453]
 [ 404.56863697  481.33838993]
 [ 402.54961459   48.38082352]
 [ 402.60586032  482.08036196]
 [ 402.10854506  -83.76662973]
 [ 402.4212929   -80.49104494]
 [-325.18697537   68.52355416]
 [ 403.68151769  142.45696184]
 [-326.09176825   69.45283962]
 [ 177.11343344  219.14525959]
 [-103.53571727 -272.32136743]
 [ 400.8873      128.08597906]
 [-332.52044003   57.39377203]
 [-346.46795706  221.51410987]
 [-146.17587499  218.52589711]
 [-326.568476    482.89191419]
 [-102.30827414  219.41814647]
 [-343.89039926  472.03838052]]","[-540.95492767 -432.75880183 -417.19483366 -410.60391908 -407.34549925
 -394.24103563 -352.69488914 -341.40220523 -299.46493629 -298.06823081
 -293.60357467 -291.95138089 -264.85727114 -248.0192291  -246.87943755
 -243.63247283 -241.55244553 -237.17893002 -236.33982315 -226.85426429]","[[1.84181448 0.98775743]
 [1.84181448 0.98775743]
 [1.84181448 0.98775743]
 [1.84181448 0.98775743]
 [1.84181448 0.98775743]
 [1.         1.        ]
 [1.84181448 0.98775743]
 [1.84181448 0.98775743]
 [1.84181448 0.98775743]
 [1.84181448 0.98775743]
 [1.         1.        ]
 [1.84181448 0.98775743]
 [1.84181448 0.98775743]
 [1.84181448 0.98775743]
 [1.         1.        ]
 [1.         1.        ]
 [1.84181448 0.98775743]
 [1.84181448 0.98775743]
 [1.84181448 0.98775743]
 [1.84181448 0.98775743]]"
2,3,"[[ 404.47780024 -274.96344532]
 [ 403.14846542 -273.27725426]
 [ 405.89579867 -271.05925119]
 [ 402.47019276 -272.27258428]
 [ 410.49433545  221.175892  ]
 [ 401.78204564 -272.19929024]
 [ 405.38236608  218.82690832]
 [ 407.42140298  220.73101463]
 [ 405.69965123  219.32168605]
 [ 406.20324256  219.98447454]
 [ 399.41473504 -273.00115363]
 [ 408.42799171  221.96559561]
 [ 404.87276639  220.03316623]
 [ 403.89186822  219.62639054]
 [ 399.8669087  -271.47520799]
 [ 406.07682721  221.86805391]
 [ 404.25841852  220.46983558]
 [ 403.74026392  220.03854654]
 [ 402.53920897  219.08282257]
 [ 404.98102083  221.64182372]]","[-596.23592775 -580.21743684 -576.74378655 -570.78610155 -569.37359148
 -567.18936803 -562.34387979 -562.12788843 -561.6716932  -560.93243648
 -560.8484155  -560.07432728 -555.72807584 -553.379913   -553.21058428
 -552.58549661 -551.51433766 -551.12367276 -549.66004063 -549.44509109]","[[3.39228058 0.98171108]
 [1.84181448 0.97566474]
 [3.39228058 0.97566474]
 [3.39228058 0.98171108]
 [3.39228058 0.97566474]
 [3.39228058 0.97566474]
 [2.61704753 0.97566474]
 [3.39228058 0.97566474]
 [2.61704753 0.98171108]
 [3.39228058 0.97566474]
 [3.39228058 0.97566474]
 [2.61704753 0.97566474]
 [3.39228058 0.98171108]
 [3.39228058 0.97566474]
 [3.39228058 0.97566474]
 [3.39228058 0.97566474]
 [2.61704753 0.97566474]
 [1.84181448 0.97566474]
 [3.39228058 0.98171108]
 [3.39228058 0.98775743]]"
3,4,"[[ 418.38110852 -276.7297047 ]
 [ 410.91318052 -276.74248752]
 [ 412.47618222 -275.19059629]
 [ 412.27615782 -274.70225623]
 [ 406.88003849 -277.25982563]
 [ 413.80002736 -273.48732841]
 [ 421.21071058 -272.12520059]
 [ 415.21592356 -272.51208252]
 [ 411.1362077  -273.67483942]
 [ 406.29368667 -275.65208267]
 [ 415.61903724 -271.75285417]
 [ 408.91966877 -273.97975167]
 [ 406.97068507 -274.72105951]
 [ 408.71700017 -273.42427188]
 [ 410.1952762  -272.74871496]
 [ 408.6735254  -273.27145666]
 [ 415.70437678 -270.78356054]
 [ 404.47780024 -274.96344532]
 [ 403.93629456 -275.28516107]
 [ 418.53713466  217.95400782]]","[-639.51228729 -627.78555911 -622.20384526 -618.80141481 -618.7417492
 -614.25348261 -611.94590839 -610.30683929 -609.79236769 -607.29052982
 -605.91517068 -605.69706765 -604.03546373 -601.5964652  -601.49372567
 -600.49558409 -599.58630708 -596.23592775 -595.98232477 -594.85018191]","[[6.24795149 0.96969241]
 [6.24795149 0.96670625]
 [5.53403377 0.96372009]
 [6.24795149 0.96670625]
 [5.53403377 0.96372009]
 [4.82011604 0.96372009]
 [6.24795149 0.96670625]
 [4.82011604 0.96372009]
 [4.82011604 0.96372009]
 [6.24795149 0.96670625]
 [4.82011604 0.96372009]
 [6.24795149 0.96372009]
 [5.53403377 0.96670625]
 [6.24795149 0.96372009]
 [3.39228058 0.96372009]
 [5.53403377 0.96372009]
 [5.53403377 0.96670625]
 [3.39228058 0.98171108]
 [6.24795149 0.96372009]
 [6.24795149 0.96670625]]"
4,5,"[[ 423.51814353 -278.06416662]
 [ 418.71962747 -277.21286645]
 [ 424.93364933 -277.17736062]
 [ 424.2793262  -277.02032704]
 [ 417.62042634 -276.86453501]
 [ 418.38110852 -276.7297047 ]
 [ 422.56360124 -276.56849045]
 [ 414.23020577 -277.47799317]
 [ 416.15529135 -276.96173962]
 [ 421.00457948 -276.20543109]
 [ 414.97183324 -276.72922469]
 [ 415.89755651 -276.2860661 ]
 [ 415.2135391  -276.39984133]
 [ 428.69715761 -276.92559709]
 [ 414.1989134  -276.56043529]
 [ 427.98680209 -276.61646427]
 [ 422.19442793 -275.4507858 ]
 [ 410.90909502 -277.51568511]
 [ 411.21097922 -277.31045097]
 [ 423.87370591 -275.34425621]]","[-647.10701284 -642.49615209 -640.94588402 -640.64775656 -639.723237
 -639.51228729 -639.09913198 -638.9387997  -638.78034193 -637.29623746
 -635.83405414 -634.53552766 -634.27320556 -633.95052781 -633.61872336
 -633.48280603 -632.62083665 -632.19904245 -631.77816954 -631.10399241]","[[10.19266352  0.95339648]
 [11.50756753  0.95339648]
 [10.85011553  0.95339648]
 [10.19266352  0.95487128]
 [11.50756753  0.95339648]
 [ 6.24795149  0.96969241]
 [ 8.22030751  0.96228185]
 [10.85011553  0.95339648]
 [10.19266352  0.95487128]
 [ 8.22030751  0.95339648]
 [ 9.53521152  0.96080705]
 [10.85011553  0.95192168]
 [10.85011553  0.95192168]
 [10.85011553  0.95192168]
 [10.19266352  0.95339648]
 [10.19266352  0.95339648]
 [ 9.53521152  0.95192168]
 [10.85011553  0.95339648]
 [10.85011553  0.95487128]
 [10.85011553  0.95192168]]"
5,6,"[[ 420.51922826 -280.34403352]
 [ 426.24050311 -279.28048045]
 [ 419.79092843 -278.0436512 ]
 [ 423.51814353 -278.06416662]
 [ 419.66869365 -277.90560744]
 [ 412.73716409 -279.34035931]
 [ 425.05157475 -277.83514911]
 [ 424.69449909 -277.71540507]
 [ 425.70790847 -277.86195953]
 [ 423.8558413  -277.50418369]
 [ 420.36134449 -277.32330235]
 [ 413.03081453 -278.68638709]
 [ 424.1813469  -277.43846481]
 [ 416.20335835 -277.6057843 ]
 [ 418.71962747 -277.21286645]
 [ 426.12523818 -277.66726303]
 [ 415.47664813 -277.73967055]
 [ 427.63555724 -277.95074926]
 [ 424.93364933 -277.17736062]
 [ 424.2793262  -277.02032704]]","[-660.08821975 -651.04051794 -647.63870752 -647.10701284 -646.83143484
 -646.37473838 -644.54575184 -644.22642458 -643.96467373 -643.73622669
 -643.71635484 -643.44774677 -643.11343991 -642.50544516 -642.49615209
 -642.35131159 -642.32330171 -641.68615222 -640.94588402 -640.64775656]","[[18.16754296  0.94172446]
 [15.74573371  0.944656  ]
 [19.37844758  0.94172446]
 [10.19266352  0.95339648]
 [18.77299527  0.94099608]
 [19.9838999   0.94099608]
 [17.56209065  0.94611275]
 [19.37844758  0.94245283]
 [18.16754296  0.94099608]
 [19.9838999   0.94172446]
 [19.37844758  0.94099608]
 [18.77299527  0.94172446]
 [16.35118603  0.94172446]
 [20.58935221  0.94172446]
 [11.50756753  0.95339648]
 [17.56209065  0.94099608]
 [17.56209065  0.94172446]
 [19.37844758  0.94611275]
 [10.85011553  0.95339648]
 [10.19266352  0.95487128]]"
6,7,"[[ 420.51922826 -280.34403352]
 [ 423.94526765 -280.35727145]
 [ 421.84278227 -279.57644813]
 [ 417.28116433 -279.46079902]
 [ 419.42776297 -279.11305227]
 [ 420.75043728 -278.69787074]
 [ 426.24050311 -279.28048045]
 [ 420.39558713 -278.52481684]
 [ 416.2081696  -278.9202189 ]
 [ 411.56274927 -280.17832802]
 [ 419.79092843 -278.0436512 ]
 [ 426.92879414 -278.73767315]
 [ 423.51814353 -278.06416662]
 [ 424.62253289 -278.18314966]
 [ 423.17029844 -277.98406656]
 [ 419.66869365 -277.90560744]
 [ 425.63143935 -278.33955114]
 [ 427.86002177 -278.89431221]
 [ 412.73716409 -279.34035931]
 [ 429.47020758 -279.34589602]]","[-660.08821975 -659.06288312 -656.0230208  -653.79570567 -653.35480754
 -651.40558368 -651.04051794 -650.42601756 -649.76538618 -648.18736101
 -647.63870752 -647.14335759 -647.10701284 -646.90155875 -646.87015998
 -646.83143484 -646.7053838  -646.48260663 -646.37473838 -645.78119298]","[[18.16754296  0.94172446]
 [24.49231013  0.93019533]
 [32.90367828  0.93668826]
 [19.9838999   0.9431812 ]
 [35.69150537  0.93560016]
 [25.55955407  0.9298356 ]
 [15.74573371  0.944656  ]
 [35.13393995  0.9298356 ]
 [32.90367828  0.93236261]
 [27.88558953  0.93019533]
 [19.37844758  0.94172446]
 [34.01880912  0.93236261]
 [10.19266352  0.95339648]
 [25.55955407  0.93595989]
 [36.8066362   0.93236261]
 [18.77299527  0.94099608]
 [34.01880912  0.9298356 ]
 [34.01880912  0.93560016]
 [19.9838999   0.94099608]
 [35.69150537  0.93019533]]"
7,8,"[[ 417.68570123 -280.85326454]
 [ 416.54379778 -280.98181636]
 [ 420.51922826 -280.34403352]
 [ 430.69302818 -282.77424331]
 [ 423.94526765 -280.35727145]
 [ 418.38480881 -280.26102559]
 [ 424.62253289 -280.35727145]
 [ 420.26228509 -279.68712517]
 [ 422.36754432 -279.67950655]
 [ 428.43658847 -280.94373667]
 [ 420.39558713 -279.57644813]
 [ 421.84278227 -279.57644813]
 [ 427.83722769 -280.32891163]
 [ 419.91035289 -279.19214932]
 [ 417.28116433 -279.46079902]
 [ 419.42776297 -279.11305227]
 [ 427.03536934 -279.89725486]
 [ 423.31100722 -278.97564016]
 [ 421.18253346 -278.83010431]
 [ 420.75043728 -278.69787074]]","[-661.34365229 -660.88244974 -660.08821975 -660.08209518 -659.06288312
 -658.84581309 -658.49580231 -656.63931477 -656.41522321 -656.11803496
 -656.07800309 -656.0230208  -654.08160053 -653.93657514 -653.79570567
 -653.35480754 -653.15612255 -652.2228204  -652.1235542  -651.40558368]","[[27.78981574  0.91862968]
 [62.65633523  0.92594916]
 [18.16754296  0.94172446]
 [61.62940317  0.92450133]
 [24.49231013  0.93019533]
 [44.80159574  0.92770806]
 [53.88331334  0.92272471]
 [55.98127685  0.9269886 ]
 [64.19673332  0.93164316]
 [54.86614601  0.92522079]
 [64.19673332  0.92147668]
 [32.90367828  0.93668826]
 [18.77299527  0.92414161]
 [67.79099553  0.9218364 ]
 [19.9838999   0.9431812 ]
 [35.69150537  0.93560016]
 [65.22366538  0.92254705]
 [56.4065441   0.92521198]
 [27.78981574  0.92486106]
 [25.55955407  0.9298356 ]]"
8,9,"[[ 412.79925369 -285.09287023]
 [ 420.51922826 -282.77424331]
 [ 420.88071032 -282.28127439]
 [ 431.40087429 -283.99640021]
 [ 418.18728157 -281.26998628]
 [ 422.36754432 -280.98181636]
 [ 416.61407394 -281.23575633]
 [ 417.68570123 -280.85326454]
 [ 418.80299324 -280.64281347]
 [ 416.54379778 -280.98181636]
 [ 420.51922826 -280.34403352]
 [ 430.69302818 -282.77424331]
 [ 423.94526765 -280.35727145]
 [ 418.38480881 -280.26102559]
 [ 424.62253289 -280.35727145]
 [ 416.54610229 -280.46478275]
 [ 419.42776297 -279.89725486]
 [ 424.80162749 -280.16290682]
 [ 420.26228509 -279.68712517]
 [ 422.36754432 -279.67950655]]","[-673.8582081  -671.97700407 -669.68501068 -663.81784277 -663.80638979
 -663.09949659 -662.22508002 -661.34365229 -661.04674779 -660.88244974
 -660.08821975 -660.08209518 -659.06288312 -658.84581309 -658.49580231
 -658.270314   -657.5030214  -657.32618347 -656.63931477 -656.41522321]","[[ 77.35313295   0.91266095]
 [ 87.05619915   0.92078566]
 [119.18418219   0.92144347]
 [ 75.2133759    0.91494446]
 [ 60.60247111   0.92789012]
 [ 84.71107903   0.91098947]
 [100.14816449   0.91616851]
 [ 27.78981574   0.91862968]
 [ 67.81481837   0.91345064]
 [ 62.65633523   0.92594916]
 [ 18.16754296   0.94172446]
 [ 61.62940317   0.92450133]
 [ 24.49231013   0.93019533]
 [ 44.80159574   0.92770806]
 [ 53.88331334   0.92272471]
 [ 82.49009909   0.91055076]
 [112.95584971   0.92204452]
 [ 76.40742378   0.91441147]
 [ 55.98127685   0.9269886 ]
 [ 64.19673332   0.93164316]]"
9,10,"[[ 422.36754432 -285.09287023]
 [ 418.38480881 -285.09287023]
 [ 424.62253289 -285.09287023]
 [ 418.35794735 -284.65932988]
 [ 418.65445997 -283.71171592]
 [ 422.09964247 -283.23171868]
 [ 412.79925369 -285.09287023]
 [ 420.51922826 -282.77424331]
 [ 418.80299324 -282.77424331]
 [ 418.80299324 -282.77424331]
 [ 424.80162749 -282.77424331]
 [ 420.88071032 -282.28127439]
 [ 422.36754432 -282.28127439]
 [ 428.57781482 -283.62762959]
 [ 431.40087429 -285.09287023]
 [ 429.08920183 -283.70872736]
 [ 420.62636861 -281.53865409]
 [ 420.63919634 -281.27427196]
 [ 422.00748079 -281.28174606]
 [ 419.42776297 -281.23575633]]","[-681.97794938 -681.38358033 -680.53914373 -679.54038354 -675.5956477
 -673.94648864 -673.8582081  -671.97700407 -671.4112677  -671.4112677
 -670.14737012 -669.68501068 -669.43898479 -668.58928019 -668.51198036
 -667.93805534 -666.08928165 -664.78870106 -664.70319554 -664.31219851]","[[184.45433953   0.91608512]
 [ 92.91929549   0.90482547]
 [128.38377894   0.9105375 ]
 [ 90.87964727   0.90930909]
 [160.3413682    0.90445807]
 [ 92.69635134   0.93019533]
 [ 77.35313295   0.91266095]
 [ 87.05619915   0.92078566]
 [126.01950601   0.91608512]
 [121.91771293   0.90235218]
 [137.87135686   0.91079541]
 [119.18418219   0.92144347]
 [133.68621741   0.90582513]
 [ 96.90130595   0.90621514]
 [166.47301705   0.90856376]
 [121.42879799   0.90131   ]
 [125.07379685   0.90408449]
 [165.56683072   0.91644044]
 [ 77.14540568   0.91397928]
 [118.26041165   0.90733535]]"
10,11,"[[ 420.63919634 -285.09287023]
 [ 422.09964247 -285.09287023]
 [ 422.36754432 -285.09287023]
 [ 422.36754432 -285.09287023]
 [ 418.38480881 -285.09287023]
 [ 418.38480881 -285.09287023]
 [ 424.62253289 -285.09287023]
 [ 424.62253289 -285.09287023]
 [ 424.80162749 -285.09287023]
 [ 422.36754432 -284.65932988]
 [ 422.36754432 -284.65932988]
 [ 418.80299324 -284.65932988]
 [ 418.38480881 -284.65932988]
 [ 418.38480881 -284.65932988]
 [ 418.35794735 -284.65932988]
 [ 414.3539309  -285.75890239]
 [ 424.80162749 -284.65932988]
 [ 428.35062756 -285.65089809]
 [ 420.88071032 -283.71171592]
 [ 420.51922826 -283.71171592]]","[-682.21125107 -682.06351395 -681.97794938 -681.97794938 -681.38358033
 -681.38358033 -680.53914373 -680.53914373 -680.36982646 -680.15232166
 -680.15232166 -679.80809631 -679.5579526  -679.5579526  -679.54038354
 -679.45617618 -678.54419873 -677.6388133  -676.26971478 -676.24519991]","[[193.44930145   0.89761786]
 [236.72430704   0.89826895]
 [184.45433953   0.91608512]
 [182.86842187   0.89443441]
 [ 92.91929549   0.90482547]
 [195.32762826   0.8932129 ]
 [193.44930145   0.90043891]
 [128.38377894   0.9105375 ]
 [228.32718003   0.90983775]
 [224.34996933   0.90230552]
 [230.50445608   0.90627771]
 [218.70328951   0.89669651]
 [203.59429263   0.91183861]
 [167.38345031   0.89826895]
 [ 90.87964727   0.90930909]
 [198.99469053   0.90812397]
 [265.13086593   0.89930898]
 [234.28182704   0.91183861]
 [264.74659769   0.89620317]
 [189.27331418   0.90400534]]"
11,12,"[[ 422.36754432 -285.75890239]
 [ 420.63919634 -285.65089809]
 [ 418.80299324 -285.75890239]
 [ 422.36754432 -285.65089809]
 [ 422.36754432 -285.65089809]
 [ 418.35794735 -285.75890239]
 [ 418.80299324 -285.65089809]
 [ 418.38480881 -285.65089809]
 [ 418.38480881 -285.65089809]
 [ 424.62253289 -285.75890239]
 [ 424.62253289 -285.75890239]
 [ 424.80162749 -285.65089809]
 [ 420.88071032 -285.09287023]
 [ 420.88071032 -285.09287023]
 [ 420.88071032 -285.09287023]
 [ 420.63919634 -285.09287023]
 [ 420.63919634 -285.09287023]
 [ 420.51922826 -285.09287023]
 [ 422.09964247 -285.09287023]
 [ 422.09964247 -285.09287023]]","[-684.70419793 -684.50190102 -684.35997258 -684.26859933 -684.26859933
 -684.0922598  -683.92437398 -683.67423027 -683.67423027 -683.26539228
 -683.26539228 -682.6604764  -682.22397527 -682.22397527 -682.22397527
 -682.21125107 -682.21125107 -682.1994604  -682.06351395 -682.06351395]","[[487.96799265   0.88737161]
 [366.41785378   0.88824516]
 [397.87975536   0.90002621]
 [386.40598198   0.89446531]
 [397.87975536   0.88760783]
 [268.82570323   0.8852884 ]
 [297.84327447   0.89136242]
 [386.57638791   0.8903371 ]
 [427.41658529   0.89272432]
 [378.67300692   0.89024522]
 [263.71891428   0.89446531]
 [431.29851677   0.89942609]
 [436.00225657   0.89050996]
 [365.64032046   0.89596245]
 [450.76644512   0.8939736 ]
 [301.48520281   0.88977905]
 [193.44930145   0.89761786]
 [332.29349359   0.88978335]
 [259.87321737   0.89616408]
 [427.06270989   0.89298541]]"
12,13,"[[ 420.39914586 -285.86534426]
 [ 420.88071032 -285.75890239]
 [ 420.88071032 -285.75890239]
 [ 420.63919634 -285.75890239]
 [ 420.63919634 -285.75890239]
 [ 420.51922826 -285.75890239]
 [ 422.36754432 -285.75890239]
 [ 420.88071032 -285.65089809]
 [ 420.88071032 -285.65089809]
 [ 420.88071032 -285.65089809]
 [ 420.88071032 -285.65089809]
 [ 420.88071032 -285.65089809]
 [ 420.63919634 -285.65089809]
 [ 420.63919634 -285.65089809]
 [ 420.63919634 -285.65089809]
 [ 418.80299324 -285.75890239]
 [ 418.80299324 -285.75890239]
 [ 418.80299324 -285.75890239]
 [ 418.80299324 -285.75890239]
 [ 422.09964247 -285.65089809]]","[-685.33709841 -684.95022381 -684.95022381 -684.93749962 -684.93749962
 -684.92570894 -684.70419793 -684.51462521 -684.51462521 -684.51462521
 -684.51462521 -684.51462521 -684.50190102 -684.50190102 -684.50190102
 -684.35997258 -684.35997258 -684.35997258 -684.35997258 -684.35416389]","[[672.42183155   0.88596478]
 [808.39922449   0.87911822]
 [786.89616952   0.88128174]
 [688.69238482   0.88046942]
 [787.22205594   0.88085031]
 [644.05025351   0.88131844]
 [487.96799265   0.88737161]
 [521.84956436   0.87971187]
 [760.02137541   0.8793917 ]
 [633.48397254   0.87693932]
 [486.88266386   0.88392594]
 [850.89089222   0.88156129]
 [366.41785378   0.88824516]
 [571.75989029   0.88275729]
 [689.40011084   0.88591072]
 [803.03526962   0.87926815]
 [644.05025351   0.88298752]
 [711.68813292   0.87924897]
 [397.87975536   0.90002621]
 [738.95448929   0.88327191]]"
13,14,"[[ 420.88071032 -285.86534426]
 [ 420.88071032 -285.86534426]
 [ 420.63919634 -285.86534426]
 [ 420.63919634 -285.86534426]
 [ 420.39914586 -285.86534426]
 [ 420.88071032 -285.75890239]
 [ 420.88071032 -285.75890239]
 [ 420.88071032 -285.75890239]
 [ 420.88071032 -285.75890239]
 [ 420.88071032 -285.75890239]
 [ 420.88071032 -285.75890239]
 [ 420.88071032 -285.75890239]
 [ 420.88071032 -285.75890239]
 [ 420.88071032 -285.75890239]
 [ 420.88071032 -285.75890239]
 [ 420.88071032 -285.75890239]
 [ 420.88071032 -285.75890239]
 [ 420.88071032 -285.75890239]
 [ 420.88071032 -285.75890239]
 [ 420.63919634 -285.75890239]]","[-685.37705042 -685.37705042 -685.36432622 -685.36432622 -685.33709841
 -684.95022381 -684.95022381 -684.95022381 -684.95022381 -684.95022381
 -684.95022381 -684.95022381 -684.95022381 -684.95022381 -684.95022381
 -684.95022381 -684.95022381 -684.95022381 -684.95022381 -684.93749962]","[[1.22798409e+03 8.72998221e-01]
 [1.20704636e+03 8.79768207e-01]
 [1.27099852e+03 8.69504185e-01]
 [1.25119620e+03 8.73638304e-01]
 [6.72421832e+02 8.85964777e-01]
 [1.06761190e+03 8.68134886e-01]
 [8.08399224e+02 8.79118218e-01]
 [1.27099852e+03 8.70634113e-01]
 [7.86896170e+02 8.81281742e-01]
 [1.11544860e+03 8.71353158e-01]
 [1.44961687e+03 8.70542038e-01]
 [1.19283447e+03 8.68713314e-01]
 [1.46417937e+03 8.72823564e-01]
 [1.23877873e+03 8.71784272e-01]
 [1.17403164e+03 8.71585426e-01]
 [1.28962056e+03 8.70729981e-01]
 [1.17333226e+03 8.69076700e-01]
 [1.47904199e+03 8.73931671e-01]
 [1.03734604e+03 8.68713314e-01]
 [9.56674988e+02 8.73761641e-01]]"
14,15,"[[ 416.23512524 -286.64206983]
 [ 420.88071032 -285.86534426]
 [ 420.88071032 -285.86534426]
 [ 420.88071032 -285.86534426]
 [ 420.88071032 -285.86534426]
 [ 420.88071032 -285.86534426]
 [ 420.88071032 -285.86534426]
 [ 420.88071032 -285.86534426]
 [ 420.88071032 -285.86534426]
 [ 420.88071032 -285.86534426]
 [ 420.88071032 -285.86534426]
 [ 420.88071032 -285.86534426]
 [ 420.88071032 -285.86534426]
 [ 420.88071032 -285.86534426]
 [ 420.88071032 -285.86534426]
 [ 420.88071032 -285.86534426]
 [ 420.88071032 -285.86534426]
 [ 420.88071032 -285.86534426]
 [ 420.88071032 -285.86534426]
 [ 420.63919634 -285.86534426]]","[-685.59889967 -685.37705042 -685.37705042 -685.37705042 -685.37705042
 -685.37705042 -685.37705042 -685.37705042 -685.37705042 -685.37705042
 -685.37705042 -685.37705042 -685.37705042 -685.37705042 -685.37705042
 -685.37705042 -685.37705042 -685.37705042 -685.37705042 -685.36432622]","[[2.50286078e+03 8.59929838e-01]
 [2.08671885e+03 8.69175395e-01]
 [1.80685904e+03 8.59772386e-01]
 [2.68333606e+03 8.60571290e-01]
 [2.32270738e+03 8.58078029e-01]
 [1.77147377e+03 8.61624674e-01]
 [1.20704636e+03 8.79768207e-01]
 [2.25164598e+03 8.60834733e-01]
 [2.01039622e+03 8.59309036e-01]
 [1.96218316e+03 8.67594148e-01]
 [1.22798409e+03 8.72998221e-01]
 [1.96153910e+03 8.60377781e-01]
 [1.70041237e+03 8.61411756e-01]
 [2.28204947e+03 8.58468623e-01]
 [1.86418045e+03 8.69424069e-01]
 [2.19769643e+03 8.61459018e-01]
 [1.86545868e+03 8.66778569e-01]
 [2.19275197e+03 8.59908580e-01]
 [2.48917369e+03 8.59371791e-01]
 [2.09283408e+03 8.68016634e-01]]"
15,16,"[[ 420.88071032 -286.64206983]
 [ 420.88071032 -286.64206983]
 [ 420.88071032 -286.64206983]
 [ 420.88071032 -286.64206983]
 [ 416.23512524 -286.64206983]
 [ 420.88071032 -285.86534426]
 [ 420.88071032 -285.86534426]
 [ 420.88071032 -285.86534426]
 [ 420.88071032 -285.86534426]
 [ 420.88071032 -285.86534426]
 [ 420.88071032 -285.86534426]
 [ 420.88071032 -285.86534426]
 [ 420.88071032 -285.86534426]
 [ 420.88071032 -285.86534426]
 [ 420.88071032 -285.86534426]
 [ 420.88071032 -285.86534426]
 [ 420.88071032 -285.86534426]
 [ 420.88071032 -285.86534426]
 [ 420.88071032 -285.86534426]
 [ 420.88071032 -285.86534426]]","[-688.41699491 -688.41699491 -688.41699491 -688.41699491 -685.59889967
 -685.37705042 -685.37705042 -685.37705042 -685.37705042 -685.37705042
 -685.37705042 -685.37705042 -685.37705042 -685.37705042 -685.37705042
 -685.37705042 -685.37705042 -685.37705042 -685.37705042 -685.37705042]","[[3.15018061e+03 8.48804316e-01]
 [4.32877716e+03 8.57753509e-01]
 [3.40387581e+03 8.50865861e-01]
 [2.82949214e+03 8.56778424e-01]
 [2.50286078e+03 8.59929838e-01]
 [3.26985749e+03 8.63888832e-01]
 [3.66747794e+03 8.52481413e-01]
 [3.22987163e+03 8.50474114e-01]
 [2.76222247e+03 8.54928127e-01]
 [4.16287260e+03 8.49932528e-01]
 [3.64404334e+03 8.49017722e-01]
 [4.36585515e+03 8.59238724e-01]
 [4.76340168e+03 8.54080585e-01]
 [3.85822013e+03 8.50070223e-01]
 [3.03325224e+03 8.53842890e-01]
 [3.48759656e+03 8.53942555e-01]
 [3.76550546e+03 8.52784528e-01]
 [3.13545229e+03 8.48804316e-01]
 [2.67749980e+03 8.54024369e-01]
 [3.19728509e+03 8.59122071e-01]]"
16,17,"[[ 420.88071032 -286.64206983]
 [ 420.88071032 -286.64206983]
 [ 420.88071032 -286.64206983]
 [ 420.88071032 -286.64206983]
 [ 420.88071032 -286.64206983]
 [ 420.88071032 -286.64206983]
 [ 420.88071032 -286.64206983]
 [ 420.88071032 -286.64206983]
 [ 420.88071032 -286.64206983]
 [ 420.88071032 -286.64206983]
 [ 420.88071032 -286.64206983]
 [ 420.88071032 -286.64206983]
 [ 420.88071032 -286.64206983]
 [ 420.88071032 -286.64206983]
 [ 420.88071032 -286.64206983]
 [ 420.88071032 -286.64206983]
 [ 420.88071032 -286.64206983]
 [ 420.88071032 -286.64206983]
 [ 420.88071032 -286.64206983]
 [ 420.88071032 -286.64206983]]","[-688.41699491 -688.41699491 -688.41699491 -688.41699491 -688.41699491
 -688.41699491 -688.41699491 -688.41699491 -688.41699491 -688.41699491
 -688.41699491 -688.41699491 -688.41699491 -688.41699491 -688.41699491
 -688.41699491 -688.41699491 -688.41699491 -688.41699491 -688.41699491]","[[6.42350585e+03 8.46086561e-01]
 [6.73323289e+03 8.39037972e-01]
 [2.82949214e+03 8.56778424e-01]
 [5.33709462e+03 8.42717253e-01]
 [3.40387581e+03 8.50865861e-01]
 [6.34640680e+03 8.42008994e-01]
 [4.32877716e+03 8.57753509e-01]
 [7.39788653e+03 8.48468526e-01]
 [3.15018061e+03 8.48804316e-01]
 [6.37737019e+03 8.42351010e-01]
 [7.45408347e+03 8.47828431e-01]
 [7.15520149e+03 8.39143369e-01]
 [7.85433233e+03 8.40950435e-01]
 [5.44014112e+03 8.42044848e-01]
 [6.11277706e+03 8.41815519e-01]
 [6.52747503e+03 8.46171937e-01]
 [5.61693523e+03 8.43479286e-01]
 [6.56757882e+03 8.41096238e-01]
 [6.34640680e+03 8.45410657e-01]
 [5.44477480e+03 8.44123300e-01]]"
