,population,best_x,best_energy,running_time
0,22,[421.00926204 421.21917398],-837.9576531979756,0.238451
1,9,[441.4981409  420.76076872],-785.4661268485074,0.087826
2,9,[420.46300191 421.48405831],-837.8999925594392,0.087074
3,11,[ 447.33871024 -320.83739074],-591.9801655800443,0.11601
4,7,[400.1716582  420.76721462],-785.009943798341,0.070005
5,13,[419.31063617 390.18842123],-725.1601599694866,0.130637
6,13,[420.60993001 457.28668538],-679.7628705983093,0.156926
7,25,[391.26579495 400.31334803],-680.5854844591688,0.350953
8,16,[428.79833125 410.58076408],-816.742913728629,0.214
9,19,[421.12371031 420.95439334],-837.9627182235471,0.208949
10,30,[-296.43873313  425.26048044],-712.5378185769476,0.320275
11,9,[ 405.56068582 -302.19872682],-690.0933252637619,0.082
12,9,[421.52658148 419.44901246],-837.6352728721538,0.080298
13,8,[428.92212053 428.69489207],-822.4525163400699,0.068998
14,11,[419.72085241 420.93899124],-837.7692746239436,0.103205
15,13,[420.86845944 412.85756386],-829.7161862718307,0.121664
16,108,[-302.45937022  420.22764152],-719.4576126194285,1.288099
17,17,[420.9120538  210.95823994],-614.3207190603745,0.175394
18,28,[ 421.08295562 -270.97491747],-604.351910698093,0.287457
19,5,[420.68814141 420.87743506],-837.9547880249149,0.046689
20,17,[-278.92421298 -291.88004577],-520.0451447033074,0.179184
21,10,[418.9371414  420.96775758],-837.4454775062202,0.096993
22,21,[413.73353682 429.70523991],-821.7693677917925,0.214676
23,66,[440.68700062 419.04297645],-789.0075139316174,0.685023
24,9,[-302.5943207   421.05121878],-719.5259719146359,0.085941
25,12,[400.59608279 393.20657911],-694.6478705300342,0.121452
26,17,[ 421.18777407 -275.69585089],-634.271650938596,0.160976
27,12,[394.38576634 389.92482412],-638.5928168110385,0.118012
28,7,[ 420.98885218 -302.53945708],-719.5273622149482,0.065004
29,7,[421.09723685 415.37315361],-834.0275438474332,0.063969
30,8,[420.88563467 420.94237268],-837.9648151848803,0.072029
31,14,[448.31504666 414.83807682],-741.3389108068775,0.134988
32,9,[-290.39235464  442.03269718],-645.9848443797299,0.085196
33,24,[-302.31357207  420.15602274],-719.4384649184587,0.240796
34,8,[421.73349692 422.84002765],-837.449860908307,0.075935
35,25,[420.92421989 439.38772455],-795.5722659956118,0.255045
36,10,[-278.9979296  -302.73343179],-534.5917430308212,0.091005
37,13,[420.92202096 207.94620859],-618.6470883578705,0.129001
38,18,[388.6456793  421.16104773],-714.6592612200495,0.187279
39,26,[ 420.84519798 -286.0011883 ],-685.9172604734249,0.267562
40,10,[411.78181575 420.51975846],-827.3734781248612,0.100009
41,13,[434.54114226 429.26650102],-806.1273549916949,0.129986
42,26,[421.11138742 421.17436622],-837.9578716262329,0.258005
43,62,[ 420.86133402 -293.50073281],-709.3211894274305,0.656471
44,7,[446.50701696 416.70899492],-755.2080562226809,0.071095
45,10,[-304.38494626  415.30358122],-715.0546032627456,0.11697
46,38,[426.54620984 394.33754748],-748.6522626925384,0.444607
47,16,[421.50106875 427.43346987],-832.6543891727474,0.20323
48,11,[420.78236608 417.08852847],-836.065838406298,0.09754
49,14,[ 420.88323274 -280.3879018 ],-660.3376672786758,0.118
