,population,best_x,best_energy,ave_energy
0,1,"[-326.09176825   69.45283962 -328.6680653   226.18245684  479.48090611
  207.14539275]",-896.0946525051081,10.581341610724337
1,2,"[ 403.10537263  220.14491705  171.86738075 -116.52710195  154.0327709
  381.0519808 ]",-964.1477707411111,-738.6492389077024
2,3,"[ 403.02414497  219.22217852  402.99921223 -314.91602049  -35.09277245
  207.43865583]",-1424.1275390256105,-1223.850172175886
3,4,"[ 398.45104886  219.5071654   438.62935938  391.88525007  230.66804715
 -320.59713192]",-1600.3780673537171,-1528.143892042752
4,5,"[ 401.90021992  219.20129056  434.4656528   396.7206473   231.70415018
 -317.53789175]",-1670.5639258837675,-1624.5195054175879
5,6,"[ 401.25192214  219.76748069  432.67534067  406.52933782  230.27367491
 -317.26674921]",-1726.2148998194086,-1686.6499819577402
6,7,"[ 404.31990884  221.32306367  417.50943988  411.92754321  230.94488679
 -317.0739124 ]",-1761.3038832051352,-1741.8172185893914
7,8,"[ 408.85264204  219.07492512  413.28360981  410.62251715  229.64431046
 -316.47820139]",-1787.2284252292563,-1767.4781338498408
8,9,"[ 409.73273284  219.64823498  410.70818273  418.06182211  229.68743857
 -315.4512193 ]",-1797.3212116757268,-1787.1989272547348
9,10,"[ 414.79199747  219.75314885  418.89148271  416.39609439  230.67789878
 -317.23624648]",-1806.824262777217,-1797.184344662539
10,11,"[ 413.9457905   219.80295619  418.20986721  424.77871134  228.13484868
 -316.81299242]",-1822.0803826992403,-1806.5072755751924
11,12,"[ 411.76882721  219.06756307  423.80940843  422.24760883  228.49100919
 -315.79590534]",-1823.5489614291962,-1814.3890108574574
12,13,"[ 415.15859919  219.07925747  417.58225158  418.51229048  228.11349803
 -315.50765293]",-1831.9685997520457,-1821.878706930544
13,14,"[ 415.15859919  219.07925747  417.58225158  418.51229048  228.11349803
 -315.50765293]",-1831.9685997520457,-1828.491002349802
14,15,"[ 416.17586272  219.07925747  418.89148271  418.23098181  228.13484868
 -314.28158867]",-1837.7150807897888,-1833.229082353551
15,16,"[ 416.17586272  219.07925747  418.89148271  418.23098181  228.13484868
 -314.28158867]",-1837.7150807897888,-1836.0700735197738
16,17,"[ 416.17586272  219.06110054  418.95328062  421.23518488  228.13484868
 -314.114663  ]",-1839.2397165603538,-1837.9027411801067
17,18,"[ 416.17586272  218.94687604  419.58309376  421.92541413  228.11349803
 -314.02958441]",-1840.1993360094868,-1839.7315321239525
18,19,"[ 416.17586272  218.94687604  419.58309376  421.92541413  228.11349803
 -313.95338998]",-1840.4186123917202,-1840.1983494367494
19,20,"[ 416.17586272  218.94687604  419.58309376  421.23518488  228.11349803
 -313.95338998]",-1840.5251758364934,-1840.450581425152
20,21,"[ 416.17586272  218.94687604  419.58309376  421.23518488  228.11349803
 -313.95338998]",-1840.5251758364934,-1840.5251758364932
