,population,parents,parents_energy,parents_sigma
0,1,"[[ 402.60586032  482.08036196]
 [-326.09176825   69.45283962]
 [-332.52044003   57.39377203]
 [-346.46795706  221.51410987]
 [ 165.08605202  219.57708484]
 [-144.8946875   472.51534462]
 [-363.39156209 -269.90043793]
 [ 217.11464448  128.30536277]
 [-167.73395315 -116.807032  ]
 [-101.03935931  -81.52188252]
 [ 114.53765782 -125.15275396]
 [ 173.36307346  258.21549959]
 [  82.42820733  -74.00895828]
 [ -70.1782135   156.93646087]
 [ 109.58762937   85.0783636 ]
 [-367.71230837   47.14068555]
 [ 137.04906601  141.43678174]
 [-170.05729021 -455.80050971]
 [-430.70330248   -9.40899304]
 [-430.19000507 -359.47965844]]","[-394.24103563 -293.60357467 -246.87943755 -243.63247283 -216.57675613
 -191.75203598 -101.19039275  -58.16608206  -51.78256715  -27.85336023
  -13.21792578   -6.70742774   26.27136026   66.89784178   77.72520325
   91.91483434  192.05801353  350.46722207  407.73471566  447.86426788]","[[1. 1.]
 [1. 1.]
 [1. 1.]
 [1. 1.]
 [1. 1.]
 [1. 1.]
 [1. 1.]
 [1. 1.]
 [1. 1.]
 [1. 1.]
 [1. 1.]
 [1. 1.]
 [1. 1.]
 [1. 1.]
 [1. 1.]
 [1. 1.]
 [1. 1.]
 [1. 1.]
 [1. 1.]
 [1. 1.]]"
1,2,"[[ 403.82152909  222.50319226]
 [ 401.08973661   68.75748355]
 [ 406.48733026   46.64618453]
 [ 404.56863697  481.33838993]
 [ 402.54961459   48.38082352]
 [ 402.10854506  -83.76662973]
 [ 402.4212929   -80.49104494]
 [-325.18697537   68.52355416]
 [ 403.68151769  142.45696184]
 [ 177.11343344  219.14525959]
 [-103.53571727 -272.32136743]
 [ 400.8873      128.08597906]
 [-146.17587499  218.52589711]
 [-326.568476    482.89191419]
 [-102.30827414  219.41814647]
 [-343.89039926  472.03838052]
 [ 163.97840416 -270.21512202]
 [ 214.02084036  481.15479787]
 [ 216.05996068  480.84374602]
 [ -99.61076454  222.91593035]]","[-540.95492767 -432.75880183 -417.19483366 -410.60391908 -407.34549925
 -352.69488914 -341.40220523 -299.46493629 -298.06823081 -291.95138089
 -264.85727114 -248.0192291  -241.55244553 -237.17893002 -236.33982315
 -226.85426429 -219.07454666 -215.49324055 -213.12234574 -208.94239143]","[[1.84181448 0.98775743]
 [1.84181448 0.98775743]
 [1.84181448 0.98775743]
 [1.84181448 0.98775743]
 [1.84181448 0.98775743]
 [1.84181448 0.98775743]
 [1.84181448 0.98775743]
 [1.84181448 0.98775743]
 [1.84181448 0.98775743]
 [1.84181448 0.98775743]
 [1.84181448 0.98775743]
 [1.84181448 0.98775743]
 [1.84181448 0.98775743]
 [1.84181448 0.98775743]
 [1.84181448 0.98775743]
 [1.84181448 0.98775743]
 [1.84181448 0.98775743]
 [1.84181448 0.98775743]
 [1.84181448 0.98775743]
 [1.84181448 0.98775743]]"
2,3,"[[ 404.440477   -271.74355651]
 [ 410.36650159  219.62689487]
 [ 410.49433545  221.175892  ]
 [ 404.47780024  215.90009174]
 [ 406.25599662 -269.42423433]
 [ 405.74391142  218.79349965]
 [ 407.42140298 -268.01000449]
 [ 406.98238723  220.99804198]
 [ 408.02272376  222.77257002]
 [ 401.95294445  217.57001027]
 [ 399.99534122 -271.2340315 ]
 [ 406.68685582  222.4764112 ]
 [ 406.07763295  222.12993722]
 [ 404.98102083  221.65236908]
 [ 401.97287749  218.5743798 ]
 [ 401.56973451 -269.56024702]
 [ 401.78204564  218.64797429]
 [ 401.14083241  220.12214007]
 [ 405.31076242  224.23309557]
 [ 398.91741978  217.84611091]]","[-575.67557288 -575.34689158 -569.37359148 -568.69286068 -566.96036066
 -563.82741399 -561.12551287 -559.52906816 -555.16908227 -552.46555551
 -552.25368978 -552.05095453 -551.43025816 -549.39925723 -548.99864997
 -548.52773124 -547.85321359 -539.18703712 -538.74140296 -536.63829686]","[[3.39228058 0.97566474]
 [3.39228058 0.97566474]
 [3.39228058 0.97566474]
 [3.39228058 0.97566474]
 [3.39228058 0.97566474]
 [3.39228058 0.97566474]
 [3.39228058 0.97566474]
 [3.39228058 0.97566474]
 [3.39228058 0.97566474]
 [3.39228058 0.97566474]
 [3.39228058 0.97566474]
 [3.39228058 0.97566474]
 [3.39228058 0.97566474]
 [3.39228058 0.97566474]
 [3.39228058 0.97566474]
 [3.39228058 0.97566474]
 [3.39228058 0.97566474]
 [3.39228058 0.97566474]
 [3.39228058 0.97566474]
 [3.39228058 0.97566474]]"
3,4,"[[ 414.13081041 -273.49893752]
 [ 415.67346077 -271.97070748]
 [ 409.11228253 -274.03993682]
 [ 409.17204463 -273.51710324]
 [ 413.65021893 -271.72020628]
 [ 423.02057034 -270.46730923]
 [ 419.04290485 -269.89936846]
 [ 414.87967225 -270.45495061]
 [ 409.45772726 -271.50191943]
 [ 412.77066794  216.72583766]
 [ 413.75878076  218.05072283]
 [ 410.75603706  216.62531592]
 [ 411.24274131  217.01303822]
 [ 413.63540049  218.48070738]
 [ 411.42564318  217.31029582]
 [ 414.24870467  218.96381584]
 [ 412.89875957  218.29673362]
 [ 416.79599878  219.98515236]
 [ 416.96041247  220.11323533]
 [ 419.45630201  220.54341715]]","[-614.90622515 -607.41755808 -606.6412464  -603.5345978  -602.57776723
 -600.40976713 -596.61489864 -596.19901355 -591.32466772 -591.31120703
 -588.73020779 -587.01961868 -586.96499122 -586.9634017  -586.41320102
 -586.25721006 -586.21181684 -585.78976681 -585.44728716 -585.43660217]","[[6.24795149 0.96372009]
 [6.24795149 0.96372009]
 [6.24795149 0.96372009]
 [6.24795149 0.96372009]
 [6.24795149 0.96372009]
 [6.24795149 0.96372009]
 [6.24795149 0.96372009]
 [6.24795149 0.96372009]
 [6.24795149 0.96372009]
 [6.24795149 0.96372009]
 [6.24795149 0.96372009]
 [6.24795149 0.96372009]
 [6.24795149 0.96372009]
 [6.24795149 0.96372009]
 [6.24795149 0.96372009]
 [6.24795149 0.96372009]
 [6.24795149 0.96372009]
 [6.24795149 0.96372009]
 [6.24795149 0.96372009]
 [6.24795149 0.96372009]]"
4,5,"[[ 415.60260808 -275.10091311]
 [ 421.56366902 -273.7435709 ]
 [ 413.43840988 -274.86886699]
 [ 422.70015643 -273.6080187 ]
 [ 424.47049779 -273.7517    ]
 [ 417.41729408 -273.42180332]
 [ 413.38568471 -274.01329826]
 [ 417.65849851 -272.87578256]
 [ 429.7105118  -274.15910322]
 [ 424.49192371 -272.65574597]
 [ 423.43699406 -272.52330304]
 [ 430.07902142 -273.87019153]
 [ 422.50738707 -272.24768875]
 [ 425.19660874 -272.44035877]
 [ 429.46071976 -273.49846196]
 [ 412.09957185 -273.49456264]
 [ 415.17564942 -272.38758073]
 [ 412.2137586  -273.2125293 ]
 [ 416.28133893 -272.10484352]
 [ 417.79569842 -271.856948  ]]","[-627.07780915 -622.27342009 -622.17262508 -621.08673389 -620.82071941
 -618.70056837 -616.79300419 -615.4291274  -615.2764131  -613.82693172
 -613.76999854 -612.64607186 -612.45253791 -611.74522032 -611.67732986
 -610.8965308  -609.44212715 -609.35865462 -609.05603452 -608.92956533]","[[11.50756753  0.95192168]
 [11.50756753  0.95192168]
 [11.50756753  0.95192168]
 [11.50756753  0.95192168]
 [11.50756753  0.95192168]
 [11.50756753  0.95192168]
 [11.50756753  0.95192168]
 [11.50756753  0.95192168]
 [11.50756753  0.95192168]
 [11.50756753  0.95192168]
 [11.50756753  0.95192168]
 [11.50756753  0.95192168]
 [11.50756753  0.95192168]
 [11.50756753  0.95192168]
 [11.50756753  0.95192168]
 [11.50756753  0.95192168]
 [11.50756753  0.95192168]
 [11.50756753  0.95192168]
 [11.50756753  0.95192168]
 [11.50756753  0.95192168]]"
5,6,"[[ 420.98156483 -276.96221701]
 [ 415.21437433 -276.24328209]
 [ 422.82492013 -275.43030708]
 [ 421.85975182 -275.21050776]
 [ 420.75788572 -275.14553128]
 [ 418.97340627 -274.80215163]
 [ 415.48950364 -275.27150153]
 [ 426.84444274 -275.08042942]
 [ 420.66689457 -274.21568509]
 [ 424.04985568 -274.36576413]
 [ 414.34168399 -275.05862632]
 [ 419.49507959 -274.09520885]
 [ 425.94500015 -274.54179641]
 [ 425.36730742 -274.41332768]
 [ 420.40582678 -273.99917958]
 [ 418.71593564 -273.85411091]
 [ 418.79329634 -273.72882409]
 [ 425.53424286 -273.91473826]
 [ 421.85511081 -273.49366377]
 [ 417.94592407 -273.59821504]]","[-641.69782829 -633.356809   -632.25243161 -631.26204725 -630.96338062
 -628.37737982 -627.95620583 -626.21562699 -625.25474099 -624.99731867
 -624.92660686 -624.24339473 -624.15530542 -624.04691464 -623.87861853
 -622.37180998 -621.6289098  -620.75898066 -620.6443081  -620.2522803 ]","[[21.19480452  0.94026771]
 [21.19480452  0.94026771]
 [21.19480452  0.94026771]
 [21.19480452  0.94026771]
 [21.19480452  0.94026771]
 [21.19480452  0.94026771]
 [21.19480452  0.94026771]
 [21.19480452  0.94026771]
 [21.19480452  0.94026771]
 [21.19480452  0.94026771]
 [21.19480452  0.94026771]
 [21.19480452  0.94026771]
 [21.19480452  0.94026771]
 [21.19480452  0.94026771]
 [21.19480452  0.94026771]
 [21.19480452  0.94026771]
 [21.19480452  0.94026771]
 [21.19480452  0.94026771]
 [21.19480452  0.94026771]
 [21.19480452  0.94026771]]"
6,7,"[[ 426.34607285 -276.95012434]
 [ 423.50746599 -275.79974065]
 [ 426.84209723 -276.32291705]
 [ 417.43994235 -275.6388241 ]
 [ 417.70311425 -275.0195782 ]
 [ 428.89393799 -276.07707861]
 [ 423.68812744 -274.82423005]
 [ 427.82048993 -275.61012487]
 [ 416.18839818 -275.00722624]
 [ 419.33298696 -274.50900146]
 [ 423.27818245 -274.47507077]
 [ 429.41726163 -275.76018841]
 [ 422.66825271 -274.25417054]
 [ 420.32435628 -274.14848121]
 [ 413.27736893 -275.31682116]
 [ 431.01568699 -276.17053478]
 [ 431.47810317 -276.30859646]
 [ 413.54098654 -275.059466  ]
 [ 420.40582678 -273.85411091]
 [ 420.88323274 -273.66400687]]","[-637.97735834 -634.08288405 -633.63096891 -632.36899635 -628.86145344
 -628.61550135 -628.08045629 -627.84003854 -627.2547268  -626.74277564
 -626.19759987 -625.65745975 -625.14037147 -624.79633365 -624.58389442
 -624.36895545 -623.98613972 -623.52454258 -622.97151679 -621.81689782]","[[39.03689787  0.92875641]
 [39.03689787  0.92875641]
 [39.03689787  0.92875641]
 [39.03689787  0.92875641]
 [39.03689787  0.92875641]
 [39.03689787  0.92875641]
 [39.03689787  0.92875641]
 [39.03689787  0.92875641]
 [39.03689787  0.92875641]
 [39.03689787  0.92875641]
 [39.03689787  0.92875641]
 [39.03689787  0.92875641]
 [39.03689787  0.92875641]
 [39.03689787  0.92875641]
 [39.03689787  0.92875641]
 [39.03689787  0.92875641]
 [39.03689787  0.92875641]
 [39.03689787  0.92875641]
 [39.03689787  0.92875641]
 [39.03689787  0.92875641]]"
7,8,"[[ 418.1992106  -276.97488505]
 [ 421.26870064 -276.43244759]
 [ 425.16592132 -276.49264342]
 [ 429.11357353 -277.54474922]
 [ 420.88323274 -276.07707861]
 [ 420.32260243 -276.03270941]
 [ 423.68812744 -276.07707861]
 [ 413.45368743 -277.06987996]
 [ 420.94084898 -275.85037486]
 [ 427.4298175  -276.74714414]
 [ 420.32435628 -275.79974065]
 [ 426.34607285 -276.30859646]
 [ 420.40582678 -275.61012487]
 [ 421.18532528 -275.53748216]
 [ 421.60241966 -275.38308119]
 [ 426.84209723 -276.07707861]
 [ 417.73403994 -275.55995495]
 [ 427.82048993 -276.32291705]
 [ 416.18839818 -275.79974065]
 [ 419.33298696 -275.00722624]]","[-640.80421981 -638.61570022 -636.75390475 -636.64875585 -636.53925959
 -636.22545457 -635.60642098 -635.23051079 -635.19760567 -635.18736632
 -634.8442982  -634.25125408 -633.72561565 -633.32475798 -632.35268651
 -632.18501116 -632.14735599 -632.06058738 -632.0217931  -629.79224168]","[[71.89872377  0.91738605]
 [71.89872377  0.91738605]
 [71.89872377  0.91738605]
 [71.89872377  0.91738605]
 [71.89872377  0.91738605]
 [71.89872377  0.91738605]
 [71.89872377  0.91738605]
 [71.89872377  0.91738605]
 [71.89872377  0.91738605]
 [71.89872377  0.91738605]
 [71.89872377  0.91738605]
 [71.89872377  0.91738605]
 [71.89872377  0.91738605]
 [71.89872377  0.91738605]
 [71.89872377  0.91738605]
 [71.89872377  0.91738605]
 [71.89872377  0.91738605]
 [71.89872377  0.91738605]
 [71.89872377  0.91738605]
 [71.89872377  0.91738605]]"
8,9,"[[ 420.72033808 -277.35319625]
 [ 425.16592132 -277.54474922]
 [ 421.26870064 -277.06987996]
 [ 420.32435628 -277.06987996]
 [ 409.82497303 -279.84684739]
 [ 421.60241966 -276.97488505]
 [ 419.33298696 -276.74714414]
 [ 421.26870064 -276.49264342]
 [ 420.94084898 -276.43244759]
 [ 420.40582678 -276.32291705]
 [ 420.88323274 -276.30859646]
 [ 423.68812744 -276.32291705]
 [ 421.26870064 -276.07707861]
 [ 417.37086545 -276.18407088]
 [ 420.40582678 -275.85037486]
 [ 420.88323274 -275.79974065]
 [ 420.32260243 -275.79974065]
 [ 426.84209723 -276.49264342]
 [ 424.68506094 -275.91864799]
 [ 427.4298175  -276.49264342]]","[-643.92504807 -642.7934908  -642.30460833 -642.26358046 -642.03472632
 -641.72000434 -640.11966179 -638.96705985 -638.62695633 -637.94616449
 -637.90126942 -637.05237873 -636.52882797 -635.54065744 -635.15772833
 -634.89575769 -634.84401272 -634.62324303 -633.858906   -633.70874628]","[[132.42411055   0.90615488]
 [132.42411055   0.90615488]
 [132.42411055   0.90615488]
 [132.42411055   0.90615488]
 [132.42411055   0.90615488]
 [132.42411055   0.90615488]
 [132.42411055   0.90615488]
 [132.42411055   0.90615488]
 [132.42411055   0.90615488]
 [132.42411055   0.90615488]
 [132.42411055   0.90615488]
 [132.42411055   0.90615488]
 [132.42411055   0.90615488]
 [132.42411055   0.90615488]
 [132.42411055   0.90615488]
 [132.42411055   0.90615488]
 [132.42411055   0.90615488]
 [132.42411055   0.90615488]
 [132.42411055   0.90615488]
 [132.42411055   0.90615488]]"
9,10,"[[ 420.32260243 -279.84684739]
 [ 426.84209723 -279.84684739]
 [ 419.36552683 -277.72242226]
 [ 420.94084898 -277.54474922]
 [ 420.94084898 -277.54474922]
 [ 420.88323274 -277.54474922]
 [ 421.26870064 -277.35319625]
 [ 420.40582678 -277.35319625]
 [ 420.32435628 -277.35319625]
 [ 427.35279427 -277.98494543]
 [ 417.37086545 -277.35319625]
 [ 421.60241966 -277.06987996]
 [ 420.32260243 -276.97488505]
 [ 420.40582678 -276.74714414]
 [ 420.40582678 -276.74714414]
 [ 420.32435628 -276.74714414]
 [ 420.32260243 -276.74714414]
 [ 421.26870064 -276.49264342]
 [ 420.40582678 -276.49264342]
 [ 420.32435628 -276.49264342]]","[-657.48662424 -653.18412078 -645.69462586 -645.01790201 -645.01790201
 -645.01707751 -643.92147935 -643.89285812 -643.88045148 -642.34213648
 -642.3027462  -642.26528334 -641.71801597 -640.41705865 -640.41705865
 -640.40465201 -640.40436653 -638.96705985 -638.93843862 -638.92603198]","[[243.90064437   0.89506122]
 [243.90064437   0.89506122]
 [243.90064437   0.89506122]
 [243.90064437   0.89506122]
 [243.90064437   0.89506122]
 [243.90064437   0.89506122]
 [243.90064437   0.89506122]
 [243.90064437   0.89506122]
 [243.90064437   0.89506122]
 [243.90064437   0.89506122]
 [243.90064437   0.89506122]
 [243.90064437   0.89506122]
 [243.90064437   0.89506122]
 [243.90064437   0.89506122]
 [243.90064437   0.89506122]
 [243.90064437   0.89506122]
 [243.90064437   0.89506122]
 [243.90064437   0.89506122]
 [243.90064437   0.89506122]
 [243.90064437   0.89506122]]"
10,11,"[[ 424.17583581 -280.3879018 ]
 [ 420.88323274 -279.84684739]
 [ 420.32435628 -279.84684739]
 [ 420.32260243 -279.84684739]
 [ 417.37086545 -279.84684739]
 [ 420.40582678 -277.98494543]
 [ 420.40582678 -277.98494543]
 [ 420.32435628 -277.98494543]
 [ 421.26870064 -277.72242226]
 [ 419.36552683 -277.72242226]
 [ 420.88323274 -277.54474922]
 [ 421.26870064 -277.54474922]
 [ 420.40582678 -277.54474922]
 [ 420.40582678 -277.54474922]
 [ 421.60241966 -277.54474922]
 [ 420.32435628 -277.54474922]
 [ 420.32260243 -277.54474922]
 [ 420.32260243 -277.54474922]
 [ 419.36552683 -277.54474922]
 [ 420.40582678 -277.35319625]]","[-659.03980759 -657.53836921 -657.48690973 -657.48662424 -655.90920444
 -647.44703882 -647.44703882 -647.43463218 -646.00736066 -645.69462586
 -645.01707751 -645.00664589 -644.97802467 -644.97802467 -644.96732091
 -644.96561803 -644.96533254 -644.96533254 -644.69391109 -643.89285812]","[[449.21973857   0.88410337]
 [449.21973857   0.88410337]
 [449.21973857   0.88410337]
 [449.21973857   0.88410337]
 [449.21973857   0.88410337]
 [449.21973857   0.88410337]
 [449.21973857   0.88410337]
 [449.21973857   0.88410337]
 [449.21973857   0.88410337]
 [449.21973857   0.88410337]
 [449.21973857   0.88410337]
 [449.21973857   0.88410337]
 [449.21973857   0.88410337]
 [449.21973857   0.88410337]
 [449.21973857   0.88410337]
 [449.21973857   0.88410337]
 [449.21973857   0.88410337]
 [449.21973857   0.88410337]
 [449.21973857   0.88410337]
 [449.21973857   0.88410337]]"
11,12,"[[ 420.88323274 -280.3879018 ]
 [ 420.88323274 -280.3879018 ]
 [ 420.40582678 -280.3879018 ]
 [ 421.60241966 -280.3879018 ]
 [ 420.32260243 -280.3879018 ]
 [ 419.36552683 -280.3879018 ]
 [ 417.37086545 -280.3879018 ]
 [ 420.88323274 -279.84684739]
 [ 420.88323274 -279.84684739]
 [ 421.26870064 -279.84684739]
 [ 421.26870064 -279.84684739]
 [ 420.40582678 -279.84684739]
 [ 420.40582678 -279.84684739]
 [ 420.40582678 -279.84684739]
 [ 420.40582678 -279.84684739]
 [ 421.60241966 -279.84684739]
 [ 420.32260243 -279.84684739]
 [ 420.32260243 -279.84684739]
 [ 419.36552683 -279.84684739]
 [ 419.36552683 -279.84684739]]","[-660.33766728 -660.33766728 -660.29861443 -660.28791067 -660.28592231
 -660.01450086 -658.70850251 -657.53836921 -657.53836921 -657.52793759
 -657.52793759 -657.49931637 -657.49931637 -657.49931637 -657.49931637
 -657.48861261 -657.48662424 -657.48662424 -657.21520279 -657.21520279]","[[827.37941936   0.87327967]
 [827.37941936   0.87327967]
 [827.37941936   0.87327967]
 [827.37941936   0.87327967]
 [827.37941936   0.87327967]
 [827.37941936   0.87327967]
 [827.37941936   0.87327967]
 [827.37941936   0.87327967]
 [827.37941936   0.87327967]
 [827.37941936   0.87327967]
 [827.37941936   0.87327967]
 [827.37941936   0.87327967]
 [827.37941936   0.87327967]
 [827.37941936   0.87327967]
 [827.37941936   0.87327967]
 [827.37941936   0.87327967]
 [827.37941936   0.87327967]
 [827.37941936   0.87327967]
 [827.37941936   0.87327967]
 [827.37941936   0.87327967]]"
12,13,"[[ 420.88323274 -280.3879018 ]
 [ 420.88323274 -280.3879018 ]
 [ 420.88323274 -280.3879018 ]
 [ 420.88323274 -280.3879018 ]
 [ 420.88323274 -280.3879018 ]
 [ 420.88323274 -280.3879018 ]
 [ 420.88323274 -280.3879018 ]
 [ 420.88323274 -280.3879018 ]
 [ 420.88323274 -280.3879018 ]
 [ 420.88323274 -280.3879018 ]
 [ 420.88323274 -280.3879018 ]
 [ 420.88323274 -280.3879018 ]
 [ 420.88323274 -280.3879018 ]
 [ 421.26870064 -280.3879018 ]
 [ 421.26870064 -280.3879018 ]
 [ 421.26870064 -280.3879018 ]
 [ 421.26870064 -280.3879018 ]
 [ 420.40582678 -280.3879018 ]
 [ 420.40582678 -280.3879018 ]
 [ 420.40582678 -280.3879018 ]]","[-660.33766728 -660.33766728 -660.33766728 -660.33766728 -660.33766728
 -660.33766728 -660.33766728 -660.33766728 -660.33766728 -660.33766728
 -660.33766728 -660.33766728 -660.33766728 -660.32723566 -660.32723566
 -660.32723566 -660.32723566 -660.29861443 -660.29861443 -660.29861443]","[[1.52387940e+03 8.62588477e-01]
 [1.52387940e+03 8.62588477e-01]
 [1.52387940e+03 8.62588477e-01]
 [1.52387940e+03 8.62588477e-01]
 [1.52387940e+03 8.62588477e-01]
 [1.52387940e+03 8.62588477e-01]
 [1.52387940e+03 8.62588477e-01]
 [1.52387940e+03 8.62588477e-01]
 [1.52387940e+03 8.62588477e-01]
 [1.52387940e+03 8.62588477e-01]
 [1.52387940e+03 8.62588477e-01]
 [1.52387940e+03 8.62588477e-01]
 [1.52387940e+03 8.62588477e-01]
 [1.52387940e+03 8.62588477e-01]
 [1.52387940e+03 8.62588477e-01]
 [1.52387940e+03 8.62588477e-01]
 [1.52387940e+03 8.62588477e-01]
 [1.52387940e+03 8.62588477e-01]
 [1.52387940e+03 8.62588477e-01]
 [1.52387940e+03 8.62588477e-01]]"
13,14,"[[ 420.88323274 -280.3879018 ]
 [ 420.88323274 -280.3879018 ]
 [ 420.88323274 -280.3879018 ]
 [ 420.88323274 -280.3879018 ]
 [ 420.88323274 -280.3879018 ]
 [ 420.88323274 -280.3879018 ]
 [ 420.88323274 -280.3879018 ]
 [ 420.88323274 -280.3879018 ]
 [ 420.88323274 -280.3879018 ]
 [ 420.88323274 -280.3879018 ]
 [ 420.88323274 -280.3879018 ]
 [ 420.88323274 -280.3879018 ]
 [ 420.88323274 -280.3879018 ]
 [ 420.88323274 -280.3879018 ]
 [ 420.88323274 -280.3879018 ]
 [ 420.88323274 -280.3879018 ]
 [ 420.88323274 -280.3879018 ]
 [ 420.88323274 -280.3879018 ]
 [ 420.88323274 -280.3879018 ]
 [ 420.88323274 -280.3879018 ]]","[-660.33766728 -660.33766728 -660.33766728 -660.33766728 -660.33766728
 -660.33766728 -660.33766728 -660.33766728 -660.33766728 -660.33766728
 -660.33766728 -660.33766728 -660.33766728 -660.33766728 -660.33766728
 -660.33766728 -660.33766728 -660.33766728 -660.33766728 -660.33766728]","[[2.80670314e+03 8.52028176e-01]
 [2.80670314e+03 8.52028176e-01]
 [2.80670314e+03 8.52028176e-01]
 [2.80670314e+03 8.52028176e-01]
 [2.80670314e+03 8.52028176e-01]
 [2.80670314e+03 8.52028176e-01]
 [2.80670314e+03 8.52028176e-01]
 [2.80670314e+03 8.52028176e-01]
 [2.80670314e+03 8.52028176e-01]
 [2.80670314e+03 8.52028176e-01]
 [2.80670314e+03 8.52028176e-01]
 [2.80670314e+03 8.52028176e-01]
 [2.80670314e+03 8.52028176e-01]
 [2.80670314e+03 8.52028176e-01]
 [2.80670314e+03 8.52028176e-01]
 [2.80670314e+03 8.52028176e-01]
 [2.80670314e+03 8.52028176e-01]
 [2.80670314e+03 8.52028176e-01]
 [2.80670314e+03 8.52028176e-01]
 [2.80670314e+03 8.52028176e-01]]"
