,population,best_x,best_energy,running_time
0,14,"[ 421.41253187 -305.00037109 -268.04087218  449.11454195  422.34021967
  420.37091673]",-2043.4006008852275,0.267063
1,18,"[ 431.77056887 -302.72099446  426.13393903  421.13357189  418.93788317
  421.67071292]",-2376.801446440503,0.345978
2,13,"[434.072165   427.06088534 422.13526663 423.0753518  452.37829066
 407.54693165]",-2344.4579744199946,0.281031
3,13,"[417.20030514 421.92929666 420.61636417 457.708708   404.45120459
 397.20654581]",-2248.0027424237624,0.291881
4,13,"[421.69401152 415.38121587 410.6173851  419.05659379 418.78401785
 420.72375816]",-2495.4422367028405,0.38817
5,44,"[422.09577846 399.6521178  417.10058277 419.38631125 420.86164782
 421.95842318]",-2455.857460277744,0.864316
6,15,"[ 432.19891557 -256.46671849 -316.30339149 -299.53446745  420.97301242
  420.47230999]",-1894.5026025418588,0.375817
7,75,"[ 420.96110458  396.4676407  -302.56962091  394.18503385  458.77821991
  399.49543927]",-2009.411607190436,1.447593
8,17,"[-300.75810368  426.64657283 -305.50105774  419.48468634  421.8016334
  431.44726275]",-2257.232724504477,0.304552
9,27,"[-302.55030845  418.90031439  421.96617961 -301.99012019 -302.59368475
  439.63892316]",-2114.3388702498696,0.482006
10,12,"[ 412.8390881   421.94173513  422.25736043  451.49302092 -312.94580091
 -292.33555461]",-2128.0801337559797,0.261993
11,14,"[ 436.90465628  206.85643168 -300.55226184 -303.80619583  415.23422583
  421.86410436]",-2021.9279433189065,0.239
12,12,"[ 418.22180299  422.28416023  421.67121813 -306.64811037  410.37217816
  419.7429434 ]",-2377.852076746563,0.253998
13,14,"[418.48153662 418.73256299 425.94065523 413.09022454 387.44658647
 421.6085405 ]",-2369.527924054206,0.266322
14,101,"[-302.52369989  420.73563138  421.03202613 -302.59715243  418.5899708
  389.34729656]",-2157.978717282487,2.202709
15,108,"[ 424.80652566 -300.59086931  427.30222074 -284.10867772  420.77780541
  421.00825042]",-2228.1148200912885,2.343579
16,38,"[ 420.49146632 -272.70468506 -302.60954484  433.52746679  412.08089414
 -301.43680385]",-2024.8495248057204,0.743601
17,18,"[ 419.75130438 -303.04536676  421.23090535  402.8759368   434.05380125
 -301.26281278]",-2214.722833130697,0.342001
18,17,"[ 382.02446102  420.94881795  414.19233676  418.86779345 -310.74177235
  447.16000957]",-2121.987395560105,0.295432
19,11,"[421.1315456  422.50438371 421.95207575 419.80889855 385.42664269
 447.61622811]",-2278.726020160403,0.171988
20,19,"[389.77674851 398.61515828 421.10282162 440.2296059  408.17529355
 440.66203316]",-2222.6090972514653,0.335014
21,16,"[420.66280605 421.50247941 420.45218691 447.47411956 443.51920975
 388.60457664]",-2240.599793220265,0.319975
22,14,"[429.70650211 421.483313   441.46336886 420.13646384 416.46660452
 414.86806983]",-2444.600419172308,0.296001
23,28,"[406.36986834 407.64699999 421.30923819 433.33026141 420.80866777
 406.33682251]",-2419.5504302103527,0.587996
24,19,"[419.47586335 211.12433419 423.85985089 435.88631386 405.19088647
 422.38444217]",-2229.600273755781,0.361027
25,29,"[ 421.00076315 -302.50889029  421.33908964  423.98852439  411.78426324
  429.43892292]",-2374.678844064206,0.624658
26,108,"[-308.31652935 -317.43248425 -302.49536057  432.83751456  420.9697593
  421.45217929]",-2108.636339569691,2.286646
27,27,"[ 431.97758705  420.99579516  409.27058448 -499.99949175  438.47410911
  444.82533794]",-2134.3557324984304,0.564479
28,59,"[-266.67497483  423.53823905  420.89871576 -302.93549629  421.03198723
 -300.31848149]",-2011.995592087308,1.125683
29,20,"[ 420.15086428 -499.89330204  420.0343114   424.97769405  418.60146251
  395.53178074]",-2193.231641969034,0.348812
30,13,"[ 425.7908386   460.12894074 -304.77177352  419.34589166  418.56145383
  419.55288563]",-2208.3637729177312,0.224928
31,16,"[ 422.00325058  395.56010494 -302.27893319 -283.52411479 -295.16902937
  421.20610473]",-2029.5132144691952,0.284002
32,14,"[ 417.89656469  411.6260053   420.69450578 -305.91978377  420.04679407
  420.45492333]",-2381.7329088045244,0.262
33,18,"[ 422.06656076  427.06090676 -303.69070016  422.19174556  420.72465695
  394.40961107]",-2305.308957255115,0.345302
34,16,"[-334.71973598  420.84994473  416.70756331  420.79971643  433.46138538
  391.54653328]",-2145.8886406483252,0.267133
35,108,"[-302.09166234  410.74556438  408.4084372   433.25449496  393.85323177
  420.60945073]",-2255.3252502809783,2.186366
36,14,"[422.53618221 440.38791354 417.76842698 417.79115332 418.72931618
 450.96599241]",-2353.461414933763,0.273996
37,12,"[ 415.51742792 -301.6189623   411.73929275  424.52092652  416.12002963
  419.28687158]",-2376.046953272068,0.210002
38,28,"[-300.98012446  417.78380967  411.98552886  420.20172796  445.27844762
  421.08093423]",-2310.595074676965,0.531081
39,14,"[420.13456321 405.7258832  205.46389365 422.86185271 417.40929647
 420.82375313]",-2265.469624691159,0.24198
40,18,"[432.83035043 421.37700121 440.02960254 420.74278232 194.7487466
 428.2902036 ]",-2216.5899402236973,0.321024
41,27,"[-301.76921379  420.90591578  421.34246926  421.76235141  393.5587578
 -307.72742671]",-2183.1943728938945,0.597561
42,13,"[-305.29429855  447.92852822  425.71346647  420.94495682  420.14550363
 -286.1265283 ]",-2150.6043727344145,0.339279
43,12,"[ 406.57308692  426.25013093 -310.14007151  419.10595329  419.88933625
 -312.92605848]",-2226.165977389758,0.298698
44,28,"[411.58124752 387.17212309 414.24927866 421.2495113  403.07529021
 420.62475934]",-2323.6754850456246,0.892461
45,24,"[ 396.01973175  421.0442545   424.29672819  429.67073506 -305.54911812
 -315.70081705]",-2167.706070351541,0.594944
46,15,"[-292.02187807  421.94084473  420.28846966  418.31529874  420.92331132
  206.41155758]",-2162.609395565501,0.263988
47,13,"[420.80577076 420.43056237 396.80129586 385.49437135 413.30854804
 420.04451847]",-2288.8862230943746,0.212994
48,86,"[401.62995343 449.364922   424.09232087 431.96902786 421.19893177
 398.80163463]",-2292.672631797225,1.936002
49,20,"[-300.90879529  421.09302559  394.35389689 -316.09894258  420.13631459
  420.38565744]",-2168.0683620676004,0.35108
