,population,best_x,best_energy,running_time
0,108,"[ 392.1770896   424.0254463   425.72971476 -302.34714143  420.67398004
  420.5227488 ]",-2292.2855092076384,2.325253
1,14,"[-288.03243298  194.65594065  408.05682749  420.37247517  382.8393709
  420.83341476]",-1953.510232298831,0.240005
2,16,"[-302.28536645  419.89305056  417.21812128  451.47560971  421.60395544
  448.89644015]",-2184.263816548667,0.280001
3,52,"[ 440.03500971 -282.58878557  421.18780623  427.62704333 -305.69638251
  397.95178674]",-2111.896014037531,0.980571
4,13,"[ 420.5622258   412.00268216 -304.9752731   424.57825413  424.72171711
  421.44558506]",-2381.1568066821505,0.218992
5,12,"[-301.9126326   390.56821067  431.61656644  420.01157948  422.24855244
  420.0027089 ]",-2270.8355217544845,0.224003
6,108,"[-298.0439724   438.81365     430.1265964   408.63013887  431.46434932
  185.85151302]",-2053.3957834368402,2.21541
7,23,"[ 459.21445532  399.90314209 -302.66948313  420.97110355 -302.09976888
  420.84080379]",-2048.371906230177,0.458029
8,19,"[ 420.91029432  420.83754432  435.07821872  193.61128193 -314.1383499
  421.01791025]",-2123.268141485018,0.338998
9,13,"[419.37795735 433.3884728  424.27852445 438.60500378 421.19336143
 418.05634342]",-2452.8035384619425,0.228976
10,12,"[-297.3338037   410.25332062  425.83974045  420.76719521  444.24892218
  419.25484971]",-2307.169402064863,0.212003
11,11,"[-306.61408163  435.7419975   450.70238504  431.23570997  420.82965997
  419.23925797]",-2244.250376163648,0.252998
12,74,"[ 421.16475124 -324.91574637  430.66869723  415.89226303  429.38758955
  186.32737276]",-2055.0254472702527,1.496189
13,16,"[-291.09283135  430.75937101  419.87946049  410.79439743  434.50709398
  425.44045126]",-2328.4227440190466,0.270973
14,19,"[ 407.18354624  423.04105537  434.9384517  -299.87229568  385.55172505
  420.89512918]",-2199.670826429664,0.354338
15,34,"[ 403.34535722  405.24973927  392.7874825   407.96345005  420.7962378
 -297.15465548]",-2206.72383077632,0.643134
16,15,"[-304.22597838  415.46647713  421.05339339  439.11205978  419.95993387
  448.8827932 ]",-2254.372775289212,0.278887
17,11,"[ 413.2513387   390.82576874  405.22593329  420.14353629 -124.87914036
 -303.48613359]",-1952.8875579199453,0.222012
18,21,"[409.65963198 420.13729095 418.48790403 395.99855699 227.17453625
 422.61066946]",-2137.167780842158,0.419051
19,15,"[ 420.9903902   417.81210524 -295.76892907  459.5284528   421.18517783
  395.03762277]",-2130.302842201026,0.27501
20,13,"[-316.57959909 -292.40350382  452.17048404  433.0130753   418.44048332
  421.52393432]",-2101.7406923839026,0.27099
21,24,"[-299.71746263  461.32348546  422.22620734  407.23862407  432.59821843
  421.54376004]",-2161.072356889995,0.483325
22,24,"[411.57385605 420.94710787 422.69626299 376.80243305 420.93088257
 417.82471296]",-2282.9851262595876,0.46603
23,13,"[451.74648905 419.04507506 421.47303543 442.57824605 418.25140938
 424.14837496]",-2337.6963626139027,0.297098
24,18,"[-303.7937037   420.01562156  418.41421404 -306.68322342  419.5217343
  420.82134587]",-2273.4209428292443,0.360006
25,11,"[ 413.85053619  395.4835025  -307.05955495  394.87076387 -307.89916119
  398.03475286]",-2039.7529963803704,0.23699
26,23,"[ 403.01806905  219.15357435  404.79890136  392.8029238   230.5786301
 -318.34313348]",-1646.4143731432184,0.543653
27,17,"[394.4078334  390.49963125 399.58918833 406.44963593 424.66122918
 410.86082589]",-2222.0814929837734,0.398374
28,12,"[ 420.09772405 -302.09290566  423.10803561  423.0474461   425.4339506
  407.05527675]",-2367.640773167276,0.338219
29,32,"[420.39943048 421.26930974 425.03560279 421.00469165 420.83608926
 423.09014151]",-2511.1859256803064,0.751691
30,20,"[ 458.83048422  422.11020381 -302.11582737  425.80640431 -307.2119
  414.64720928]",-2095.0084462057225,0.402023
31,16,"[ 444.23878924  419.31409297 -301.56508751  449.43253427  456.86278983
  392.52634598]",-1977.0316651601847,0.297983
32,14,"[ 420.99464269  441.09396557  428.8545917  -303.27196609  418.39525164
  428.90218994]",-2328.2855798691885,0.249027
33,34,"[417.43215438 415.10303149 416.81088525 451.36697678 421.37428778
 437.27016143]",-2359.781416703,0.642072
34,14,"[-302.79399718  422.70434506  422.28051097  443.98905089  419.61173601
 -279.56085107]",-2146.9740863635093,0.268995
35,105,"[ 421.03317636  395.76550436 -302.22565511  419.75541297  409.64115171
  224.49848269]",-2032.2688590187088,2.239103
36,15,"[404.2981788  411.92628215 425.63466081 423.61770321 423.01522283
 420.95873362]",-2465.1434714357315,0.268994
37,14,"[ 433.62310811  203.56585374  421.0696267   404.94978396 -272.10786942
  402.29804641]",-1975.820813537256,0.245049
38,15,"[ 457.9755706   407.02550954 -305.45997463  422.20025949 -304.00818735
  414.90097033]",-2082.7879069053656,0.268985
39,21,"[ 421.53564855 -282.84020379  419.04681645  422.22941691 -306.1200026
  410.15991115]",-2212.8626904714447,0.386993
40,15,"[ 405.64181256  421.63474511  394.01096833  407.72492409 -291.56464874
 -300.4621708 ]",-2123.0890689863145,0.269
41,71,"[435.01669395 420.97416056 421.0446966  420.95377768 192.12830696
 429.07563888]",-2246.6802727642353,1.384006
42,15,"[412.2599584  429.95122714 421.5445657  420.78819221 421.69711801
 420.76509791]",-2494.102477098258,0.277001
43,13,"[ 412.84784283 -301.68758785 -298.45986021  423.5882704   422.76826151
 -304.19366958]",-2146.5115544080973,0.228109
44,15,"[ 422.16964689  422.61210453  421.44620006 -278.69345012  420.28364543
  199.93302127]",-2107.6575839450297,0.271999
45,27,"[-302.28845383  420.72228223  420.8354224  -306.05730987  420.94890809
  421.15373123]",-2275.4174971326656,0.482009
46,35,"[ 394.78395947 -301.12257241  421.04399854  431.2250157   446.95726418
  423.06599054]",-2215.4780532519,0.623992
47,22,"[411.50051135 419.81966503 422.76426087 393.8507988  421.52818991
 420.88503927]",-2413.6664218295286,0.409998
48,11,"[ 420.40891486  421.45124305  439.51901969 -302.25541605  395.85307808
  414.86016037]",-2271.398581942175,0.188016
49,21,"[ 416.17586272  218.94687604  419.58309376  421.23518488  228.11349803
 -313.95338998]",-1840.5251758364934,0.397541
