,population,parents,parents_energy,parents_sigma
0,1,"[[-326.09176825   69.45283962 -328.6680653   226.18245684  479.48090611
   207.14539275]
 [ 165.08605202  219.57708484  456.89063376 -103.70804395 -140.69519549
    51.47085223]
 [-101.03935931  -81.52188252  403.920209    376.02691908   25.14739864
   -62.13145735]
 [-144.8946875   472.51534462 -484.65741561   24.5041884   -24.12768478
   380.52879553]
 [ 173.36307346  258.21549959   42.57037173  391.29222689  298.1226613
  -320.74282727]
 [-363.39156209 -269.90043793  467.62336627   65.51352635 -162.24052235
  -361.75225987]
 [ 109.58762937   85.0783636  -279.54165488  127.28537431  -37.00491264
  -332.76948264]
 [ 217.11464448  128.30536277  391.63982818 -265.89864962 -193.37852935
  -183.45678967]
 [-167.73395315 -116.807032    484.86881252  -33.07937014    9.06089828
  -140.6786649 ]
 [ 402.60586032  482.08036196 -495.26512376 -210.4232184   143.33110368
  -186.58277194]
 [-430.70330248   -9.40899304  172.57908223 -313.52464073  231.56568832
    93.97575306]
 [  82.42820733  -74.00895828 -210.40530091 -115.24684531  369.92793416
    47.36707624]
 [ 137.04906601  141.43678174  162.35608867  139.62086029 -468.89302329
  -321.37877072]
 [-346.46795706  221.51410987 -192.67205193 -162.72549527 -404.06450435
    65.10871683]
 [-332.52044003   57.39377203  324.75411431 -369.06828288 -160.31164406
  -194.41657911]
 [ -70.1782135   156.93646087  -37.55542354  107.24383418 -454.61458176
   -31.98776555]
 [-367.71230837   47.14068555  170.46188517 -460.82270719  153.99254992
  -459.06798648]
 [-170.05729021 -455.80050971  440.70439413 -195.87484361 -404.34527788
  -185.1910958 ]
 [ 114.53765782 -125.15275396  279.47694828 -408.78911849  237.52270568
  -186.63741119]
 [-430.19000507 -359.47965844  127.79613367  164.11427079 -219.02531754
   332.62266496]]","[-896.09465251 -683.17336206 -518.7533248  -435.69758352 -291.88387465
 -243.52717919 -234.45699509 -183.89105951 -147.1075994   -80.96531187
  -54.85198195  -54.07507637  157.85897787  293.54012193  329.01884414
  410.47732062  512.42559924  718.70336932  720.47776764  893.60283237]","[[1. 1. 1. 1. 1. 1.]
 [1. 1. 1. 1. 1. 1.]
 [1. 1. 1. 1. 1. 1.]
 [1. 1. 1. 1. 1. 1.]
 [1. 1. 1. 1. 1. 1.]
 [1. 1. 1. 1. 1. 1.]
 [1. 1. 1. 1. 1. 1.]
 [1. 1. 1. 1. 1. 1.]
 [1. 1. 1. 1. 1. 1.]
 [1. 1. 1. 1. 1. 1.]
 [1. 1. 1. 1. 1. 1.]
 [1. 1. 1. 1. 1. 1.]
 [1. 1. 1. 1. 1. 1.]
 [1. 1. 1. 1. 1. 1.]
 [1. 1. 1. 1. 1. 1.]
 [1. 1. 1. 1. 1. 1.]
 [1. 1. 1. 1. 1. 1.]
 [1. 1. 1. 1. 1. 1.]
 [1. 1. 1. 1. 1. 1.]
 [1. 1. 1. 1. 1. 1.]]"
1,2,"[[ 403.10537263  220.14491705  171.86738075 -116.52710195  154.0327709
   381.0519808 ]
 [ 164.79132201   47.3189338   402.61529058 -314.36001587  231.53965876
  -140.05035461]
 [-362.98384325   46.45329367  439.6742785  -315.5168069   238.07318833
  -319.94294139]
 [ 401.93507662  219.13839002  470.58863278  225.56045613  476.99215795
    49.1384229 ]
 [-326.09176825   69.45283962 -328.6680653   226.18245684  479.48090611
   207.14539275]
 [ 113.3007779  -125.2383265   391.49285516  392.34952899  -23.69465694
   207.70376755]
 [ 401.19003945 -125.7235679   467.04624324 -161.85166977   10.25824019
   380.20720232]
 [ 164.84037064   84.44473998  167.56886511  391.71312948  231.50043091
  -320.06312504]
 [-362.13396274  481.72179193  441.94163479  391.62873841  153.3823897
  -332.31420705]
 [ 402.89040162  221.2638334   130.59815386 -313.90410149  479.36663717
   -32.54177798]
 [ 173.66638557 -124.01711106  402.5842316  -101.87481111 -219.55870441
   381.01529623]
 [ 165.67033712  -10.19501975  439.77594895  374.33037907  141.89093411
   208.03292111]
 [ 165.08605202  219.57708484  456.89063376 -103.70804395 -140.69519549
    51.47085223]
 [-100.31367141 -116.9037346  -331.49584506  139.94585566  237.1787123
  -320.66436152]
 [-144.82102817   -9.28362273  464.93146075 -115.93415749    9.59229881
   207.2330633 ]
 [-366.19071686   57.54353243  437.46122264  -35.83532143  -36.67627368
   207.7504564 ]
 [-144.5292744  -117.62892459  163.9507645   390.95380506 -158.9737108
   -30.82891926]
 [-326.78573778 -359.19603391 -498.36597257 -265.36770016   26.29522119
    64.97946077]
 [-101.03935931  -81.52188252  403.920209    376.02691908   25.14739864
   -62.13145735]
 [-362.16517989 -125.15489134 -279.73577088 -263.67441188    9.75404046
    65.59187854]]","[-964.14777074 -933.88384431 -933.08800576 -932.79100642 -896.09465251
 -876.18389534 -871.10209551 -814.41713005 -801.69026853 -772.13506315
 -729.0018987  -717.08356685 -683.17336206 -606.64090852 -579.65638521
 -555.49674157 -555.43769995 -539.46201407 -518.7533248  -492.74514412]","[[1.05958038 0.59133195 1.50184501 1.26295516 0.87270459 0.89199229]
 [1.05958038 0.59133195 1.50184501 1.26295516 0.87270459 0.89199229]
 [1.05958038 0.59133195 1.50184501 1.26295516 0.87270459 0.89199229]
 [1.05958038 0.59133195 1.50184501 1.26295516 0.87270459 0.89199229]
 [1.         1.         1.         1.         1.         1.        ]
 [1.05958038 0.59133195 1.50184501 1.26295516 0.87270459 0.89199229]
 [1.05958038 0.59133195 1.50184501 1.26295516 0.87270459 0.89199229]
 [1.05958038 0.59133195 1.50184501 1.26295516 0.87270459 0.89199229]
 [1.05958038 0.59133195 1.50184501 1.26295516 0.87270459 0.89199229]
 [1.05958038 0.59133195 1.50184501 1.26295516 0.87270459 0.89199229]
 [1.05958038 0.59133195 1.50184501 1.26295516 0.87270459 0.89199229]
 [1.05958038 0.59133195 1.50184501 1.26295516 0.87270459 0.89199229]
 [1.         1.         1.         1.         1.         1.        ]
 [1.05958038 0.59133195 1.50184501 1.26295516 0.87270459 0.89199229]
 [1.05958038 0.59133195 1.50184501 1.26295516 0.87270459 0.89199229]
 [1.05958038 0.59133195 1.50184501 1.26295516 0.87270459 0.89199229]
 [1.05958038 0.59133195 1.50184501 1.26295516 0.87270459 0.89199229]
 [1.05958038 0.59133195 1.50184501 1.26295516 0.87270459 0.89199229]
 [1.         1.         1.         1.         1.         1.        ]
 [1.05958038 0.59133195 1.50184501 1.26295516 0.87270459 0.89199229]]"
2,3,"[[ 403.02414497  219.22217852  402.99921223 -314.91602049  -35.09277245
   207.43865583]
 [ 398.99920566 -117.92915619  395.34334804 -314.73659988  479.26833126
  -319.98593709]
 [ 401.08481276 -125.3685313   440.20880333 -265.25972488  230.99911724
   381.30865094]
 [ 402.35587888  -10.02415835  437.63478405  389.84436364  480.84282885
  -320.40073943]
 [ 401.039431    219.73877385  440.44176287 -114.92831481  236.60026878
   208.68064109]
 [ 401.91623084  221.45184229  440.11433418  374.20453724  -37.92363582
   206.23569492]
 [ 402.98054029  219.95112351  455.62147649 -313.67472065  152.6780635
   208.10622197]
 [ 403.76232786  221.17799374  437.24420296  391.26341074    8.92040238
   -30.76814558]
 [ 400.60501465  219.1518867  -332.44205301  373.61083619  477.22591723
   382.46229073]
 [ 164.31487598  219.52765923  402.77777293  387.31661872  231.95688172
   381.21662799]
 [-327.29229969   69.5645354   441.04696531  376.52943834 -140.55392775
  -320.54023244]
 [ 402.97960994  219.9777272   405.03538965  373.08466441    9.65062392
    64.59420238]
 [-100.33081225 -123.79572114  404.48114382  392.27214457  236.36749825
  -331.80819998]
 [-327.53817516   57.87235149  400.7795271  -268.37790641  237.67315019
  -317.73311877]
 [-143.17637888 -117.39296148  437.06359032  391.7955167     8.86272175
   382.26081864]
 [ 403.26413684 -358.95740874  438.46491198 -314.49924436  232.13353914
   -32.57308331]
 [ 401.9630221   -80.6440184   388.26013471  390.1907743  -160.12516853
   206.66891631]
 [ 400.10324058   -9.1563811   392.61073543 -313.09761199  -22.46268574
  -139.56270361]
 [-102.78828471   57.59178588  439.39714527  393.0284314   238.17498088
   207.39065016]
 [ 173.16488077  219.61434011 -327.7178491   391.80591208  477.55767843
   207.98594178]]","[-1424.12753903 -1408.05555654 -1362.87138538 -1355.79072396
 -1297.13170237 -1294.02194846 -1274.96424727 -1268.18672801
 -1222.68936907 -1220.98358298 -1205.3329262  -1167.1147644
 -1158.55090245 -1156.06496119 -1148.9811384  -1132.121647
 -1126.11316375 -1091.62868614 -1089.70740383 -1072.5650671 ]","[[1.09114548 0.47050271 1.87869172 1.59505574 0.81715894 0.84382127]
 [1.12271058 0.34967348 2.25553844 1.59505574 0.7616133  0.89199229]
 [1.12271058 0.47050271 2.25553844 1.59505574 0.7616133  0.79565025]
 [1.12271058 0.47050271 2.25553844 1.59505574 0.7616133  0.79565025]
 [1.12271058 0.34967348 2.25553844 1.59505574 0.7616133  0.79565025]
 [1.12271058 0.34967348 2.25553844 1.59505574 0.7616133  0.79565025]
 [1.12271058 0.47050271 2.25553844 1.42900545 0.7616133  0.79565025]
 [1.09114548 0.34967348 1.87869172 1.59505574 0.7616133  0.79565025]
 [1.12271058 0.34967348 2.25553844 1.59505574 0.7616133  0.79565025]
 [1.09114548 0.34967348 2.25553844 1.42900545 0.7616133  0.79565025]
 [1.12271058 0.34967348 2.25553844 1.59505574 0.7616133  0.79565025]
 [1.12271058 0.47050271 2.25553844 1.59505574 0.81715894 0.79565025]
 [1.12271058 0.34967348 2.25553844 1.59505574 0.7616133  0.79565025]
 [1.12271058 0.34967348 2.25553844 1.59505574 0.81715894 0.79565025]
 [1.12271058 0.34967348 2.25553844 1.42900545 0.7616133  0.79565025]
 [1.12271058 0.47050271 1.87869172 1.59505574 0.7616133  0.79565025]
 [1.12271058 0.34967348 1.87869172 1.59505574 0.7616133  0.84382127]
 [1.09114548 0.47050271 2.25553844 1.59505574 0.7616133  0.84382127]
 [1.12271058 0.34967348 2.25553844 1.59505574 0.7616133  0.79565025]
 [1.12271058 0.47050271 2.25553844 1.59505574 0.7616133  0.84382127]]"
3,4,"[[ 398.45104886  219.5071654   438.62935938  391.88525007  230.66804715
  -320.59713192]
 [ 404.5636151   219.77406936  408.9366811  -313.32553957  233.01254364
  -321.98252151]
 [ 400.66902109  221.31355693  441.41016405  390.25587678  232.43441911
  -319.22002796]
 [ 399.82178065  220.2288539   403.33534936 -315.74156255  230.73793739
  -320.07700289]
 [ 399.3495751   220.98567771  394.96944834  393.73420068  231.49005297
  -320.76930061]
 [ 398.58379538  219.50169566  437.37625026  389.99386797  236.21621177
  -319.97415406]
 [ 402.17226399  219.13375307  437.20291865  394.51387862  479.31599136
   382.00200045]
 [ 397.9506447  -125.68299824  433.66595259  395.61366576  478.03720205
  -317.99563898]
 [ 404.35735254  219.13341265  435.93661201 -318.1335308   231.60144606
   208.31729737]
 [ 402.55520151  219.43188848  402.75720096  390.37467725  -21.95263438
  -318.27599498]
 [ 402.0930856   219.66783261  392.25924797 -312.28807103  231.43167932
  -321.46660582]
 [ 400.83786286  219.12012198  396.05185694 -313.45877251  236.56468249
  -319.02493804]
 [ 400.75435023  219.24822586  404.66276296  391.41747475  238.02220104
   207.48287602]
 [ 397.83631699  221.33168458  441.36680749  396.76749834  237.5174371
   207.75106696]
 [ 402.80548123 -117.81306775  402.52046885  391.1858216   231.22795392
   208.66018145]
 [ 399.74632488  219.7413536   432.45419691  393.18457024  481.14136728
   208.06026769]
 [ 401.89274308  219.61242987  435.1108202   392.25290363  -21.88290685
   208.01816115]
 [ 400.18446403   57.62989165  435.77687166  393.02483273  237.98558795
  -316.90936511]
 [ 403.51542366  221.17282257  400.84466085  392.74662077    9.33505597
   381.17349115]
 [ 402.98011155 -118.02669441  439.33333452 -315.98111393  235.53221695
   381.82311311]]","[-1600.37806735 -1595.5497059  -1575.15817954 -1567.69571077
 -1562.62774716 -1560.13107049 -1560.00709829 -1548.33904518
 -1526.14997379 -1525.67713317 -1520.05489242 -1513.39143344
 -1507.61888034 -1501.64020311 -1495.43537742 -1489.20590631
 -1480.41592576 -1479.13645401 -1477.1508252  -1477.11421119]","[[1.1896021  0.24249819 3.10448647 1.90962684 0.66466342 0.73119798]
 [1.1896021  0.24249819 3.38746915 2.01448388 0.66466342 0.73119798]
 [1.1896021  0.2067731  3.38746915 2.01448388 0.66466342 0.70971389]
 [1.1896021  0.2067731  3.10448647 1.90962684 0.68890089 0.70971389]
 [1.1896021  0.24249819 3.10448647 2.01448388 0.66466342 0.70971389]
 [1.1896021  0.2067731  3.38746915 2.01448388 0.71313836 0.75268207]
 [1.1896021  0.24249819 3.38746915 2.01448388 0.68890089 0.75268207]
 [1.1896021  0.24249819 3.38746915 1.90962684 0.68890089 0.73119798]
 [1.1896021  0.2067731  3.38746915 2.01448388 0.68890089 0.73119798]
 [1.1896021  0.24249819 3.38746915 1.90962684 0.66466342 0.70971389]
 [1.17287922 0.24249819 3.38746915 2.01448388 0.68890089 0.70971389]
 [1.17287922 0.24249819 3.38746915 2.01448388 0.66466342 0.73119798]
 [1.17287922 0.24249819 3.10448647 2.01448388 0.68890089 0.73119798]
 [1.1896021  0.24249819 3.38746915 1.90962684 0.66466342 0.73119798]
 [1.1896021  0.24249819 3.38746915 2.01448388 0.68890089 0.70971389]
 [1.1896021  0.24249819 3.38746915 1.90962684 0.66466342 0.75268207]
 [1.1896021  0.24249819 3.38746915 1.90962684 0.66466342 0.75268207]
 [1.17287922 0.24249819 3.38746915 2.01448388 0.68890089 0.70971389]
 [1.1896021  0.24249819 3.10448647 2.01448388 0.66466342 0.70971389]
 [1.1896021  0.2067731  3.38746915 2.01448388 0.66466342 0.73119798]]"
4,5,"[[ 401.90021992  219.20129056  434.4656528   396.7206473   231.70415018
  -317.53789175]
 [ 398.11321308  219.03559699  431.53277871  395.54511754  230.01051879
  -320.14861045]
 [ 402.80521934  219.69336711  429.79802706  396.24860641  231.18816039
   380.95881716]
 [ 400.33010503  219.44914406  431.66394544  396.59562319  230.80089671
   381.62086341]
 [ 404.08875811  219.21774817  434.84542613  391.08144991  231.04538136
  -319.35752197]
 [ 397.4393023   219.57287214  430.34155676  391.49631334  230.05347643
  -318.06272856]
 [ 407.62235424  219.71178833  406.72464802  394.50143601  237.76266865
  -318.16112477]
 [ 405.26663978  219.12616671  426.04447594 -316.12390413  231.39055602
  -319.588183  ]
 [ 402.14686277 -125.46836332  408.41041416  397.23926616  232.79825959
  -317.56622905]
 [ 400.22375685  219.82024888  437.63128946  393.3740533   232.86530845
  -318.17939623]
 [ 402.15250217  219.18144022  436.35879354  395.20806087  237.05409018
  -318.26293902]
 [ 401.98342942  219.47567742  437.54779312  392.03475938  231.45993291
  -320.86692615]
 [ 405.04463052  219.11066727  441.29868536  391.36412356  231.98814978
  -319.58157689]
 [ 402.47971676  219.48216635  438.94953491  393.13834418  231.3703633
   382.56309131]
 [ 398.41191805  220.31001276  434.1976182   393.43023045  231.63304925
  -321.99737642]
 [ 404.65381297  219.20519529  402.33725412  392.45382084  234.91099644
  -319.84071521]
 [ 398.70288629 -117.9528644   431.15249944  395.09444275  231.23174505
  -316.58659568]
 [ 400.7504188   221.34806786  435.91032048  397.85721835  237.46252015
  -321.09582414]
 [ 397.08266266  219.59282231  436.45717146  392.01939767  231.91106994
  -318.4912031 ]
 [ 403.97638663  219.78214574  438.59830814  394.13344145  232.7849652
   380.91120334]]","[-1670.56392588 -1654.1590809  -1650.23410775 -1644.90475045
 -1640.5544771  -1634.21954316 -1632.76037401 -1628.05507556
 -1621.5772396  -1618.39605343 -1617.77667197 -1617.45583782
 -1612.5584774  -1612.13002896 -1611.58307464 -1606.44249079
 -1606.36008665 -1604.4203453  -1603.52206435 -1602.71640264]","[[1.25161943 0.13283424 4.87495558 2.54420281 0.58005482 0.64264114]
 [1.25161943 0.13283424 4.87495558 2.47798794 0.60120697 0.65222296]
 [1.25161943 0.14339693 5.08745364 2.47798794 0.60120697 0.65222296]
 [1.26047905 0.14339693 5.08745364 2.54420281 0.59063089 0.66180478]
 [1.26047905 0.13283424 4.87495558 2.47798794 0.59063089 0.64264114]
 [1.26047905 0.13283424 4.87495558 2.54420281 0.59063089 0.64264114]
 [1.26047905 0.14339693 5.08745364 2.54420281 0.61178304 0.65222296]
 [1.26047905 0.13283424 5.08745364 2.41177308 0.58005482 0.65222296]
 [1.25161943 0.14339693 4.87495558 2.47798794 0.59063089 0.65222296]
 [1.26047905 0.13283424 5.08745364 2.54420281 0.59063089 0.64264114]
 [1.26047905 0.12227154 5.08745364 2.47798794 0.58005482 0.65222296]
 [1.26047905 0.14339693 4.66245752 2.41177308 0.60120697 0.64264114]
 [1.26047905 0.14339693 5.08745364 2.41177308 0.58005482 0.63305932]
 [1.26047905 0.13283424 4.87495558 2.54420281 0.59063089 0.65222296]
 [1.26047905 0.13283424 4.87495558 2.54420281 0.58005482 0.63305932]
 [1.24275981 0.14339693 4.87495558 2.54420281 0.60120697 0.63305932]
 [1.26047905 0.14339693 5.08745364 2.54420281 0.60120697 0.66180478]
 [1.25161943 0.13283424 5.08745364 2.54420281 0.59063089 0.64264114]
 [1.26047905 0.12227154 5.08745364 2.54420281 0.59063089 0.65222296]
 [1.26047905 0.13283424 4.87495558 2.41177308 0.59063089 0.65222296]]"
5,6,"[[ 401.25192214  219.76748069  432.67534067  406.52933782  230.27367491
  -317.26674921]
 [ 403.06916463  221.33352028  414.66493745  401.02188799  230.6958683
  -317.58021179]
 [ 407.07673047  219.48376707  416.25292885  398.25145757  232.5165142
  -320.64726404]
 [ 407.45486934  219.1584268   426.47265751  398.09314627  230.20779015
   381.06682037]
 [ 400.01496465  219.35510494  432.49328478  399.78703441  230.80870791
  -316.42195161]
 [ 398.62070419  219.13756592  409.50095485  401.05049421  231.0419324
  -316.91139186]
 [ 407.00524467  219.67420368  433.36642378  401.16245253  230.04672395
   380.73636922]
 [ 404.25235574  219.12941122  425.85525958  396.88167687  231.53474235
  -321.6155293 ]
 [ 396.91912579  219.65018214  426.55016572  400.40591846  231.66773607
  -316.68422514]
 [ 408.85394594  219.43315722  438.56097666  400.03620304  234.144094
  -317.09025018]
 [ 406.02457632  219.61927434  417.67814052  392.22945109  228.9409204
  -320.76769473]
 [ 402.48666838  219.15862368  415.58791682  393.18766246  230.7892385
  -315.97654123]
 [ 405.246315    219.01165396  429.02678328  396.34289145  232.30802498
  -320.88713354]
 [ 404.89662925  219.58237593  424.50190556  393.55844438  231.03061622
  -319.7356638 ]
 [ 405.20252504  219.09874163  430.65471073  395.47065793  230.98040686
  -320.94795358]
 [ 402.56313945  219.46965667  428.53710972  395.90161835  231.54347134
  -318.9523937 ]
 [ 404.45588479  219.66312368  427.6543733   398.72661516  237.07248184
  -316.99642481]
 [ 399.33775366  221.37179358  411.00465314  400.84102717  231.42059997
  -320.30584416]
 [ 402.54130335  219.11298827  440.68768062  400.90388393  231.22741964
  -317.99711868]
 [ 404.8794671   218.93707498  415.52768174  392.76604084  231.61183473
  -319.77195614]]","[-1726.21489982 -1713.62313104 -1700.88171664 -1693.4022841
 -1693.11426138 -1690.13204662 -1688.1798483  -1685.71605465
 -1685.15470466 -1683.85072951 -1683.45357343 -1682.56152379
 -1680.30932081 -1679.65066134 -1679.11451546 -1678.97454563
 -1674.23111285 -1671.98315277 -1671.35113186 -1671.10042449]","[[1.33088513 0.07854913 7.16185813 3.12958766 0.51544629 0.56895749]
 [1.33557887 0.08167216 7.48099729 3.17140087 0.51544629 0.5775044 ]
 [1.33557887 0.08167216 7.48099729 3.12958766 0.52467608 0.5775044 ]
 [1.33557887 0.08167216 7.32142771 3.21321407 0.51544629 0.58177786]
 [1.33088513 0.07854913 7.48099729 3.17140087 0.51544629 0.58177786]
 [1.32149765 0.08167216 7.48099729 3.21321407 0.52929098 0.57323095]
 [1.33557887 0.08479519 7.48099729 3.12958766 0.5062165  0.5775044 ]
 [1.33088513 0.08479519 7.32142771 3.21321407 0.5108314  0.56895749]
 [1.33557887 0.08167216 7.64056686 3.12958766 0.52006119 0.5775044 ]
 [1.33557887 0.0754261  7.48099729 3.12958766 0.5062165  0.58177786]
 [1.33088513 0.0754261  7.32142771 3.21321407 0.52467608 0.58605131]
 [1.33088513 0.08167216 7.32142771 3.12958766 0.5108314  0.58177786]
 [1.33557887 0.0754261  7.64056686 3.17140087 0.52006119 0.58605131]
 [1.33557887 0.08167216 7.48099729 3.21321407 0.52006119 0.5775044 ]
 [1.33088513 0.07854913 7.48099729 3.12958766 0.5108314  0.58177786]
 [1.33557887 0.08167216 7.64056686 3.08777446 0.51544629 0.5775044 ]
 [1.33088513 0.0754261  7.48099729 3.17140087 0.5062165  0.58177786]
 [1.33088513 0.07854913 7.48099729 3.21321407 0.52006119 0.58177786]
 [1.33088513 0.08167216 7.48099729 3.21321407 0.51544629 0.5775044 ]
 [1.33557887 0.08479519 7.64056686 3.21321407 0.52006119 0.56895749]]"
6,7,"[[ 404.31990884  221.32306367  417.50943988  411.92754321  230.94488679
  -317.0739124 ]
 [ 403.69421298  219.67458373  427.1741622   410.15239586  231.23079919
  -316.08589507]
 [ 408.29338254  218.93740867  418.93463995  406.31916194  230.26490259
  -320.95805704]
 [ 401.72588597  219.20968078  420.79347531  410.40868364  230.79942215
  -317.56273092]
 [ 402.33851134  219.69881     413.96924529  407.98366342  229.55141293
  -316.51370469]
 [ 404.76011448  219.55954618  417.47572698  406.41955084  231.66132429
  -315.86822512]
 [ 406.04530594  218.97864317  430.09721224  405.1475601   230.81763284
  -316.32328742]
 [ 405.27095902  219.47887107  422.53739248  406.31846067  230.07817577
  -320.58555557]
 [ 404.84237572  219.64251593  429.90233177  402.20970039  228.79396683
  -315.23266676]
 [ 407.44588601  219.6659399   410.57390501  407.69145248  232.89798151
  -317.03211283]
 [ 406.61345125  219.55006463  427.28356952  404.36852341  232.14448001
  -317.94523301]
 [ 408.51913585  219.54878536  409.87902159  402.10334911  230.7857614
  -317.04599434]
 [ 409.00260433  219.51312816  413.16641869  400.25575258  231.11709401
  -317.21621553]
 [ 399.61161336  219.08617016  427.90246038  411.3127499   230.12699625
  -321.36775864]
 [ 402.34662129  219.13876953  424.49191092  404.08371517  230.81583711
  -319.02555651]
 [ 408.48029575  219.38487671  428.95029649  407.31292282  233.15767974
  -322.32115505]
 [ 402.00393037  219.05418237  412.88648412  409.77993646  232.91305725
  -319.19337413]
 [ 401.25192214  219.76748069  432.67534067  406.52933782  230.27367491
  -317.26674921]
 [ 400.05945048  219.76827335  409.83255649  409.98753137  232.21701996
  -315.98457352]
 [ 408.1759023   221.33808955  434.94015454  401.88048366  230.43348162
  -316.30065436]]","[-1761.30388321 -1759.44451332 -1758.02418357 -1755.49962498
 -1754.4893227  -1753.94142635 -1751.02744326 -1748.45336009
 -1747.71242113 -1743.7668385  -1739.12886795 -1737.17991227
 -1735.08567267 -1730.09485194 -1729.92595801 -1728.35782384
 -1727.79705283 -1726.21489982 -1725.50193914 -1723.39437622]","[[ 1.41266647  0.04737198 11.23529845  3.97893299  0.4558735   0.51894136]
 [ 1.41266647  0.04829536 11.35512284  4.00533709  0.44983234  0.51512948]
 [ 1.41515317  0.04737198 10.99564968  4.00533709  0.4558735   0.51703542]
 [ 1.41017977  0.04460186 11.47494723  3.97893299  0.44781862  0.51703542]
 [ 1.41017977  0.04552524 11.47494723  4.03174119  0.44781862  0.51894136]
 [ 1.40520638  0.0501421  11.23529845  4.03174119  0.44781862  0.51512948]
 [ 1.41266647  0.04644861 11.47494723  4.05814529  0.45385978  0.51322353]
 [ 1.41266647  0.04829536 11.35512284  3.97893299  0.4458049   0.51894136]
 [ 1.41515317  0.04829536 11.23529845  4.00533709  0.44983234  0.51131759]
 [ 1.40520638  0.04921873 10.99564968  4.00533709  0.45788722  0.51512948]
 [ 1.41266647  0.04921873 11.11547407  3.95252889  0.45184606  0.51703542]
 [ 1.41266647  0.04921873 11.11547407  4.00533709  0.45385978  0.51512948]
 [ 1.41266647  0.04921873 11.11547407  4.03174119  0.44983234  0.51703542]
 [ 1.41266647  0.04829536 11.35512284  3.97893299  0.44983234  0.51512948]
 [ 1.41266647  0.04829536 11.35512284  4.00533709  0.45184606  0.51512948]
 [ 1.41017977  0.04921873 11.35512284  4.00533709  0.45385978  0.51131759]
 [ 1.41017977  0.04460186 11.35512284  4.05814529  0.44781862  0.51512948]
 [ 1.33088513  0.07854913  7.16185813  3.12958766  0.51544629  0.56895749]
 [ 1.41515317  0.04460186 11.35512284  4.03174119  0.4558735   0.51703542]
 [ 1.41515317  0.04737198 11.35512284  4.00533709  0.4558735   0.51703542]]"
7,8,"[[ 408.85264204  219.07492512  413.28360981  410.62251715  229.64431046
  -316.47820139]
 [ 407.73233889  219.11945683  427.69138883  411.2713543   231.2326571
  -315.96304636]
 [ 406.39713429  219.487033    425.75910772  416.87487555  232.92821108
  -315.5631622 ]
 [ 404.67155219  219.17762498  427.57847626  412.80084052  231.16199144
  -314.77257546]
 [ 410.59491441  219.55841675  419.1409446   406.50603308  231.54819765
  -315.80041393]
 [ 407.08853697  221.3325423   419.63830436  412.27979332  230.34535676
  -317.73444614]
 [ 406.21240744  219.77581235  425.13848689  414.0523066   232.73298835
  -316.35271706]
 [ 404.22049571  219.6793204   416.3325004   409.51477119  230.3108842
  -315.96940576]
 [ 403.8090952   218.97051487  417.14018659  414.71941397  230.7863566
  -319.09795206]
 [ 408.82544858  218.98678542  434.07058924  408.69684688  230.14718852
  -316.16425538]
 [ 408.31079487  219.67855058  407.15631111  411.39795106  230.49093463
  -316.10150552]
 [ 408.01564794  218.9596083   415.9122755   404.6483539   230.14199337
  -317.26832467]
 [ 407.63000946  219.49542054  429.25365516  403.99128592  228.4223088
  -317.40715721]
 [ 404.31990884  221.32306367  417.50943988  411.92754321  230.94488679
  -317.0739124 ]
 [ 404.71204739  219.14866166  429.54795232  407.32607595  229.78916735
  -316.22309314]
 [ 405.54481332  219.73376951  415.38062899  409.86669071  231.77555559
  -316.8496465 ]
 [ 402.34130327  219.52529433  419.76865727  408.01434665  230.10345728
  -315.75729882]
 [ 403.69421298  219.67458373  427.1741622   410.15239586  231.23079919
  -316.08589507]
 [ 406.28169555  219.56610917  424.59255339  413.14438715  230.50295356
  -322.33685822]
 [ 408.29338254  218.93740867  418.93463995  406.31916194  230.26490259
  -320.95805704]]","[-1787.22842523 -1779.02513464 -1776.13088204 -1775.60154376
 -1775.35378434 -1774.85089402 -1769.75674234 -1768.00870916
 -1766.80606886 -1765.99649563 -1765.08774831 -1763.91227752
 -1762.07965841 -1761.30388321 -1760.93877804 -1760.68145073
 -1760.5289669  -1759.44451332 -1758.802537   -1758.02418357]","[[ 1.49288139  0.02910461 16.87367693  4.48887142  0.42208024  0.46204165]
 [ 1.49551625  0.02828558 13.90481775  5.07523475  0.39696421  0.46119161]
 [ 1.4981511   0.03723059 16.51376161  5.04188756  0.42208024  0.45779143]
 [ 1.49683367  0.03723059 16.7836981   5.07523475  0.39344944  0.46119161]
 [ 1.4981511   0.02828558 13.72486009  5.04188756  0.39696421  0.45864148]
 [ 1.49683367  0.0288316  16.96365575  4.47219783  0.39257075  0.46119161]
 [ 1.49551625  0.0288316  16.87367693  5.07523475  0.39608552  0.46034157]
 [ 1.49551625  0.02773956 16.87367693  5.00854036  0.44983234  0.46204165]
 [ 1.49419882  0.02910461 16.96365575  5.07523475  0.39081337  0.45864148]
 [ 1.45482415  0.02855859 16.96365575  5.04188756  0.42120155  0.45864148]
 [ 1.49551625  0.02746655 16.69371927  5.05856115  0.39432813  0.46119161]
 [ 1.49683367  0.02773956 16.96365575  5.07523475  0.39608552  0.46034157]
 [ 1.4981511   0.02855859 16.96365575  5.05856115  0.39696421  0.46034157]
 [ 1.41266647  0.04737198 11.23529845  3.97893299  0.4558735   0.51894136]
 [ 1.4981511   0.0288316  17.05363458  5.09190835  0.39696421  0.48434865]
 [ 1.4981511   0.02719354 17.14361341  5.04188756  0.39520682  0.46119161]
 [ 1.49288139  0.02773956 16.7836981   5.05856115  0.39257075  0.45864148]
 [ 1.41266647  0.04829536 11.35512284  4.00533709  0.44983234  0.51512948]
 [ 1.49288139  0.02855859 16.7836981   5.04188756  0.39169206  0.48349861]
 [ 1.41515317  0.04737198 10.99564968  4.00533709  0.4558735   0.51703542]]"
8,9,"[[ 409.73273284  219.64823498  410.70818273  418.06182211  229.68743857
  -315.4512193 ]
 [ 405.32930559  219.07271994  416.99159475  423.7696247   229.53044442
  -315.91553924]
 [ 411.81347057  219.66637993  417.39272225  412.25316375  230.70358731
  -316.76125611]
 [ 406.82182932  219.09239746  418.3665948   417.16777865  230.66861261
  -316.18057566]
 [ 408.21665203  219.18636412  427.60011405  415.38543785  230.86779037
  -315.31531986]
 [ 404.34980737  219.49573893  422.76306498  418.13571981  230.05888056
  -315.1272439 ]
 [ 408.03190013  219.7401509   417.48948601  410.45181847  228.35186589
  -317.67530068]
 [ 404.82078472  219.67189643  422.75450071  415.84672204  229.61148351
  -316.20068908]
 [ 407.19492418  219.46023729  416.47298221  412.83933453  230.84857248
  -314.77232383]
 [ 408.85264204  219.07492512  413.28360981  410.62251715  229.64431046
  -316.47820139]
 [ 409.07090257  219.75244315  421.77787186  408.58586474  229.95705823
  -316.29268682]
 [ 407.48413207  219.67790104  427.86847434  416.66705748  230.33413348
  -317.40841048]
 [ 407.06531469  218.97242618  414.73476159  410.01726741  229.31516555
  -316.32465349]
 [ 406.80874564  218.95809531  429.29177558  416.29607132  230.7131515
  -316.16375612]
 [ 405.97648248  219.08479258  416.83340172  416.14865279  230.78758496
  -317.42187655]
 [ 404.69631488  219.04400333  413.64392946  415.29629317  230.14725298
  -315.67054868]
 [ 409.2622368   219.10760673  433.1258353   417.14237696  230.46283185
  -317.13151273]
 [ 407.73233889  219.11945683  427.69138883  411.2713543   231.2326571
  -315.96304636]
 [ 410.02789619  219.76522487  413.07737167  413.12023508  233.15007224
  -314.51487835]
 [ 406.1696838   219.82499108  429.46970179  416.29274043  231.03352759
  -316.15982371]]","[-1797.32121168 -1795.63899443 -1795.06582198 -1793.59095001
 -1792.68993008 -1791.16174867 -1790.74241339 -1789.2065441
 -1788.76853338 -1787.22842523 -1785.64852685 -1785.58640324
 -1785.28823151 -1785.02295012 -1783.06198866 -1782.63278773
 -1781.43169803 -1779.02513464 -1777.77319142 -1777.09305994]","[[1.54344002e+00 1.95323404e-02 2.55443489e+01 5.69644593e+00
  3.69837178e-01 4.21328197e-01]
 [1.58461967e+00 2.27230961e-02 2.14003424e+01 6.39926492e+00
  3.69837178e-01 4.10621128e-01]
 [1.53933075e+00 1.64032862e-02 1.65137616e+01 6.40979392e+00
  3.43365133e-01 4.10242012e-01]
 [1.58671355e+00 1.90480216e-02 2.54092146e+01 6.39926492e+00
  3.41831458e-01 4.37135529e-01]
 [1.56166548e+00 2.24500860e-02 2.31122643e+01 5.71311953e+00
  3.44131971e-01 4.12137594e-01]
 [1.58461967e+00 1.71297645e-02 1.66937193e+01 5.67538793e+00
  3.45665647e-01 4.10242012e-01]
 [1.58461967e+00 1.66454456e-02 2.52740804e+01 6.37820691e+00
  3.43748552e-01 4.21328197e-01]
 [1.56166548e+00 1.65647258e-02 2.07925703e+01 6.40979392e+00
  3.55474828e-01 4.11000245e-01]
 [1.54072667e+00 1.92094612e-02 2.52065133e+01 5.71750394e+00
  3.72137692e-01 4.20569964e-01]
 [1.49288139e+00 2.91046074e-02 1.68736769e+01 4.48887142e+00
  4.22080238e-01 4.62041653e-01]
 [1.53933075e+00 1.68068853e-02 2.52740804e+01 6.39926492e+00
  3.55474828e-01 4.21707313e-01]
 [1.54002871e+00 1.68876051e-02 2.54767818e+01 5.71311953e+00
  3.54707990e-01 4.20569964e-01]
 [1.58601559e+00 1.95323404e-02 2.51389461e+01 5.71311953e+00
  3.43748552e-01 4.10621128e-01]
 [1.53933075e+00 2.26115256e-02 1.85631871e+01 5.05856115e+00
  3.44515390e-01 4.20569964e-01]
 [1.58601559e+00 2.24500860e-02 2.31798315e+01 6.38873592e+00
  3.46432485e-01 4.11379361e-01]
 [1.58392171e+00 1.92094612e-02 2.54767818e+01 6.37820691e+00
  3.57391923e-01 4.21328197e-01]
 [1.58671355e+00 2.23194970e-02 2.50713790e+01 5.04188756e+00
  3.43748552e-01 4.11379361e-01]
 [1.49551625e+00 2.82855770e-02 1.39048177e+01 5.07523475e+00
  3.96964207e-01 4.61191609e-01]
 [1.54204410e+00 1.67261654e-02 2.11300739e+01 6.01846062e+00
  3.45665647e-01 4.20949081e-01]
 [1.54064818e+00 2.50141015e-02 2.52065133e+01 6.40979392e+00
  3.69118199e-01 4.11758477e-01]]"
9,10,"[[ 414.79199747  219.75314885  418.89148271  416.39609439  230.67789878
  -317.23624648]
 [ 409.53762002  219.0915822   417.73170984  421.23518488  230.76556924
  -315.76810902]
 [ 410.11283702  219.06110054  425.9643279   414.38309993  228.39266655
  -318.13190449]
 [ 407.01532353  219.81159786  421.68371478  424.9645412   229.86377487
  -314.14337028]
 [ 408.98534923  218.94887299  416.01674994  427.95545548  229.4608961
  -315.79056868]
 [ 407.33679978  219.07536596  415.46416432  418.04665386  229.70825601
  -315.04937594]
 [ 410.48724453  219.06729685  410.59837759  416.00532579  229.90546665
  -314.9694482 ]
 [ 410.7172561   219.07940669  424.51411296  410.69255034  229.95002165
  -315.86853908]
 [ 409.73273284  219.64823498  410.70818273  418.06182211  229.68743857
  -315.4512193 ]
 [ 406.91727656  219.03361993  425.13006709  420.40141829  230.39934283
  -316.03377677]
 [ 409.62739275  219.06871391  427.37017503  418.63325891  231.41604827
  -315.81006548]
 [ 405.32930559  219.07271994  416.99159475  423.7696247   229.53044442
  -315.91553924]
 [ 411.81347057  219.66637993  417.39272225  412.25316375  230.70358731
  -316.76125611]
 [ 406.82182932  219.09239746  418.3665948   417.16777865  230.66861261
  -316.18057566]
 [ 408.21665203  219.18636412  427.60011405  415.38543785  230.86779037
  -315.31531986]
 [ 409.99553305  219.04785297  409.08928504  420.98089227  231.2422819
  -314.28158867]
 [ 404.34980737  219.49573893  422.76306498  418.13571981  230.05888056
  -315.1272439 ]
 [ 408.03190013  219.7401509   417.48948601  410.45181847  228.35186589
  -317.67530068]
 [ 408.85264204  219.18636412  429.46970179  415.84672204  230.86779037
  -315.67054868]
 [ 408.95080723  219.68234751  421.39794503  410.82277746  230.83983356
  -315.07771689]]","[-1806.82426278 -1804.2850777  -1804.24368747 -1803.3640733
 -1803.05813111 -1802.6712211  -1799.49852916 -1798.63255781
 -1797.32121168 -1796.71965797 -1795.94530424 -1795.63899443
 -1795.06582198 -1793.59095001 -1792.68993008 -1791.16985831
 -1791.16174867 -1790.74241339 -1790.54304373 -1790.52041833]","[[1.65688715e+00 1.23889090e-02 2.82844327e+01 7.61822374e+00
  3.01329385e-01 3.75314251e-01]
 [1.63256534e+00 9.77138555e-03 3.82114399e+01 7.22871146e+00
  3.11542076e-01 3.71046193e-01]
 [1.66798032e+00 1.23889090e-02 2.63084886e+01 6.87561399e+00
  3.05107726e-01 3.75821504e-01]
 [1.65614761e+00 1.32845746e-02 2.65114393e+01 6.77824819e+00
  3.11374771e-01 3.71553446e-01]
 [1.58461967e+00 1.04817455e-02 3.29183907e+01 7.24200912e+00
  3.01329385e-01 3.75483336e-01]
 [1.63174262e+00 1.14546326e-02 3.12272180e+01 6.79154585e+00
  3.11061043e-01 3.71384362e-01]
 [1.65614761e+00 1.31708672e-02 3.49981368e+01 7.23148011e+00
  3.04271198e-01 3.66947220e-01]
 [1.60713421e+00 1.14876202e-02 3.46937108e+01 7.64205040e+00
  3.16491558e-01 3.78603456e-01]
 [1.54344002e+00 1.95323404e-02 2.55443489e+01 5.69644593e+00
  3.69837178e-01 4.21328197e-01]
 [1.63141444e+00 1.32845746e-02 2.29771301e+01 8.06868700e+00
  3.38953326e-01 3.75652420e-01]
 [1.60713421e+00 1.16399383e-02 3.15989618e+01 7.65534806e+00
  3.12211299e-01 3.75145167e-01]
 [1.58461967e+00 2.27230961e-02 2.14003424e+01 6.39926492e+00
  3.69837178e-01 4.10621128e-01]
 [1.53933075e+00 1.64032862e-02 1.65137616e+01 6.40979392e+00
  3.43365133e-01 4.10242012e-01]
 [1.58671355e+00 1.90480216e-02 2.54092146e+01 6.39926492e+00
  3.41831458e-01 4.37135529e-01]
 [1.56166548e+00 2.24500860e-02 2.31122643e+01 5.71311953e+00
  3.44131971e-01 4.12137594e-01]
 [1.63248217e+00 1.24127751e-02 3.13623522e+01 7.21818245e+00
  3.33334621e-01 3.71215278e-01]
 [1.58461967e+00 1.71297645e-02 1.66937193e+01 5.67538793e+00
  3.45665647e-01 4.10242012e-01]
 [1.58461967e+00 1.66454456e-02 2.52740804e+01 6.37820691e+00
  3.43748552e-01 4.21328197e-01]
 [1.65721534e+00 1.13114360e-02 2.95217917e+01 7.65534806e+00
  3.01663997e-01 3.71384362e-01]
 [1.61966489e+00 1.50008093e-02 3.64358705e+01 7.65146788e+00
  3.17160781e-01 3.66439966e-01]]"
10,11,"[[ 413.9457905   219.80295619  418.20986721  424.77871134  228.13484868
  -316.81299242]
 [ 413.68814777  219.08997392  426.56986771  419.64003811  230.78627758
  -314.83261237]
 [ 412.7214455   219.17415589  417.03622961  416.12539899  230.43187987
  -314.73143086]
 [ 411.22854759  219.19063364  423.17437473  428.53257263  229.83868265
  -315.55644054]
 [ 411.10603976  219.07526909  416.31142207  417.87773859  230.90617126
  -315.05260641]
 [ 410.11283702  219.68234751  418.89148271  420.98089227  230.67789878
  -315.04937594]
 [ 410.11283702  219.68234751  416.01674994  421.23518488  230.67789878
  -314.28158867]
 [ 414.79199747  219.75314885  418.89148271  416.39609439  230.67789878
  -317.23624648]
 [ 412.18630457  219.68157346  416.54888728  420.12531998  230.94449577
  -315.65331231]
 [ 414.18841389  219.0912254   427.26083391  422.80377577  230.83884381
  -317.17234403]
 [ 412.169378    219.06641252  414.63166992  424.47449338  230.44490273
  -316.47038948]
 [ 409.53762002  219.0915822   417.73170984  421.23518488  230.76556924
  -315.76810902]
 [ 410.11283702  219.06110054  425.9643279   414.38309993  228.39266655
  -318.13190449]
 [ 415.18810513  218.95050543  416.3066922   427.63792096  230.84672806
  -317.3650893 ]
 [ 407.01532353  219.81159786  421.68371478  424.9645412   229.86377487
  -314.14337028]
 [ 408.98534923  218.94887299  416.01674994  427.95545548  229.4608961
  -315.79056868]
 [ 407.33679978  219.07536596  415.46416432  418.04665386  229.70825601
  -315.04937594]
 [ 409.56477955  219.06029201  414.41042254  413.16965586  229.94661284
  -314.42050463]
 [ 408.47149773  219.05740583  418.95328062  426.55327095  229.60281217
  -316.78952939]
 [ 411.61721347  219.17402624  414.33378437  425.23531538  230.87841977
  -315.92696283]]","[-1822.0803827  -1813.95448436 -1813.51364978 -1808.1275856
 -1807.327544   -1807.23634203 -1807.0222789  -1806.82426278
 -1806.72561426 -1805.39747555 -1805.28813984 -1804.2850777
 -1804.24368747 -1803.81824046 -1803.3640733  -1803.05813111
 -1802.6712211  -1801.96353745 -1801.62740613 -1801.61637699]","[[1.72319557e+00 8.97625864e-03 4.34078077e+01 8.61415872e+00
  2.86774098e-01 3.48602351e-01]
 [1.74855265e+00 8.46118697e-03 4.53612397e+01 8.17034429e+00
  3.12211299e-01 3.50581299e-01]
 [1.71731851e+00 9.70284522e-03 5.36414038e+01 8.85942510e+00
  2.82932211e-01 3.56766435e-01]
 [1.67578195e+00 8.51287248e-03 4.82208660e+01 7.61157491e+00
  2.74043917e-01 3.31347400e-01]
 [1.67982969e+00 7.02689224e-03 3.24437259e+01 8.32130410e+00
  2.83553144e-01 3.75821504e-01]
 [1.72885469e+00 6.27581136e-03 4.74567432e+01 7.92567633e+00
  2.83553144e-01 3.66778135e-01]
 [1.65503829e+00 1.02102774e-02 4.20746799e+01 9.66591110e+00
  2.88556610e-01 3.50599562e-01]
 [1.65688715e+00 1.23889090e-02 2.82844327e+01 7.61822374e+00
  3.01329385e-01 3.75314251e-01]
 [1.72942037e+00 7.59783198e-03 3.88869122e+01 7.94950299e+00
  3.10538242e-01 3.30894934e-01]
 [1.74228379e+00 8.02058744e-03 3.85949365e+01 7.64481905e+00
  2.83601434e-01 3.49447773e-01]
 [1.70438899e+00 7.00738561e-03 4.34840078e+01 9.36885788e+00
  2.69076556e-01 3.48771435e-01]
 [1.63256534e+00 9.77138555e-03 3.82114399e+01 7.22871146e+00
  3.11542076e-01 3.71046193e-01]
 [1.66798032e+00 1.23889090e-02 2.63084886e+01 6.87561399e+00
  3.05107726e-01 3.75821504e-01]
 [1.70137899e+00 1.06126237e-02 4.32048569e+01 8.32130410e+00
  2.82293397e-01 3.29142218e-01]
 [1.65614761e+00 1.32845746e-02 2.65114393e+01 6.77824819e+00
  3.11374771e-01 3.71553446e-01]
 [1.58461967e+00 1.04817455e-02 3.29183907e+01 7.24200912e+00
  3.01329385e-01 3.75483336e-01]
 [1.63174262e+00 1.14546326e-02 3.12272180e+01 6.79154585e+00
  3.11061043e-01 3.71384362e-01]
 [1.70399719e+00 7.33571103e-03 3.89883876e+01 8.32970127e+00
  2.99990939e-01 3.53546747e-01]
 [1.71803603e+00 1.06462431e-02 3.71620805e+01 9.90593244e+00
  2.74627951e-01 3.33024704e-01]
 [1.74228379e+00 1.15500970e-02 3.45691330e+01 8.60750989e+00
  2.98735060e-01 3.55299462e-01]]"
11,12,"[[ 411.76882721  219.06756307  423.80940843  422.24760883  228.49100919
  -315.79590534]
 [ 413.9457905   219.07526909  426.56986771  421.23518488  229.70825601
  -314.42050463]
 [ 413.9457905   219.80295619  418.20986721  424.77871134  228.13484868
  -316.81299242]
 [ 412.49770103  219.06948633  416.99312058  424.1811886   228.93038143
  -315.61225084]
 [ 414.79199747  219.06110054  418.95328062  426.55327095  229.86377487
  -315.04937594]
 [ 414.52094825  218.94687604  421.65352709  415.86555053  230.58065431
  -314.41115722]
 [ 414.75815883  219.05928075  422.48664784  416.40194425  230.53897992
  -315.10857051]
 [ 412.82519563  219.19122076  411.01310398  423.30222203  228.90379822
  -313.95338998]
 [ 410.8539789   219.6823302   423.06013043  422.40286636  230.18941617
  -313.89565174]
 [ 407.33679978  219.08997392  417.03622961  420.98089227  228.13484868
  -315.04937594]
 [ 411.02075288  219.06169333  419.11535142  421.92541413  229.86774418
  -315.80592776]
 [ 413.68814777  219.08997392  426.56986771  419.64003811  230.78627758
  -314.83261237]
 [ 412.7214455   219.17415589  417.03622961  416.12539899  230.43187987
  -314.73143086]
 [ 412.169378    219.06641252  416.31142207  424.47449338  230.67789878
  -315.79056868]
 [ 411.22854759  219.19063364  423.17437473  428.53257263  229.83868265
  -315.55644054]
 [ 411.10603976  219.07526909  416.31142207  417.87773859  230.90617126
  -315.05260641]
 [ 410.11283702  219.68234751  418.89148271  420.98089227  230.67789878
  -315.04937594]
 [ 408.19298839  218.95224512  419.58309376  415.09428825  229.84871455
  -314.44936967]
 [ 410.11283702  219.68234751  416.01674994  421.23518488  230.67789878
  -314.28158867]
 [ 414.79199747  219.75314885  418.89148271  416.39609439  230.67789878
  -317.23624648]]","[-1823.54896143 -1822.42495217 -1822.0803827  -1821.15534117
 -1820.54881507 -1819.30254723 -1817.79137059 -1816.82905748
 -1815.30807314 -1814.66463922 -1814.39930076 -1813.95448436
 -1813.51364978 -1808.49659581 -1808.1275856  -1807.327544
 -1807.23634203 -1807.22403291 -1807.0222789  -1806.82426278]","[[1.78037932e+00 5.51852275e-03 5.30565542e+01 1.01965355e+01
  2.67719885e-01 3.13415658e-01]
 [1.81869125e+00 4.57929805e-03 4.86018666e+01 1.00707571e+01
  2.44969072e-01 3.23090248e-01]
 [1.72319557e+00 8.97625864e-03 4.34078077e+01 8.61415872e+00
  2.86774098e-01 3.48602351e-01]
 [1.77958404e+00 4.94641415e-03 5.38645826e+01 9.60181570e+00
  2.43329828e-01 3.26077134e-01]
 [1.81257950e+00 4.67060526e-03 6.41159761e+01 8.62210786e+00
  2.51046875e-01 3.20960477e-01]
 [1.79763134e+00 6.80171582e-03 6.51917994e+01 9.81948620e+00
  2.55448788e-01 3.35079063e-01]
 [1.79986791e+00 5.03772136e-03 4.84494664e+01 1.10619132e+01
  2.71738191e-01 3.03330379e-01]
 [1.74174015e+00 5.55566528e-03 6.02886542e+01 9.38390389e+00
  2.49933421e-01 3.20960477e-01]
 [1.71731851e+00 6.02685798e-03 3.98160729e+01 9.59651307e+00
  2.59461265e-01 3.04137572e-01]
 [1.79078141e+00 5.27051459e-03 5.06779004e+01 1.15100912e+01
  2.56620304e-01 3.19947688e-01]
 [1.80074494e+00 5.09067714e-03 6.09292940e+01 8.57741789e+00
  2.62387503e-01 3.14012907e-01]
 [1.74855265e+00 8.46118697e-03 4.53612397e+01 8.17034429e+00
  3.12211299e-01 3.50581299e-01]
 [1.71731851e+00 9.70284522e-03 5.36414038e+01 8.85942510e+00
  2.82932211e-01 3.56766435e-01]
 [1.76050266e+00 5.52277547e-03 5.60451204e+01 1.05147366e+01
  2.49641404e-01 3.03935774e-01]
 [1.67578195e+00 8.51287248e-03 4.82208660e+01 7.61157491e+00
  2.74043917e-01 3.31347400e-01]
 [1.67982969e+00 7.02689224e-03 3.24437259e+01 8.32130410e+00
  2.83553144e-01 3.75821504e-01]
 [1.72885469e+00 6.27581136e-03 4.74567432e+01 7.92567633e+00
  2.83553144e-01 3.66778135e-01]
 [1.83324349e+00 5.37048630e-03 5.26502783e+01 9.84746475e+00
  2.72468234e-01 3.31422811e-01]
 [1.65503829e+00 1.02102774e-02 4.20746799e+01 9.66591110e+00
  2.88556610e-01 3.50599562e-01]
 [1.65688715e+00 1.23889090e-02 2.82844327e+01 7.61822374e+00
  3.01329385e-01 3.75314251e-01]]"
12,13,"[[ 415.15859919  219.07925747  417.58225158  418.51229048  228.11349803
  -315.50765293]
 [ 413.9457905   219.07526909  419.11535142  424.77871134  228.90379822
  -314.44936967]
 [ 416.17586272  219.80739307  415.60196051  418.23098181  229.05367068
  -314.114663  ]
 [ 414.52094825  218.95224512  419.58309376  428.53257263  228.90379822
  -313.95338998]
 [ 414.37738367  219.19278365  417.00485654  418.0566698   229.25343218
  -314.78590385]
 [ 411.76882721  219.06756307  423.80940843  422.24760883  228.49100919
  -315.79590534]
 [ 413.9457905   219.07526909  426.56986771  421.23518488  229.70825601
  -314.42050463]
 [ 413.9457905   219.80295619  418.20986721  424.77871134  228.13484868
  -316.81299242]
 [ 412.49770103  219.06948633  416.99312058  424.1811886   228.93038143
  -315.61225084]
 [ 414.04153215  219.08934652  425.8718      417.94841717  230.13947395
  -314.02958441]
 [ 414.79199747  219.06110054  418.95328062  426.55327095  229.86377487
  -315.04937594]
 [ 412.2882534   219.07985285  424.42448492  428.94194761  228.49415383
  -314.46175565]
 [ 410.8539789   218.95224512  422.48664784  423.30222203  229.86377487
  -313.95338998]
 [ 414.52094825  218.94687604  421.65352709  415.86555053  230.58065431
  -314.41115722]
 [ 414.79199747  219.06169333  417.03622961  419.64003811  230.58065431
  -315.04937594]
 [ 414.52094825  219.08997392  411.01310398  421.92541413  228.49100919
  -315.55644054]
 [ 414.75815883  219.05928075  418.89148271  424.47449338  230.67789878
  -315.05260641]
 [ 414.75815883  219.05928075  422.48664784  416.40194425  230.53897992
  -315.10857051]
 [ 414.79199747  219.06756307  416.99312058  416.39609439  230.67789878
  -314.28158867]
 [ 413.68814777  219.07526909  418.95328062  423.30222203  230.18941617
  -315.79056868]]","[-1831.96859975 -1828.7556686  -1827.05113588 -1826.44472895
 -1825.21113032 -1823.54896143 -1822.42495217 -1822.0803827
 -1821.15534117 -1820.89864605 -1820.54881507 -1820.54557813
 -1819.71996947 -1819.30254723 -1818.51320006 -1818.33958111
 -1817.94151669 -1817.79137059 -1817.78360596 -1817.54840726]","[[1.84912288e+00 3.85954980e-03 7.05590112e+01 1.15046507e+01
  2.29124572e-01 3.11361298e-01]
 [1.83084005e+00 3.63592479e-03 7.64906708e+01 1.04052658e+01
  2.27632605e-01 3.08560426e-01]
 [1.83257535e+00 6.17994561e-03 8.51134678e+01 1.09103451e+01
  2.41954722e-01 2.77979616e-01]
 [1.78762106e+00 2.93925090e-03 8.22089052e+01 1.18835514e+01
  2.36674637e-01 3.06728771e-01]
 [1.79977579e+00 3.14776122e-03 8.13895146e+01 1.12631954e+01
  2.30036705e-01 2.96148229e-01]
 [1.78037932e+00 5.51852275e-03 5.30565542e+01 1.01965355e+01
  2.67719885e-01 3.13415658e-01]
 [1.81869125e+00 4.57929805e-03 4.86018666e+01 1.00707571e+01
  2.44969072e-01 3.23090248e-01]
 [1.72319557e+00 8.97625864e-03 4.34078077e+01 8.61415872e+00
  2.86774098e-01 3.48602351e-01]
 [1.77958404e+00 4.94641415e-03 5.38645826e+01 9.60181570e+00
  2.43329828e-01 3.26077134e-01]
 [1.83618454e+00 4.50044061e-03 6.80910595e+01 1.13778425e+01
  2.36945583e-01 3.07437256e-01]
 [1.81257950e+00 4.67060526e-03 6.41159761e+01 8.62210786e+00
  2.51046875e-01 3.20960477e-01]
 [1.76775985e+00 5.16811888e-03 8.01218979e+01 1.19902371e+01
  2.37147167e-01 2.89226147e-01]
 [1.86917221e+00 5.02986758e-03 8.41710845e+01 1.22732515e+01
  2.15722409e-01 3.12715817e-01]
 [1.79763134e+00 6.80171582e-03 6.51917994e+01 9.81948620e+00
  2.55448788e-01 3.35079063e-01]
 [1.89635853e+00 3.24442321e-03 7.21321786e+01 1.02512067e+01
  2.24682183e-01 3.11361298e-01]
 [1.78762106e+00 4.00791690e-03 7.90725578e+01 1.18785317e+01
  2.38153275e-01 2.92002093e-01]
 [1.83104034e+00 4.37394122e-03 7.01934064e+01 1.01642762e+01
  2.39128857e-01 3.10084146e-01]
 [1.79986791e+00 5.03772136e-03 4.84494664e+01 1.10619132e+01
  2.71738191e-01 3.03330379e-01]
 [1.85262467e+00 5.04391792e-03 7.21321786e+01 1.24192386e+01
  2.36399878e-01 3.17058914e-01]
 [1.84251554e+00 4.39977070e-03 6.38990029e+01 1.07322638e+01
  2.36945583e-01 3.00454914e-01]]"
13,14,"[[ 415.15859919  219.07925747  417.58225158  418.51229048  228.11349803
  -315.50765293]
 [ 415.15859919  218.94687604  418.20986721  423.30222203  228.93038143
  -314.42050463]
 [ 414.52094825  219.05928075  417.00485654  421.23518488  228.90379822
  -314.114663  ]
 [ 415.15859919  219.06110054  418.20986721  416.40194425  228.90379822
  -314.114663  ]
 [ 416.17586272  219.08934652  421.65352709  428.53257263  228.13484868
  -314.78590385]
 [ 415.03209266  219.09006611  418.7214938   421.29962803  228.2636536
  -316.21871749]
 [ 414.79199747  219.07985285  416.99312058  418.0566698   228.49100919
  -315.04937594]
 [ 412.49770103  219.05928075  418.95328062  418.23098181  228.11349803
  -315.10857051]
 [ 413.9457905   219.07526909  419.11535142  424.77871134  228.90379822
  -314.44936967]
 [ 414.5793779   219.06504844  424.46393541  421.4621357   229.23363834
  -314.55547125]
 [ 414.04153215  219.07526909  418.89148271  428.94194761  228.13484868
  -314.02958441]
 [ 414.52094825  219.07985285  418.95328062  424.77871134  229.25343218
  -314.28158867]
 [ 416.17586272  219.80739307  415.60196051  418.23098181  229.05367068
  -314.114663  ]
 [ 414.79199747  218.95224512  415.60196051  423.30222203  228.49100919
  -315.79056868]
 [ 412.2882534   219.07925747  424.42448492  421.92541413  229.05367068
  -313.95338998]
 [ 413.68814777  219.80295619  421.65352709  419.64003811  229.05367068
  -314.42050463]
 [ 413.9457905   218.94687604  421.65352709  423.30222203  229.86377487
  -313.95338998]
 [ 414.52094825  218.95224512  419.58309376  428.53257263  228.90379822
  -313.95338998]
 [ 414.79199747  219.06756307  419.58309376  418.23098181  229.05367068
  -315.79056868]
 [ 414.37738367  219.19278365  417.00485654  418.0566698   229.25343218
  -314.78590385]]","[-1831.96859975 -1831.73846287 -1831.0513388  -1830.4272393
 -1830.36873642 -1830.07775501 -1829.8805356  -1829.31881597
 -1828.7556686  -1828.31301311 -1828.25472471 -1828.09247849
 -1827.05113588 -1826.71942933 -1826.71767052 -1826.69001775
 -1826.57321513 -1826.44472895 -1826.16535048 -1825.21113032]","[[1.84912288e+00 3.85954980e-03 7.05590112e+01 1.15046507e+01
  2.29124572e-01 3.11361298e-01]
 [1.93307939e+00 3.31668245e-03 8.07420291e+01 1.29529696e+01
  2.04933403e-01 2.83725479e-01]
 [1.91287338e+00 3.01519762e-03 1.09263348e+02 1.39510685e+01
  2.21965332e-01 2.87556274e-01]
 [1.92851411e+00 1.94405574e-03 8.79874900e+01 1.18835514e+01
  2.07310477e-01 2.78335988e-01]
 [1.95052760e+00 2.87225397e-03 1.21282554e+02 1.42782104e+01
  2.02601531e-01 2.84295084e-01]
 [1.94960826e+00 3.64267536e-03 9.62922589e+01 1.37723513e+01
  2.21727213e-01 2.90858290e-01]
 [1.94275366e+00 2.28989272e-03 1.15282894e+02 1.46840213e+01
  2.03618084e-01 2.80713325e-01]
 [1.91318860e+00 2.26012805e-03 1.09119326e+02 1.32160676e+01
  2.03672435e-01 2.76482700e-01]
 [1.83084005e+00 3.63592479e-03 7.64906708e+01 1.04052658e+01
  2.27632605e-01 3.08560426e-01]
 [1.96641576e+00 3.08605519e-03 9.98254905e+01 1.38356211e+01
  2.07192249e-01 2.81189229e-01]
 [1.88572466e+00 2.64716823e-03 1.03047322e+02 1.42609833e+01
  2.24462545e-01 2.80763897e-01]
 [1.90056766e+00 2.88197954e-03 1.05694158e+02 1.42609833e+01
  2.23713003e-01 2.70801584e-01]
 [1.83257535e+00 6.17994561e-03 8.51134678e+01 1.09103451e+01
  2.41954722e-01 2.77979616e-01]
 [1.90351434e+00 2.26012805e-03 1.17371638e+02 1.18041251e+01
  2.14857414e-01 2.66610508e-01]
 [1.92287466e+00 2.36035140e-03 6.89776944e+01 1.28328645e+01
  2.01520296e-01 2.61074716e-01]
 [1.89630973e+00 2.88197954e-03 1.17603902e+02 1.29456942e+01
  1.97404489e-01 2.81524940e-01]
 [1.93315072e+00 2.96226658e-03 1.14331013e+02 1.08843159e+01
  2.03370782e-01 2.80713325e-01]
 [1.78762106e+00 2.93925090e-03 8.22089052e+01 1.18835514e+01
  2.36674637e-01 3.06728771e-01]
 [1.89682866e+00 3.01257847e-03 1.11189161e+02 1.25571232e+01
  2.22397684e-01 2.69285914e-01]
 [1.79977579e+00 3.14776122e-03 8.13895146e+01 1.12631954e+01
  2.30036705e-01 2.96148229e-01]]"
14,15,"[[ 416.17586272  219.07925747  418.89148271  418.23098181  228.13484868
  -314.28158867]
 [ 415.15859919  218.95224512  417.00485654  421.92541413  228.11349803
  -314.02958441]
 [ 414.79199747  219.06110054  419.58309376  424.77871134  228.11349803
  -313.95338998]
 [ 414.5793779   219.07526909  418.20986721  421.92541413  228.49100919
  -313.95338998]
 [ 414.37738367  218.94687604  418.7214938   418.0566698   228.49100919
  -313.95338998]
 [ 416.17586272  218.94687604  424.46393541  421.23518488  228.90379822
  -314.114663  ]
 [ 413.68814777  218.94687604  424.46393541  423.30222203  228.13484868
  -314.114663  ]
 [ 414.79199747  218.95224512  424.46393541  421.92541413  228.49100919
  -314.44936967]
 [ 415.15859919  219.19278365  419.58309376  418.23098181  228.49100919
  -314.55547125]
 [ 414.52094825  219.07925747  418.95328062  423.30222203  228.49100919
  -314.44936967]
 [ 414.52094825  219.07526909  416.99312058  423.30222203  228.49100919
  -313.95338998]
 [ 415.15859919  219.07985285  421.65352709  423.30222203  229.05367068
  -313.95338998]
 [ 415.15859919  218.94687604  421.65352709  418.23098181  228.90379822
  -314.42050463]
 [ 415.15859919  219.07925747  417.58225158  418.51229048  228.11349803
  -315.50765293]
 [ 415.15859919  218.94687604  418.20986721  423.30222203  228.93038143
  -314.42050463]
 [ 414.52094825  219.05928075  417.00485654  421.23518488  228.90379822
  -314.114663  ]
 [ 414.37738367  219.05928075  424.46393541  421.92541413  228.93038143
  -314.114663  ]
 [ 412.2882534   219.08934652  421.65352709  424.77871134  228.2636536
  -314.114663  ]
 [ 413.68814777  219.05928075  417.00485654  424.77871134  228.2636536
  -314.44936967]
 [ 414.52094825  218.94687604  421.65352709  421.29962803  229.25343218
  -314.42050463]]","[-1837.71508079 -1837.09034416 -1836.36843978 -1834.83699245
 -1834.36101138 -1834.24106326 -1834.19770251 -1833.59773254
 -1833.39384855 -1833.15028629 -1833.14037984 -1832.78949615
 -1832.53531696 -1831.96859975 -1831.73846287 -1831.0513388
 -1830.99197586 -1830.48265387 -1830.4784264  -1830.45249485]","[[1.98654927e+00 1.82217724e-03 1.14877132e+02 1.53804791e+01
  1.93502356e-01 2.66521526e-01]
 [2.04027249e+00 1.77991367e-03 1.54383204e+02 1.80095147e+01
  2.05556531e-01 2.52857432e-01]
 [2.01338444e+00 1.78828296e-03 1.48301037e+02 1.63850856e+01
  1.85492485e-01 2.53699514e-01]
 [2.02635415e+00 2.69623613e-03 1.29746590e+02 1.69118002e+01
  1.75010836e-01 2.51760086e-01]
 [2.04647188e+00 1.85769683e-03 1.63272625e+02 1.77423757e+01
  1.77146950e-01 2.49174899e-01]
 [1.96877196e+00 1.33648593e-03 1.79385217e+02 1.43773977e+01
  2.00317261e-01 2.35345576e-01]
 [1.96196678e+00 1.58068449e-03 1.48512366e+02 1.43436787e+01
  1.93081535e-01 2.57300585e-01]
 [1.95052760e+00 1.52914666e-03 1.49869521e+02 1.46743583e+01
  1.80817627e-01 2.61996911e-01]
 [2.02635415e+00 1.80938052e-03 1.65517558e+02 1.70825349e+01
  1.86817681e-01 2.68880819e-01]
 [2.05459119e+00 1.69845555e-03 1.54761107e+02 1.73511416e+01
  1.79281748e-01 2.48869257e-01]
 [2.00381145e+00 1.96573620e-03 1.30364903e+02 1.65096875e+01
  1.86023325e-01 2.73599700e-01]
 [2.06595207e+00 1.54997889e-03 1.21748225e+02 1.70425814e+01
  1.88026496e-01 2.62019466e-01]
 [1.97934366e+00 1.63478087e-03 1.39552869e+02 1.61090517e+01
  1.84082648e-01 2.53031895e-01]
 [1.84912288e+00 3.85954980e-03 7.05590112e+01 1.15046507e+01
  2.29124572e-01 3.11361298e-01]
 [1.93307939e+00 3.31668245e-03 8.07420291e+01 1.29529696e+01
  2.04933403e-01 2.83725479e-01]
 [1.91287338e+00 3.01519762e-03 1.09263348e+02 1.39510685e+01
  2.21965332e-01 2.87556274e-01]
 [1.97521141e+00 1.80938052e-03 1.38011560e+02 1.85452604e+01
  1.76598304e-01 2.53858455e-01]
 [2.00376377e+00 1.77489076e-03 1.70185311e+02 1.70425814e+01
  1.85260725e-01 2.64063000e-01]
 [2.05095968e+00 1.45092054e-03 1.36478793e+02 1.75067181e+01
  1.93606260e-01 2.52226828e-01]
 [1.97488232e+00 1.91131604e-03 1.48011944e+02 1.40748883e+01
  1.82992984e-01 2.51559209e-01]]"
15,16,"[[ 416.17586272  219.07925747  418.89148271  418.23098181  228.13484868
  -314.28158867]
 [ 415.15859919  219.06110054  418.7214938   423.30222203  228.11349803
  -313.95338998]
 [ 416.17586272  219.06110054  424.46393541  421.23518488  228.11349803
  -314.44936967]
 [ 416.17586272  219.05928075  419.58309376  423.30222203  228.49100919
  -313.95338998]
 [ 415.15859919  218.95224512  417.00485654  421.92541413  228.11349803
  -314.02958441]
 [ 414.79199747  218.94687604  417.58225158  421.92541413  228.11349803
  -314.114663  ]
 [ 414.5793779   219.07925747  421.65352709  421.92541413  228.13484868
  -314.42050463]
 [ 414.79199747  219.06110054  419.58309376  424.77871134  228.11349803
  -313.95338998]
 [ 416.17586272  219.19278365  417.00485654  421.23518488  228.13484868
  -314.44936967]
 [ 414.79199747  219.07526909  416.99312058  421.92541413  228.11349803
  -313.95338998]
 [ 414.52094825  219.07526909  417.00485654  421.23518488  228.11349803
  -313.95338998]
 [ 414.52094825  218.94687604  418.95328062  423.30222203  228.2636536
  -314.114663  ]
 [ 416.17586272  218.94687604  418.95328062  424.77871134  228.49100919
  -314.114663  ]
 [ 416.17586272  218.95224512  417.00485654  418.23098181  228.2636536
  -314.55547125]
 [ 413.68814777  219.08934652  417.58225158  421.23518488  228.11349803
  -313.95338998]
 [ 413.68814777  218.94687604  424.46393541  421.23518488  228.11349803
  -314.114663  ]
 [ 413.68814777  218.95224512  418.7214938   418.23098181  228.11349803
  -314.114663  ]
 [ 414.5793779   219.07526909  418.20986721  421.92541413  228.49100919
  -313.95338998]
 [ 414.52094825  219.07526909  418.95328062  421.92541413  228.49100919
  -314.114663  ]
 [ 415.15859919  219.07985285  418.20986721  423.30222203  228.49100919
  -314.114663  ]]","[-1837.71508079 -1837.6701031  -1837.34277233 -1837.28032716
 -1837.09034416 -1836.84701892 -1836.37868609 -1836.36843978
 -1836.28833766 -1836.28484359 -1835.9746444  -1835.92920755
 -1835.82138664 -1835.21269301 -1835.02510967 -1834.99682014
 -1834.94733386 -1834.83699245 -1834.72427469 -1834.66705441]","[[1.98654927e+00 1.82217724e-03 1.14877132e+02 1.53804791e+01
  1.93502356e-01 2.66521526e-01]
 [2.10103040e+00 1.03714777e-03 2.13847583e+02 2.11088223e+01
  1.60418510e-01 2.24214622e-01]
 [2.11402870e+00 9.92129430e-04 1.55469347e+02 1.96920258e+01
  1.67258305e-01 2.26987632e-01]
 [2.04679194e+00 9.55247749e-04 2.08575134e+02 1.82217859e+01
  1.66754139e-01 2.43400142e-01]
 [2.04027249e+00 1.77991367e-03 1.54383204e+02 1.80095147e+01
  2.05556531e-01 2.52857432e-01]
 [2.09491013e+00 1.00232688e-03 1.58060642e+02 1.82217859e+01
  1.61779014e-01 2.35727246e-01]
 [2.15774328e+00 8.81104477e-04 2.00378937e+02 2.14414308e+01
  1.68870394e-01 2.51717189e-01]
 [2.01338444e+00 1.78828296e-03 1.48301037e+02 1.63850856e+01
  1.85492485e-01 2.53699514e-01]
 [2.02684310e+00 1.87212150e-03 1.21262014e+02 2.01823918e+01
  1.64760083e-01 2.30622331e-01]
 [2.07057413e+00 1.33215754e-03 1.86841697e+02 1.63439333e+01
  1.61779014e-01 2.26071143e-01]
 [2.08587838e+00 1.50689006e-03 2.23685896e+02 2.26677731e+01
  1.70866769e-01 2.17157658e-01]
 [2.07416830e+00 1.10008338e-03 2.27075322e+02 2.05980025e+01
  1.64805422e-01 2.35244304e-01]
 [2.12955320e+00 9.92129430e-04 2.40336377e+02 2.23903389e+01
  1.61494272e-01 2.25265633e-01]
 [2.12824571e+00 8.96342459e-04 2.14028570e+02 1.85330566e+01
  1.74153560e-01 2.38787383e-01]
 [2.16806369e+00 1.10597612e-03 2.31859644e+02 1.72585143e+01
  1.62010647e-01 2.27039098e-01]
 [2.09999987e+00 9.53762647e-04 1.73471789e+02 1.89789560e+01
  1.66309083e-01 2.27606320e-01]
 [2.16806369e+00 1.50540496e-03 2.14781486e+02 1.91363668e+01
  1.53425455e-01 2.39795492e-01]
 [2.02635415e+00 2.69623613e-03 1.29746590e+02 1.69118002e+01
  1.75010836e-01 2.51760086e-01]
 [2.10490863e+00 1.66739747e-03 2.16155977e+02 1.91363668e+01
  1.60789480e-01 2.41022430e-01]
 [2.07658081e+00 1.10008338e-03 2.03963879e+02 1.54444389e+01
  1.68686768e-01 2.32087466e-01]]"
16,17,"[[ 416.17586272  219.06110054  418.95328062  421.23518488  228.13484868
  -314.114663  ]
 [ 416.17586272  219.07526909  418.7214938   421.23518488  228.11349803
  -314.114663  ]
 [ 416.17586272  218.94687604  419.58309376  418.23098181  228.11349803
  -314.114663  ]
 [ 416.17586272  219.07526909  424.46393541  421.92541413  228.11349803
  -313.95338998]
 [ 415.15859919  219.07526909  418.95328062  421.23518488  228.11349803
  -313.95338998]
 [ 416.17586272  219.07526909  417.00485654  421.23518488  228.11349803
  -313.95338998]
 [ 416.17586272  219.08934652  418.95328062  418.23098181  228.13484868
  -314.114663  ]
 [ 416.17586272  219.07925747  417.00485654  421.92541413  228.11349803
  -313.95338998]
 [ 416.17586272  219.07526909  418.95328062  423.30222203  228.2636536
  -314.114663  ]
 [ 415.15859919  218.94687604  424.46393541  421.92541413  228.11349803
  -313.95338998]
 [ 416.17586272  219.07925747  418.89148271  418.23098181  228.13484868
  -314.28158867]
 [ 415.15859919  219.06110054  418.7214938   423.30222203  228.11349803
  -313.95338998]
 [ 416.17586272  219.07925747  417.00485654  423.30222203  228.11349803
  -313.95338998]
 [ 414.79199747  219.07526909  418.95328062  421.92541413  228.13484868
  -314.02958441]
 [ 416.17586272  219.06110054  424.46393541  421.23518488  228.11349803
  -314.44936967]
 [ 414.79199747  219.06110054  418.89148271  421.23518488  228.13484868
  -314.114663  ]
 [ 416.17586272  219.05928075  419.58309376  423.30222203  228.49100919
  -313.95338998]
 [ 415.15859919  218.95224512  417.00485654  421.92541413  228.11349803
  -314.02958441]
 [ 416.17586272  218.94687604  424.46393541  424.77871134  228.11349803
  -314.114663  ]
 [ 414.79199747  218.94687604  417.58225158  421.92541413  228.11349803
  -314.114663  ]]","[-1839.23971656 -1839.18237609 -1839.12390296 -1838.63550942
 -1838.41967967 -1838.30664702 -1838.19765498 -1838.185032
 -1837.77861287 -1837.76515194 -1837.71508079 -1837.6701031
 -1837.613042   -1837.42270234 -1837.34277233 -1837.30432501
 -1837.28032716 -1837.09034416 -1836.93482428 -1836.84701892]","[[2.12625590e+00 1.59437057e-03 2.79061819e+02 2.24310008e+01
  1.45026503e-01 2.11865919e-01]
 [2.23738654e+00 9.98619657e-04 3.20985023e+02 2.24310008e+01
  1.60388781e-01 2.15140699e-01]
 [2.21271147e+00 1.02172713e-03 2.77328394e+02 2.27636093e+01
  1.44896769e-01 2.08009794e-01]
 [2.12625590e+00 5.90275194e-04 3.07092816e+02 2.18370035e+01
  1.42924410e-01 2.01234467e-01]
 [2.19077919e+00 5.78788212e-04 3.09784829e+02 2.12190770e+01
  1.46176208e-01 2.17398340e-01]
 [2.22014381e+00 6.03003263e-04 3.23677036e+02 2.33573900e+01
  1.58122181e-01 2.09023130e-01]
 [2.21818320e+00 8.65755320e-04 3.42079398e+02 2.46610047e+01
  1.52833512e-01 2.09354923e-01]
 [2.23298916e+00 8.53259420e-04 2.78029683e+02 2.18370035e+01
  1.52833512e-01 2.07774724e-01]
 [2.19077919e+00 6.58891628e-04 2.99165287e+02 2.35908359e+01
  1.43847842e-01 2.08643559e-01]
 [2.26377881e+00 1.12244251e-03 2.50590702e+02 2.27599937e+01
  1.52853295e-01 2.10457981e-01]
 [1.98654927e+00 1.82217724e-03 1.14877132e+02 1.53804791e+01
  1.93502356e-01 2.66521526e-01]
 [2.10103040e+00 1.03714777e-03 2.13847583e+02 2.11088223e+01
  1.60418510e-01 2.24214622e-01]
 [2.26117820e+00 8.18249925e-04 2.58713887e+02 2.30758145e+01
  1.49679289e-01 2.14660547e-01]
 [2.11912564e+00 7.58010667e-04 2.47548076e+02 2.45138260e+01
  1.44676775e-01 2.01984922e-01]
 [2.11402870e+00 9.92129430e-04 1.55469347e+02 1.96920258e+01
  1.67258305e-01 2.26987632e-01]
 [2.27614257e+00 1.03174851e-03 2.80732923e+02 2.33334376e+01
  1.43037746e-01 2.02855528e-01]
 [2.04679194e+00 9.55247749e-04 2.08575134e+02 1.82217859e+01
  1.66754139e-01 2.43400142e-01]
 [2.04027249e+00 1.77991367e-03 1.54383204e+02 1.80095147e+01
  2.05556531e-01 2.52857432e-01]
 [2.18067071e+00 7.99642008e-04 3.11052016e+02 2.38514247e+01
  1.38840990e-01 2.31132470e-01]
 [2.09491013e+00 1.00232688e-03 1.58060642e+02 1.82217859e+01
  1.61779014e-01 2.35727246e-01]]"
17,18,"[[ 416.17586272  218.94687604  419.58309376  421.92541413  228.11349803
  -314.02958441]
 [ 416.17586272  218.94687604  418.95328062  421.92541413  228.11349803
  -313.95338998]
 [ 416.17586272  218.94687604  418.95328062  421.92541413  228.11349803
  -313.95338998]
 [ 416.17586272  218.94687604  418.95328062  421.92541413  228.11349803
  -313.95338998]
 [ 416.17586272  218.94687604  418.95328062  421.92541413  228.11349803
  -313.95338998]
 [ 416.17586272  219.06110054  419.58309376  421.92541413  228.11349803
  -313.95338998]
 [ 416.17586272  219.07526909  419.58309376  421.23518488  228.13484868
  -313.95338998]
 [ 416.17586272  219.06110054  418.7214938   421.23518488  228.11349803
  -313.95338998]
 [ 416.17586272  219.07526909  418.95328062  421.92541413  228.11349803
  -313.95338998]
 [ 416.17586272  219.07526909  418.95328062  421.92541413  228.11349803
  -313.95338998]
 [ 416.17586272  218.94687604  418.7214938   421.23518488  228.11349803
  -314.114663  ]
 [ 416.17586272  219.07925747  418.95328062  421.92541413  228.11349803
  -313.95338998]
 [ 416.17586272  219.06110054  419.58309376  421.23518488  228.11349803
  -314.114663  ]
 [ 416.17586272  219.07526909  418.89148271  421.23518488  228.13484868
  -313.95338998]
 [ 416.17586272  218.94687604  418.95328062  423.30222203  228.11349803
  -313.95338998]
 [ 416.17586272  219.07526909  419.58309376  421.92541413  228.11349803
  -314.114663  ]
 [ 416.17586272  218.94687604  418.95328062  423.30222203  228.13484868
  -313.95338998]
 [ 416.17586272  219.07526909  418.7214938   421.92541413  228.11349803
  -314.02958441]
 [ 416.17586272  219.07925747  418.89148271  421.23518488  228.11349803
  -314.114663  ]
 [ 416.17586272  219.06110054  418.95328062  421.23518488  228.13484868
  -314.114663  ]]","[-1840.19933601 -1840.1486683  -1840.1486683  -1840.1486683
 -1840.1486683  -1839.98945586 -1839.92201436 -1839.70161132
 -1839.666071   -1839.666071   -1839.66497339 -1839.65101942
 -1839.63022483 -1839.62020682 -1839.5766783  -1839.47022063
 -1839.45611412 -1839.32233073 -1839.25992495 -1839.23971656]","[[2.33234752e+00 4.18929800e-04 4.49813623e+02 2.51621829e+01
  1.23351920e-01 1.88982767e-01]
 [2.32441955e+00 5.10155609e-04 3.80163501e+02 2.96446057e+01
  1.25495437e-01 1.80557281e-01]
 [2.24646119e+00 4.67481936e-04 4.21750157e+02 2.27452096e+01
  1.52921101e-01 1.89323412e-01]
 [2.32441955e+00 5.95428863e-04 4.82069755e+02 2.48701456e+01
  1.33212050e-01 1.95950780e-01]
 [2.20360832e+00 8.21517766e-04 3.25524177e+02 2.88793029e+01
  1.33818681e-01 1.90443306e-01]
 [2.29845073e+00 7.78050440e-04 4.53865041e+02 2.68074986e+01
  1.39452805e-01 1.93222368e-01]
 [2.28607325e+00 3.95245945e-04 3.49505781e+02 2.96334995e+01
  1.31176228e-01 2.15857631e-01]
 [2.23309696e+00 8.35109766e-04 4.03639334e+02 2.57473137e+01
  1.52977711e-01 1.86530175e-01]
 [2.35998113e+00 6.01907164e-04 3.91185869e+02 2.98546405e+01
  1.26565294e-01 1.82856063e-01]
 [2.34744453e+00 8.58127972e-04 4.12824144e+02 2.92263141e+01
  1.45747096e-01 1.93053081e-01]
 [2.37416044e+00 6.00310785e-04 3.54857043e+02 2.83293483e+01
  1.23809622e-01 1.89730388e-01]
 [2.22866472e+00 5.49313308e-04 3.85232910e+02 3.02144743e+01
  1.46850046e-01 1.86917672e-01]
 [2.35922616e+00 6.03003263e-04 4.50588677e+02 2.62246510e+01
  1.31176228e-01 2.08725363e-01]
 [2.30267993e+00 5.20471918e-04 4.51149199e+02 2.79542523e+01
  1.25648041e-01 2.08217634e-01]
 [2.30164122e+00 5.49313308e-04 3.27298701e+02 2.74944222e+01
  1.47717844e-01 1.85701719e-01]
 [2.10490863e+00 5.75773174e-04 3.24997564e+02 2.31117991e+01
  1.38076453e-01 2.24001017e-01]
 [2.31794170e+00 5.54369727e-04 3.96426330e+02 2.81642871e+01
  1.33567129e-01 1.82973307e-01]
 [2.33582502e+00 4.77246094e-04 4.65127251e+02 2.56713234e+01
  1.27010361e-01 2.12091084e-01]
 [2.26738604e+00 4.07554916e-04 4.12824144e+02 2.93624498e+01
  1.36675266e-01 1.85822274e-01]
 [2.12625590e+00 1.59437057e-03 2.79061819e+02 2.24310008e+01
  1.45026503e-01 2.11865919e-01]]"
18,19,"[[ 416.17586272  218.94687604  419.58309376  421.92541413  228.11349803
  -313.95338998]
 [ 416.17586272  218.94687604  419.58309376  421.92541413  228.11349803
  -313.95338998]
 [ 416.17586272  218.94687604  419.58309376  421.92541413  228.11349803
  -313.95338998]
 [ 416.17586272  218.94687604  419.58309376  421.92541413  228.11349803
  -313.95338998]
 [ 416.17586272  218.94687604  419.58309376  421.92541413  228.13484868
  -313.95338998]
 [ 416.17586272  218.94687604  419.58309376  421.92541413  228.13484868
  -313.95338998]
 [ 416.17586272  218.94687604  419.58309376  421.92541413  228.11349803
  -314.02958441]
 [ 416.17586272  218.94687604  418.95328062  421.92541413  228.11349803
  -313.95338998]
 [ 416.17586272  218.94687604  418.95328062  421.92541413  228.11349803
  -313.95338998]
 [ 416.17586272  218.94687604  418.95328062  421.92541413  228.11349803
  -313.95338998]
 [ 416.17586272  218.94687604  418.95328062  421.92541413  228.11349803
  -313.95338998]
 [ 416.17586272  218.94687604  418.95328062  421.92541413  228.11349803
  -313.95338998]
 [ 416.17586272  218.94687604  418.95328062  421.92541413  228.11349803
  -313.95338998]
 [ 416.17586272  218.94687604  418.7214938   421.23518488  228.11349803
  -313.95338998]
 [ 416.17586272  218.94687604  418.89148271  421.92541413  228.11349803
  -313.95338998]
 [ 416.17586272  218.94687604  418.89148271  421.92541413  228.11349803
  -313.95338998]
 [ 416.17586272  218.94687604  418.89148271  421.23518488  228.13484868
  -313.95338998]
 [ 416.17586272  218.94687604  419.58309376  421.23518488  228.11349803
  -314.114663  ]
 [ 416.17586272  219.07526909  419.58309376  421.23518488  228.11349803
  -313.95338998]
 [ 416.17586272  218.94687604  418.95328062  421.23518488  228.11349803
  -314.02958441]]","[-1840.41861239 -1840.41861239 -1840.41861239 -1840.41861239
 -1840.29804821 -1840.29804821 -1840.19933601 -1840.1486683
 -1840.1486683  -1840.1486683  -1840.1486683  -1840.1486683
 -1840.1486683  -1840.13076786 -1840.11680485 -1840.11680485
 -1840.10280412 -1840.05938137 -1840.04257854 -1840.03595536]","[[2.47510776e+00 3.16299093e-04 5.38193704e+02 3.26204363e+01
  1.24706997e-01 1.64917661e-01]
 [2.49394793e+00 3.01671312e-04 6.36463540e+02 2.87592571e+01
  1.21100528e-01 1.64917661e-01]
 [2.47167585e+00 2.82913377e-04 6.13100801e+02 3.61942123e+01
  1.26879727e-01 1.67259763e-01]
 [2.46134973e+00 2.99911344e-04 5.83158782e+02 3.47418905e+01
  1.21696068e-01 1.82725842e-01]
 [2.43101956e+00 4.17627510e-04 6.55058863e+02 3.27711443e+01
  1.13813351e-01 1.69540993e-01]
 [2.40954004e+00 3.32649792e-04 5.42128884e+02 3.39415717e+01
  1.16674412e-01 1.69465491e-01]
 [2.33234752e+00 4.18929800e-04 4.49813623e+02 2.51621829e+01
  1.23351920e-01 1.88982767e-01]
 [2.32441955e+00 5.95428863e-04 4.82069755e+02 2.48701456e+01
  1.33212050e-01 1.95950780e-01]
 [2.20360832e+00 8.21517766e-04 3.25524177e+02 2.88793029e+01
  1.33818681e-01 1.90443306e-01]
 [2.35792419e+00 3.39956322e-04 6.88052608e+02 3.03755393e+01
  1.21564971e-01 1.67781821e-01]
 [2.32441955e+00 5.10155609e-04 3.80163501e+02 2.96446057e+01
  1.25495437e-01 1.80557281e-01]
 [2.24646119e+00 4.67481936e-04 4.21750157e+02 2.27452096e+01
  1.52921101e-01 1.89323412e-01]
 [2.44863636e+00 2.82210864e-04 5.60137210e+02 3.65050197e+01
  1.12107217e-01 1.84341102e-01]
 [2.46367761e+00 3.54335604e-04 6.13100801e+02 3.03755393e+01
  1.23716920e-01 1.68946392e-01]
 [2.42062582e+00 2.98463591e-04 5.61145115e+02 3.18171577e+01
  1.20836128e-01 1.70757854e-01]
 [2.34585646e+00 4.31682713e-04 5.95472270e+02 3.66923945e+01
  1.22584404e-01 1.64427641e-01]
 [2.44915132e+00 2.82913377e-04 6.36042631e+02 3.56412249e+01
  1.30034822e-01 1.73618559e-01]
 [2.48779203e+00 4.00279580e-04 5.58828321e+02 3.44248433e+01
  1.21578986e-01 1.71113412e-01]
 [2.42437779e+00 4.21182400e-04 6.07684394e+02 3.24839313e+01
  1.11952277e-01 1.67495040e-01]
 [2.39890475e+00 3.56251017e-04 5.64155593e+02 3.73942649e+01
  1.28535375e-01 1.76799523e-01]]"
19,20,"[[ 416.17586272  218.94687604  419.58309376  421.23518488  228.11349803
  -313.95338998]
 [ 416.17586272  218.94687604  419.58309376  421.23518488  228.11349803
  -313.95338998]
 [ 416.17586272  218.94687604  419.58309376  421.23518488  228.11349803
  -313.95338998]
 [ 416.17586272  218.94687604  419.58309376  421.23518488  228.11349803
  -313.95338998]
 [ 416.17586272  218.94687604  419.58309376  421.23518488  228.11349803
  -313.95338998]
 [ 416.17586272  218.94687604  419.58309376  421.23518488  228.11349803
  -313.95338998]
 [ 416.17586272  218.94687604  419.58309376  421.92541413  228.11349803
  -313.95338998]
 [ 416.17586272  218.94687604  419.58309376  421.92541413  228.11349803
  -313.95338998]
 [ 416.17586272  218.94687604  419.58309376  421.92541413  228.11349803
  -313.95338998]
 [ 416.17586272  218.94687604  419.58309376  421.92541413  228.11349803
  -313.95338998]
 [ 416.17586272  218.94687604  419.58309376  421.92541413  228.11349803
  -313.95338998]
 [ 416.17586272  218.94687604  419.58309376  421.92541413  228.11349803
  -313.95338998]
 [ 416.17586272  218.94687604  419.58309376  421.92541413  228.11349803
  -313.95338998]
 [ 416.17586272  218.94687604  419.58309376  421.92541413  228.11349803
  -313.95338998]
 [ 416.17586272  218.94687604  419.58309376  421.92541413  228.11349803
  -313.95338998]
 [ 416.17586272  218.94687604  419.58309376  421.92541413  228.11349803
  -313.95338998]
 [ 416.17586272  218.94687604  419.58309376  421.92541413  228.11349803
  -313.95338998]
 [ 416.17586272  218.94687604  419.58309376  421.92541413  228.11349803
  -313.95338998]
 [ 416.17586272  218.94687604  419.58309376  421.92541413  228.11349803
  -313.95338998]
 [ 416.17586272  218.94687604  419.58309376  421.92541413  228.11349803
  -313.95338998]]","[-1840.52517584 -1840.52517584 -1840.52517584 -1840.52517584
 -1840.52517584 -1840.52517584 -1840.41861239 -1840.41861239
 -1840.41861239 -1840.41861239 -1840.41861239 -1840.41861239
 -1840.41861239 -1840.41861239 -1840.41861239 -1840.41861239
 -1840.41861239 -1840.41861239 -1840.41861239 -1840.41861239]","[[2.54681068e+00 1.88412842e-04 8.41996133e+02 4.01753573e+01
  1.08400346e-01 1.59115631e-01]
 [2.50237087e+00 1.93438562e-04 9.38325985e+02 4.23518966e+01
  1.09843352e-01 1.57652366e-01]
 [2.48065978e+00 2.76437006e-04 9.25088324e+02 4.11201971e+01
  1.05944852e-01 1.59534190e-01]
 [2.62200676e+00 2.34483516e-04 7.69093808e+02 3.79013760e+01
  1.09843352e-01 1.48915050e-01]
 [2.51938499e+00 1.72321440e-04 9.20782379e+02 3.71382810e+01
  1.14868377e-01 1.56285114e-01]
 [2.55228136e+00 1.71893389e-04 9.77065377e+02 4.00995511e+01
  1.02902403e-01 1.69608714e-01]
 [2.43836627e+00 2.38732020e-04 8.76943524e+02 4.24327597e+01
  1.19778743e-01 1.62974249e-01]
 [2.55334001e+00 2.01789203e-04 6.64080194e+02 4.07860647e+01
  9.85809583e-02 1.50283098e-01]
 [2.43296484e+00 2.51497179e-04 6.65063068e+02 3.02524443e+01
  1.07862581e-01 1.48164140e-01]
 [2.42160777e+00 2.01996912e-04 7.45864518e+02 4.49089412e+01
  1.08206753e-01 1.51738301e-01]
 [2.58642276e+00 2.39081185e-04 8.98238363e+02 4.45943504e+01
  1.04895310e-01 1.49299352e-01]
 [2.59452705e+00 1.91872105e-04 7.98166362e+02 3.72189236e+01
  1.05026977e-01 1.60594857e-01]
 [2.56683538e+00 2.52163196e-04 8.78671216e+02 3.35445620e+01
  1.02902403e-01 1.69222566e-01]
 [2.59455849e+00 1.87026806e-04 7.05110092e+02 4.25984563e+01
  1.09792263e-01 1.57075977e-01]
 [2.58167509e+00 3.48226157e-04 6.65063068e+02 3.64022287e+01
  1.12808273e-01 1.55877291e-01]
 [2.55443733e+00 2.38732020e-04 9.38050684e+02 4.13312506e+01
  1.05684987e-01 1.68723098e-01]
 [2.58167509e+00 1.84161377e-04 8.02147517e+02 4.59079352e+01
  1.04422939e-01 1.54432862e-01]
 [2.61470185e+00 2.51349174e-04 7.58394810e+02 3.96943464e+01
  1.11617370e-01 1.59379757e-01]
 [2.60126247e+00 2.36571728e-04 7.05110092e+02 4.32622463e+01
  1.02340619e-01 1.61067327e-01]
 [2.58602029e+00 1.94004885e-04 7.41916938e+02 4.06674606e+01
  1.04214893e-01 1.49133597e-01]]"
20,21,"[[ 416.17586272  218.94687604  419.58309376  421.23518488  228.11349803
  -313.95338998]
 [ 416.17586272  218.94687604  419.58309376  421.23518488  228.11349803
  -313.95338998]
 [ 416.17586272  218.94687604  419.58309376  421.23518488  228.11349803
  -313.95338998]
 [ 416.17586272  218.94687604  419.58309376  421.23518488  228.11349803
  -313.95338998]
 [ 416.17586272  218.94687604  419.58309376  421.23518488  228.11349803
  -313.95338998]
 [ 416.17586272  218.94687604  419.58309376  421.23518488  228.11349803
  -313.95338998]
 [ 416.17586272  218.94687604  419.58309376  421.23518488  228.11349803
  -313.95338998]
 [ 416.17586272  218.94687604  419.58309376  421.23518488  228.11349803
  -313.95338998]
 [ 416.17586272  218.94687604  419.58309376  421.23518488  228.11349803
  -313.95338998]
 [ 416.17586272  218.94687604  419.58309376  421.23518488  228.11349803
  -313.95338998]
 [ 416.17586272  218.94687604  419.58309376  421.23518488  228.11349803
  -313.95338998]
 [ 416.17586272  218.94687604  419.58309376  421.23518488  228.11349803
  -313.95338998]
 [ 416.17586272  218.94687604  419.58309376  421.23518488  228.11349803
  -313.95338998]
 [ 416.17586272  218.94687604  419.58309376  421.23518488  228.11349803
  -313.95338998]
 [ 416.17586272  218.94687604  419.58309376  421.23518488  228.11349803
  -313.95338998]
 [ 416.17586272  218.94687604  419.58309376  421.23518488  228.11349803
  -313.95338998]
 [ 416.17586272  218.94687604  419.58309376  421.23518488  228.11349803
  -313.95338998]
 [ 416.17586272  218.94687604  419.58309376  421.23518488  228.11349803
  -313.95338998]
 [ 416.17586272  218.94687604  419.58309376  421.23518488  228.11349803
  -313.95338998]
 [ 416.17586272  218.94687604  419.58309376  421.23518488  228.11349803
  -313.95338998]]","[-1840.52517584 -1840.52517584 -1840.52517584 -1840.52517584
 -1840.52517584 -1840.52517584 -1840.52517584 -1840.52517584
 -1840.52517584 -1840.52517584 -1840.52517584 -1840.52517584
 -1840.52517584 -1840.52517584 -1840.52517584 -1840.52517584
 -1840.52517584 -1840.52517584 -1840.52517584 -1840.52517584]","[[2.62200676e+00 2.34483516e-04 7.69093808e+02 3.79013760e+01
  1.09843352e-01 1.48915050e-01]
 [2.70385488e+00 1.38463070e-04 1.22801236e+03 5.65193220e+01
  9.15902942e-02 1.48158499e-01]
 [2.72243503e+00 1.29612862e-04 1.18799967e+03 4.95416284e+01
  9.71322546e-02 1.41020239e-01]
 [2.70500685e+00 1.21511198e-04 1.25203725e+03 5.32856212e+01
  9.31819709e-02 1.32496174e-01]
 [2.75981502e+00 1.11004730e-04 1.19872217e+03 5.34188967e+01
  9.74238197e-02 1.37729978e-01]
 [2.75981502e+00 1.37440284e-04 1.22415268e+03 4.69549076e+01
  9.34955875e-02 1.37477968e-01]
 [2.75529157e+00 1.27945579e-04 9.98821650e+02 5.21651739e+01
  9.83816158e-02 1.40854193e-01]
 [2.55228136e+00 1.71893389e-04 9.77065377e+02 4.00995511e+01
  1.02902403e-01 1.69608714e-01]
 [2.51938499e+00 1.72321440e-04 9.20782379e+02 3.71382810e+01
  1.14868377e-01 1.56285114e-01]
 [2.69599294e+00 1.25036064e-04 1.31833062e+03 5.37288270e+01
  9.25869626e-02 1.50722464e-01]
 [2.57792180e+00 1.43644196e-04 1.26454769e+03 5.06439350e+01
  9.66348940e-02 1.42060372e-01]
 [2.66637751e+00 1.25379104e-04 1.38933928e+03 5.08338393e+01
  9.17944682e-02 1.38766522e-01]
 [2.70915952e+00 1.41169872e-04 1.08956949e+03 5.06781424e+01
  9.30720489e-02 1.34187707e-01]
 [2.69599294e+00 1.19324403e-04 1.12017291e+03 4.64228790e+01
  9.01309717e-02 1.38766522e-01]
 [2.48065978e+00 2.76437006e-04 9.25088324e+02 4.11201971e+01
  1.05944852e-01 1.59534190e-01]
 [2.50237087e+00 1.93438562e-04 9.38325985e+02 4.23518966e+01
  1.09843352e-01 1.57652366e-01]
 [2.54681068e+00 1.88412842e-04 8.41996133e+02 4.01753573e+01
  1.08400346e-01 1.59115631e-01]
 [2.74030958e+00 1.14959665e-04 1.20399044e+03 4.99003517e+01
  9.16810754e-02 1.42157843e-01]
 [2.58364506e+00 1.51061814e-04 1.33432139e+03 5.54794711e+01
  9.58943888e-02 1.33099945e-01]
 [2.72739865e+00 1.32682604e-04 1.23311121e+03 4.69210605e+01
  9.44758044e-02 1.39510105e-01]]"
