,population,best_x,best_energy,running_time
0,15,"[ 428.35625888  422.29711688 -290.1562835  -283.91901136  418.35999857
  465.82724184]",-1973.5730430302995,0.338799
1,15,"[414.10364557 420.1580648  203.02541326 431.62414651 439.59999819
 421.05813063]",-2233.010501616427,0.391429
2,16,"[ 405.52148065 -302.88562844  419.85794705  426.95691007  428.39750879
  421.00636905]",-2354.2271559813585,0.363358
3,31,"[ 420.74341609  394.99833479 -293.07023338 -275.07831064  417.73751238
 -291.03552712]",-1959.2715996530878,0.840481
4,13,"[ 421.50128889  410.42762454  403.40847762  419.27413058  422.10472384
 -302.26085021]",-2342.961586343987,0.311867
5,18,"[ 391.48918371  421.067872    459.51738045 -298.61898097  422.09677069
 -301.40820663]",-1994.2145866519108,0.374007
6,14,"[425.1943179  408.39161015 427.78548604 420.3482635  415.21931715
 417.17413038]",-2480.0565677101104,0.27903
7,61,"[408.99890167 470.03949023 420.95507119 398.37627972 422.06091826
 421.6025071 ]",-2158.3836879240444,1.474386
8,21,"[ 413.89819043  428.85945705  384.09084527  432.30067102  384.44977806
 -321.59567903]",-2007.5109298393536,0.448002
9,17,"[ 409.30372375  415.43549311  421.57168175  205.89251207  422.16816922
 -314.2982327 ]",-2139.222001061628,0.317
10,18,"[ 430.99837477  201.1080358   417.91076389 -297.52676808  422.06309343
 -319.47823049]",-2005.788928286424,0.333998
11,16,"[ 423.69729578  420.93334973  419.32330382  429.88921962  420.18740238
 -309.61958575]",-2377.688784224245,0.30498
12,11,"[ 417.76545441  419.67065772  418.09670611 -294.86305218  416.95563209
  429.73809628]",-2373.814581185633,0.243014
13,16,"[441.35788958 421.1269711  420.55723999 435.51363815 435.64112818
 421.48824035]",-2408.4570646683615,0.339127
14,14,"[ 438.86420086 -298.34365814  393.7199041   408.12777932  421.02975794
  430.05845793]",-2233.040498157121,0.388464
15,20,"[421.3777809  440.90346808 191.51020534 427.48305234 420.77728633
 417.43889834]",-2221.462827211077,0.467647
16,11,"[ 419.30091937  426.86415238  421.23457915  421.09440033  422.42768642
 -301.31006096]",-2390.2539516733286,0.186003
17,17,"[399.6863115  432.14714788 423.70536201 208.61294804 420.86442949
 422.77697129]",-2221.3408402899054,0.29599
18,14,"[ 418.34184311  424.93224196 -301.19172172  395.2799944   434.92267652
  417.65895889]",-2286.8532446040263,0.235018
19,20,"[ 430.74473488  420.02643803  418.81748701  427.89782225 -302.29958774
  420.96027594]",-2376.6501387392696,0.367254
20,22,"[ 426.36969088 -307.9287368   421.44854172 -305.40367033  412.41500768
  420.87073296]",-2259.3877030210906,0.430729
21,16,"[-304.69661442  420.42172118 -303.30916704  432.80348849  423.82341129
  419.10819245]",-2257.211346306216,0.331177
22,21,"[ 418.11675649  412.4297279  -261.408561    413.85549518 -314.49445959
  417.40556008]",-2056.3782922210567,0.397075
23,17,"[-290.83075415 -302.4524573  -303.16365718  420.81464651  432.52091895
  420.2643155 ]",-2124.61770176327,0.41692
24,15,"[ 424.80142024 -302.24723611  427.25416     420.22791685  417.35709461
  394.34059191]",-2301.5280583163058,0.341998
25,13,"[420.95297771 439.18125706 408.35605581 422.34419752 417.33850209
 421.21033711]",-2450.7165105550753,0.304898
26,16,"[420.72440539 422.93204739 372.55101647 420.63255741 430.75231781
 437.23399717]",-2211.912446057348,0.34
27,12,"[444.77389124 440.4013246  396.72369039 419.73332371 417.37630453
 415.50527543]",-2319.7528710971033,0.257999
28,14,"[ 419.0640347  -275.47332834  409.53245526  420.93261596  433.69411891
  410.22590244]",-2257.3115738787474,0.328001
29,22,"[ 395.55428933  421.19143981 -302.3014701  -302.24597266  435.54273576
  424.23207011]",-2170.9272627416285,0.449121
30,104,"[ 410.16779032  412.61519086 -324.93309772  420.68545424  421.27049185
  429.46919747]",-2300.841511382475,2.563119
31,15,"[ 421.9090043   419.31322027  421.3769728  -302.28995465  420.53692951
 -281.30144804]",-2221.9213408194264,0.31906
32,14,"[ 420.84359287  421.56124886 -303.26409594 -302.58961102  402.89143575
  405.7263039 ]",-2207.8345580777163,0.272948
33,46,"[446.94564059 402.14876511 455.04393196 413.47386251 428.55852685
 421.08907234]",-2232.6163795421553,0.900975
34,24,"[ 399.94754876  395.54599734  414.30522637  423.66586337  420.25070028
 -496.14957554]",-2094.852129586488,0.439016
35,33,"[-296.59065199  404.67241949  452.84435344  395.01961292  421.19239313
  432.52944704]",-2136.6394860283117,0.605564
36,13,"[ 426.74055325  423.18327584  420.17204966 -295.62980301  419.35256356
  420.89173169]",-2384.244829735902,0.230015
37,37,"[420.39351462 421.4005713  410.17927347 419.78837652 419.53823328
 421.42008782]",-2498.830462491916,0.698608
38,62,"[ 457.60324564  425.15058109 -316.52867061  420.98692366  442.35346461
  434.43538715]",-2128.100512106765,1.118989
39,12,"[ 421.40765242  433.17167233 -298.86968108  418.67966048  411.40446522
  425.97498258]",-2359.736565651015,0.195984
40,18,"[ 402.06463863  427.60087821 -291.32894708  418.87442711  420.71428284
 -301.67399252]",-2211.2225029361703,0.300996
41,15,"[420.30878641 422.27437064 421.11544774 419.2993944  423.04397555
 420.58404426]",-2512.7107030914535,0.301017
42,12,"[ 420.59504399  407.43243755  418.37837675  417.60700655 -304.660223
  421.59270005]",-2369.758743989501,0.198
43,101,"[420.94790043 420.9928784  436.09427535 436.01611326 420.85213749
 421.83845725]",-2456.6769219694597,1.844013
44,13,"[423.68195803 421.76555047 397.95109952 394.33916158 423.35860601
 422.18738108]",-2362.1246325822476,0.230012
45,15,"[ 421.22573475  422.02371916  446.31595737  420.98632534 -124.8188157
  421.1193839 ]",-2138.3325863679,0.265974
46,23,"[ 424.96153386  421.26687897 -292.01288757  419.41968182  421.16292548
  420.47766017]",-2379.289510048202,0.414001
47,12,"[ 426.66292822 -297.88056945 -311.40641736  442.49675092  425.36490783
  418.60069925]",-2199.4489218238996,0.186998
48,15,"[419.46974624 419.70042101 214.34828454 419.72231439 426.49743819
 419.30543256]",-2277.7746662183017,0.241021
49,17,"[-279.45702799  420.43144446  423.92350737 -127.07066821  420.97533227
  421.25608408]",-2033.5145412674567,0.298994
