,population,best_x,best_energy,running_time
0,42,"[ 417.47543361  420.99995527  423.07622548  422.02531851  421.63821702
 -324.06007678]",-2335.626801003621,0.859567
1,14,"[-303.51897961  420.79294176  421.20617104  428.47363454  418.9569753
 -299.16301306]",-2267.8389684602876,0.334355
2,16,"[-275.33548094  418.27378553 -289.65116684 -302.57421594  428.89135184
  422.10931602]",-2041.5721955223803,0.374526
3,22,"[ 421.26650574  420.76555587  420.81359901  421.37740526  421.75633767
 -300.54280586]",-2394.8432786498324,0.440486
4,72,"[-303.26746965  198.21520149  185.13213262  434.32691818  436.36634055
  416.47722289]",-1860.2449190290893,1.330915
5,13,"[ 412.02323037  421.96295414 -313.02332522 -302.70499957  434.24241431
  419.57381696]",-2230.544926809377,0.215978
6,17,"[ 437.54553846 -304.07023835  416.00646271  389.56256311  448.39887382
 -292.38124423]",-2017.072027305502,0.292
7,12,"[412.24878334 441.35131    419.90322741 435.83411768 421.9394642
 402.78307854]",-2383.870621506212,0.201087
8,15,"[422.23949128 386.34232614 419.95471089 415.18577894 406.69046658
 421.83531645]",-2343.728558113874,0.254908
9,15,"[-301.37206992  419.19150755  427.15868067  421.1785045   421.89528983
  419.75826419]",-2389.7568617381703,0.250016
10,61,"[429.02105173 420.91585646 420.41387615 420.75588685 422.39618583
 409.41852845]",-2488.7689749484443,1.08598
11,33,"[ 420.57884854 -311.00617296  433.63046254  438.61752791 -298.13616426
  421.97354762]",-2206.208362216218,0.576006
12,19,"[ 418.7026384   404.98507451 -308.87809018  413.55060964  421.36526108
  397.81676679]",-2285.940679158286,0.35701
13,16,"[ 214.64056484  422.27678786  421.71468173 -305.40189886  412.29720511
 -306.45745985]",-2032.2848582490337,0.306022
14,31,"[417.95026924 420.98577489 402.26589306 431.38380253 396.69468545
 424.75099927]",-2382.7795722403152,0.627046
15,14,"[ 419.79787185 -298.68156964 -300.94973373 -284.04209083 -302.31733124
  421.45601814]",-1995.9608143265036,0.267571
16,32,"[432.99925149 420.5070437  397.53418449 420.71291519 449.49192251
 207.71667983]",-2110.097436799514,0.611442
17,27,"[ 410.40953315  421.13779249  411.46198445  415.80366735 -304.05521726
  420.80149365]",-2366.5566277498365,0.485794
18,14,"[422.31043708 458.80164021 421.02576796 423.32821921 422.22384169
 421.04050542]",-2341.94489058705,0.376142
19,15,"[ 423.62902192  201.85466524  418.49900882  386.6845466   424.23577083
 -307.43736036]",-2034.110334936182,0.356556
20,28,"[418.76075832 421.71625736 420.28551847 421.26719065 413.37882786
 420.28785012]",-2505.856998319467,0.561139
21,14,"[453.5605342  421.98142271 420.73640833 422.04278997 421.83480841
 421.17109904]",-2384.703287256379,0.259102
22,52,"[ 438.35580034  398.28925896  436.72787177  402.70197167  420.9930339
 -280.59510907]",-2164.599421145001,1.405914
23,16,"[ 414.59226444  419.49321544 -297.3729937   420.93544546  420.92515722
  392.69739116]",-2291.019219265768,0.302979
24,15,"[423.99341003 420.91337697 436.19339646 425.24412888 394.74126474
 425.81695143]",-2395.460476281742,0.288017
25,14,"[-298.93955173  419.08221535  202.14219827 -284.5397695  -299.04326829
  420.64733634]",-1897.83212693154,0.234979
26,17,"[-312.02126978 -297.76477966  420.1256817  -297.42854108 -315.39833604
  427.10902266]",-1996.866299779612,0.290002
27,13,"[434.36796202 411.36614796 419.73008505 440.32781582 424.29469627
 423.8191608 ]",-2430.4075247549167,0.212001
28,21,"[ 434.58745539 -266.70194849  412.07844632  405.48933436  421.86687996
  202.44361849]",-1970.159405093792,0.380037
29,13,"[ 410.36807433  415.655616    444.67916361 -302.91014803  418.91469016
  383.13124276]",-2142.5428680769855,0.221985
30,12,"[421.81579509 409.62805681 400.0475716  420.3022809  417.75820158
 423.17250477]",-2442.2192108824593,0.22598
31,16,"[420.30877753 424.49621671 419.62521017 421.65382587 421.53182737
 432.98548376]",-2493.7700020761004,0.267024
32,12,"[ 447.16586649 -295.64594112 -304.1229948   438.93094599  420.98116541
  415.05498604]",-2141.4484446219053,0.231984
33,16,"[-310.46569868  421.68395453  445.62337812  415.01481807  393.88117808
  420.70750581]",-2219.5996852040726,0.266178
34,14,"[ 421.99848815  451.82117477  422.71462817  422.59491816 -302.17963721
  391.89136892]",-2177.646516685178,0.266375
35,25,"[416.65858772 456.72722275 409.80236418 460.60124898 439.41083613
 421.08506077]",-2113.551150751292,0.423011
36,12,"[421.30961666 420.7961524  422.31419188 422.90520871 419.44615921
 436.93075794]",-2480.9440768275763,0.203993
37,17,"[-303.9715794   442.11611805  406.24317353  435.47867853  421.27676026
  421.01831874]",-2286.192507941851,0.294024
38,21,"[ 434.93056377  430.25171491  442.93201712 -303.50892072  420.25338642
  432.61184809]",-2282.9122174290274,0.358992
39,108,"[-307.54769398  403.68849033 -293.25747929  421.10363153 -302.68982153
 -301.46362617]",-1989.1789320195458,1.907998
40,21,"[ 450.52721911  427.27940948  421.12492981  205.25853501 -304.09637095
  438.14190734]",-2028.9879017387616,0.365026
41,20,"[ 421.89696948  422.53794905  423.03687079  458.44098594 -301.51600489
  423.52788278]",-2225.764164192576,0.351
42,18,"[ 444.53849171  402.86974561  431.3921533  -304.24194202  424.95749853
  421.62960433]",-2270.1474008326727,0.345999
43,23,"[ 448.70895772  439.74029066 -300.55310628  415.84903655  420.96780063
  422.17803086]",-2252.991779638702,0.463
44,13,"[ 422.6280137  -300.34224579  398.43082993 -287.92793474  422.95380417
  407.39789635]",-2164.4014200737506,0.248348
45,27,"[421.04535849 429.58999304 383.89852488 424.65880435 445.85162499
 422.71793455]",-2266.857719646105,0.528608
46,21,"[ 421.63276751 -304.48442586  444.70163201  456.04917658 -325.38919467
  420.99660216]",-1993.9251392603992,0.522003
47,13,"[ 409.55098173  419.65444688  430.48254247 -300.81103654  431.02919261
  419.87694415]",-2354.2821575617377,0.223011
48,13,"[-307.8899593   195.58222142  409.68370235  421.76790266  205.88662594
  418.63575684]",-1931.8012806279544,0.237915
49,33,"[ 411.66355583  421.06154452  210.61813251  416.6225332   417.69358401
 -302.17129359]",-2157.8333321645914,0.646
