,population,best_x,best_energy,ave_energy
0,1,[-351.45509113  424.51441049],-453.32864117296873,49.0528138759783
1,2,[410.41388867 394.858105  ],-741.8289388506716,-425.7959759578106
2,3,[411.40703141 424.94857394],-824.5248250631046,-744.0018473551052
3,4,[413.08323866 423.76335233],-829.1817957781643,-826.7247772796952
4,5,[414.05787274 423.75440062],-830.9899302080299,-829.7945197871508
5,6,[415.48436836 424.17293637],-832.8877042934694,-831.8463288401775
6,7,[416.34309002 423.75967119],-834.2900328218707,-833.4702078297876
7,8,[417.24646527 423.77958927],-835.2235402274069,-834.7894503659242
8,9,[418.38235886 423.74334999],-836.1507307149354,-835.6059578616416
9,10,[419.27326213 423.77981865],-836.6055268666757,-836.3387115407462
10,11,[420.46365942 423.77860229],-836.9366524113907,-836.7234503041794
11,12,[420.91735048 423.74387309],-836.9929985642971,-836.9558262985972
12,13,[420.93242576 423.74347678],-836.9934431792428,-836.9905096292512
