,population,parents,parents_energy,parents_sigma
0,1,"[[ 150.55782456 -491.96815443  191.14858664 -332.44251623  446.2265453
   435.96234614]
 [-170.25861772 -305.34605219 -292.14982923  186.78374197  240.985722
   396.42812985]
 [-445.61249901 -304.97566686 -308.20779032  215.17450713  102.69353571
   449.88007766]
 [ -91.86645383 -208.13807009  410.17582175  452.21287114  -59.50596271
  -253.77294085]
 [ 229.12068259 -271.91838678 -312.03524879 -463.13425282  174.6235449
  -372.59022957]
 [-375.34149947  369.15089683 -307.85330846  246.33268891  137.17825789
  -108.11238623]
 [  10.98658591  104.74876734 -321.5796496   -33.97208339 -244.00778208
  -156.37235143]
 [ 248.45311407  449.28384094 -411.47330078   45.13400543  -15.88919683
   220.90885707]
 [-359.28897418 -180.85649316  139.61249458  -97.2288858  -372.77872184
   440.29695073]
 [ 498.57110738  356.22382082  114.07287681  493.53438584 -304.54031554
  -242.10721421]
 [ 126.35549893 -212.32896318  255.1052077   226.16884926  454.21525578
  -196.11947835]
 [ 367.85326635  -77.36790559 -450.66267619  -59.12029177   63.29775733
  -256.08915838]
 [ 361.59339049 -178.36024173 -283.77737415  256.15090821  310.79642691
    11.294274  ]
 [ 268.75030172 -494.45662906 -209.35131459  -99.4427289   147.09831818
   359.0200794 ]
 [-430.59880961   72.39356914 -218.47661502  462.8174427  -188.3577813
   185.46105845]
 [-453.60787979  -22.22471359 -126.79769598   17.07192262 -463.48759499
   -90.00996187]
 [ 162.58455968  261.27080597 -212.0870777  -376.66108304  224.21750421
  -240.97916903]
 [-433.01512958 -241.1969023  -213.2374632   158.06845752  -10.88226229
   229.99489121]
 [  67.34072479  -84.13144795  -28.11799564 -181.21235972 -169.84263144
  -421.26637431]
 [-429.85736389  137.8572679  -471.76875526 -352.90832102  480.91478944
  -224.26131216]]","[-1153.75164145 -1064.37729908  -687.57627874  -516.79282152
  -336.94725237  -229.55157248  -180.76538122   -95.58550306
    24.02843277   110.48187163   150.68846926   158.49787931
   178.43902044   223.4613787    323.19370547   360.61333523
   371.83436543   512.44948816   571.13052882   734.56374416]","[[1. 1. 1. 1. 1. 1.]
 [1. 1. 1. 1. 1. 1.]
 [1. 1. 1. 1. 1. 1.]
 [1. 1. 1. 1. 1. 1.]
 [1. 1. 1. 1. 1. 1.]
 [1. 1. 1. 1. 1. 1.]
 [1. 1. 1. 1. 1. 1.]
 [1. 1. 1. 1. 1. 1.]
 [1. 1. 1. 1. 1. 1.]
 [1. 1. 1. 1. 1. 1.]
 [1. 1. 1. 1. 1. 1.]
 [1. 1. 1. 1. 1. 1.]
 [1. 1. 1. 1. 1. 1.]
 [1. 1. 1. 1. 1. 1.]
 [1. 1. 1. 1. 1. 1.]
 [1. 1. 1. 1. 1. 1.]
 [1. 1. 1. 1. 1. 1.]
 [1. 1. 1. 1. 1. 1.]
 [1. 1. 1. 1. 1. 1.]
 [1. 1. 1. 1. 1. 1.]]"
1,2,"[[-359.47694493 -303.82955259 -322.30383755   16.7029643   174.80733137
   397.30702695]
 [ 249.66604154 -304.39925941 -321.97046054  463.5982874  -188.26681985
   436.04007979]
 [  66.69828042 -180.65283351  410.33662473  226.08676103  480.58308973
   434.83841116]
 [ 148.90384311 -273.07315212 -312.3099036   -58.88507862  225.35982757
   449.77415063]
 [ 361.19477753 -306.21166875  189.17475471  -59.22087649  -10.88996276
   449.91862048]
 [ 227.6658702   -83.27853837 -308.21998023 -181.52248478  224.03069627
   396.09192863]
 [  67.70698164  356.83894937 -309.6399154   215.69010099  481.21307968
   186.08499295]
 [-172.10262473  448.61543451 -308.40195478  215.45690652   63.5717033
  -242.16670888]
 [ 147.35400847  -22.76484832 -311.61863763  -99.26858198 -244.36385511
   435.91912001]
 [  10.30881739 -182.27894779 -285.63314733 -331.91310677  479.98240408
   450.45796509]
 [ -92.13610577  448.4249335  -125.2282716   -98.12787597  -60.79337281
   186.4746164 ]
 [ 369.52605217 -208.4781901   114.44974153  215.42557446  455.69374491
   451.1074595 ]
 [-358.02803459 -306.10243793 -311.6979154    45.53671575  240.74911715
  -240.97096003]
 [ 124.76864108  369.91794302 -312.96872996 -332.36558546  480.98474224
   360.06042081]
 [ 151.45766883  368.65322825 -308.97566193  493.31048199 -170.15087229
   441.00947229]
 [ 368.95657776 -241.46958866 -293.45715441  226.06454244  238.25612898
  -241.01339419]
 [ -91.01752486   71.6303182  -307.52897948  187.38547216 -373.55508082
   220.10255396]
 [  67.18930789  450.73263564 -291.37838312 -377.33857888   63.40584098
    11.16932243]
 [ 231.35463859 -305.92428349 -124.48180974  493.31550449  -10.36805981
  -253.01184296]
 [-427.86494574  369.77924647  409.90801012 -463.12428881  223.46530138
   440.79493963]]","[-956.49277984 -954.37221839 -898.36581476 -838.46442709 -789.86217636
 -756.30534133 -745.5319933  -743.45542881 -675.06149521 -666.23439671
 -615.15146525 -592.85303012 -585.10468431 -568.99529119 -566.37141555
 -540.21547441 -532.15260088 -514.45218816 -475.60610525 -441.62172363]","[[1.36355595 0.93567914 1.1506777  0.60215704 0.72608146 0.93474911]
 [1.36355595 0.93567914 1.1506777  0.60215704 0.72608146 0.93474911]
 [1.36355595 0.93567914 1.1506777  0.60215704 0.72608146 0.93474911]
 [1.36355595 0.93567914 1.1506777  0.60215704 0.72608146 0.93474911]
 [1.36355595 0.93567914 1.1506777  0.60215704 0.72608146 0.93474911]
 [1.36355595 0.93567914 1.1506777  0.60215704 0.72608146 0.93474911]
 [1.36355595 0.93567914 1.1506777  0.60215704 0.72608146 0.93474911]
 [1.36355595 0.93567914 1.1506777  0.60215704 0.72608146 0.93474911]
 [1.36355595 0.93567914 1.1506777  0.60215704 0.72608146 0.93474911]
 [1.36355595 0.93567914 1.1506777  0.60215704 0.72608146 0.93474911]
 [1.36355595 0.93567914 1.1506777  0.60215704 0.72608146 0.93474911]
 [1.36355595 0.93567914 1.1506777  0.60215704 0.72608146 0.93474911]
 [1.36355595 0.93567914 1.1506777  0.60215704 0.72608146 0.93474911]
 [1.36355595 0.93567914 1.1506777  0.60215704 0.72608146 0.93474911]
 [1.36355595 0.93567914 1.1506777  0.60215704 0.72608146 0.93474911]
 [1.36355595 0.93567914 1.1506777  0.60215704 0.72608146 0.93474911]
 [1.36355595 0.93567914 1.1506777  0.60215704 0.72608146 0.93474911]
 [1.36355595 0.93567914 1.1506777  0.60215704 0.72608146 0.93474911]
 [1.36355595 0.93567914 1.1506777  0.60215704 0.72608146 0.93474911]
 [1.36355595 0.93567914 1.1506777  0.60215704 0.72608146 0.93474911]]"
2,3,"[[ 359.75939395 -305.85182572 -312.7712552  -331.77021397  456.91584674
   436.60586368]
 [ 226.00740565 -306.82180742  187.41815615  215.17245486  225.84440193
   435.64787995]
 [ 229.50240496 -306.33907252 -321.44004835  225.99447505  223.27464703
   451.10015023]
 [ 360.53809539 -304.45990525 -311.98809427 -332.29133372  -10.20111128
   434.49005951]
 [  67.72792302 -303.41137269 -309.11514799  215.68293258  479.88704704
   395.50765187]
 [ 148.95559515  448.4197221  -308.03505698 -331.47030564  240.38504071
   434.12866277]
 [ 253.08722421 -304.67820601 -320.68874555  215.39805471  224.60424354
   441.20400696]
 [ 370.19927503 -306.78497105 -311.84653801 -332.32466424  455.54940945
    10.94760013]
 [ 372.03056114 -272.78564589 -122.64405783  216.15963075  222.89194144
   441.46169229]
 [ 371.4306318   450.18994006 -284.55012963 -462.56720158  455.3321926
   440.64758445]
 [ 372.6478067  -304.20984627 -283.45796796 -463.53643945  455.63884013
   442.12929873]
 [ 224.73594746 -273.15250153 -311.49209018 -331.49696177 -170.51470806
   435.82306761]
 [ 367.15617689 -306.23314917  407.64527739  187.66256922  -11.69682405
   186.25068166]
 [ 226.46778678  448.42885344 -286.72291714 -462.62628071  455.40418185
   396.94808928]
 [-358.18000543 -304.25019956 -311.84920932 -332.37626783 -243.35490451
   438.67952168]
 [ 228.66970679  450.10487666  408.33969639  -58.67883013 -243.51190222
   448.38865313]
 [ 230.63875035  451.20934557 -314.11861618  225.69876944  455.06325377
  -241.01625712]
 [-359.9161634   448.569572   -321.26567879 -332.23292013  480.95016642
   450.67115797]
 [ 356.41087771 -306.34550611 -309.88110689  226.49424989 -243.78890611
   395.79743741]
 [ 148.91797739 -306.50689356 -287.83512508  187.39805679   62.98904013
   451.16774972]]","[-1477.63050469 -1327.72144793 -1280.31094427 -1228.78345869
 -1223.78725337 -1215.01613114 -1209.88204688 -1194.90020722
 -1183.19594086 -1159.97438743 -1151.00030044 -1147.01165575
 -1145.82322109 -1145.06840087 -1108.65298573 -1084.66002845
 -1083.23417878 -1072.29535331 -1060.79379303 -1058.8492345 ]","[[1.85928482 0.87549546 1.32405916 0.3625931  0.52719429 0.87375589]
 [1.85928482 0.87549546 1.32405916 0.3625931  0.52719429 0.87375589]
 [1.85928482 0.87549546 1.32405916 0.3625931  0.52719429 0.87375589]
 [1.85928482 0.87549546 1.32405916 0.3625931  0.52719429 0.87375589]
 [1.85928482 0.87549546 1.32405916 0.3625931  0.52719429 0.87375589]
 [1.85928482 0.87549546 1.32405916 0.3625931  0.52719429 0.87375589]
 [1.85928482 0.87549546 1.32405916 0.3625931  0.52719429 0.87375589]
 [1.85928482 0.87549546 1.32405916 0.3625931  0.52719429 0.87375589]
 [1.85928482 0.87549546 1.32405916 0.3625931  0.52719429 0.87375589]
 [1.85928482 0.87549546 1.32405916 0.3625931  0.52719429 0.87375589]
 [1.85928482 0.87549546 1.32405916 0.3625931  0.52719429 0.87375589]
 [1.85928482 0.87549546 1.32405916 0.3625931  0.52719429 0.87375589]
 [1.85928482 0.87549546 1.32405916 0.3625931  0.52719429 0.87375589]
 [1.85928482 0.87549546 1.32405916 0.3625931  0.52719429 0.87375589]
 [1.85928482 0.87549546 1.32405916 0.3625931  0.52719429 0.87375589]
 [1.85928482 0.87549546 1.32405916 0.3625931  0.52719429 0.87375589]
 [1.85928482 0.87549546 1.32405916 0.3625931  0.52719429 0.87375589]
 [1.85928482 0.87549546 1.32405916 0.3625931  0.52719429 0.87375589]
 [1.85928482 0.87549546 1.32405916 0.3625931  0.52719429 0.87375589]
 [1.85928482 0.87549546 1.32405916 0.3625931  0.52719429 0.87375589]]"
3,4,"[[ 222.47941181  449.35347738 -309.34462917 -331.4597114   454.95131797
   434.43249645]
 [ 224.46980126 -304.26433729 -308.54052371 -331.83313815  455.4779913
   437.01648292]
 [ 374.8072334   448.19308967 -314.5536389  -331.67250255  455.71150689
   395.1414658 ]
 [ 373.60697068 -306.48981969 -311.85674001  187.65669343  455.90101068
   441.9303585 ]
 [ 371.54529402  448.58437376 -307.80770967  225.87524698  455.60965155
   441.36597536]
 [ 228.30433479  450.00663925 -311.86599736  216.04207364  455.73960626
   396.89722328]
 [ 373.9485129  -307.49702381 -283.45986675  187.4026116   456.8785482
   441.16256107]
 [ 223.29902483  451.77248321 -312.46644942 -331.12665509  457.59049341
   449.30306167]
 [ 362.18054324  448.75447777 -312.50671529 -331.77511908  455.24510127
   441.71220526]
 [ 371.5281195   447.66651139 -310.36123429 -332.37378406  222.86770443
   436.12470817]
 [ 225.58720671 -304.48258971 -306.12833373  187.73649474  455.67166532
   450.45232901]
 [ 229.907764   -304.77818381 -320.64415798  225.78850811  455.22266842
   433.86406477]
 [ 358.4751185   449.15229641 -310.65323013 -332.012261    454.84003046
   440.06630861]
 [ 360.82662992 -305.49255589 -312.2689269  -332.71252339  455.73667747
   438.88736833]
 [ 375.17443875 -305.58672547  188.89115423  215.56341336  455.43249122
   442.57727719]
 [ 371.54936431 -305.32756606 -312.31934079 -332.08466577  224.18590646
   434.90828456]
 [ 229.39707376  448.48593393  189.70372207 -331.9759131   457.02636851
   440.93037161]
 [ 233.65432049 -304.61549854 -306.40746486  187.74168188  454.9231144
   451.46550794]
 [ 222.40901351 -307.36322808 -318.82529007 -332.21826206  226.17689963
   438.44049327]
 [ 376.74141076  449.14624592 -284.62240405  215.39392622  224.2363917
   449.65831218]]","[-1647.82254385 -1603.52251459 -1602.69979599 -1566.60747703
 -1559.14005676 -1538.72829906 -1530.19640967 -1525.9468101
 -1516.88600735 -1516.85698385 -1499.0192864  -1496.36541279
 -1492.75056261 -1482.9351468  -1481.19023255 -1481.11472681
 -1453.14956519 -1449.88369591 -1438.28844775 -1436.15998909]","[[2.53523887 0.81918284 1.52356535 0.21833799 0.382786   0.81674254]
 [2.53523887 0.81918284 1.52356535 0.21833799 0.382786   0.81674254]
 [2.53523887 0.81918284 1.52356535 0.21833799 0.382786   0.81674254]
 [2.53523887 0.81918284 1.52356535 0.21833799 0.382786   0.81674254]
 [2.53523887 0.81918284 1.52356535 0.21833799 0.382786   0.81674254]
 [2.53523887 0.81918284 1.52356535 0.21833799 0.382786   0.81674254]
 [2.53523887 0.81918284 1.52356535 0.21833799 0.382786   0.81674254]
 [2.53523887 0.81918284 1.52356535 0.21833799 0.382786   0.81674254]
 [2.53523887 0.81918284 1.52356535 0.21833799 0.382786   0.81674254]
 [2.53523887 0.81918284 1.52356535 0.21833799 0.382786   0.81674254]
 [2.53523887 0.81918284 1.52356535 0.21833799 0.382786   0.81674254]
 [2.53523887 0.81918284 1.52356535 0.21833799 0.382786   0.81674254]
 [2.53523887 0.81918284 1.52356535 0.21833799 0.382786   0.81674254]
 [2.53523887 0.81918284 1.52356535 0.21833799 0.382786   0.81674254]
 [2.53523887 0.81918284 1.52356535 0.21833799 0.382786   0.81674254]
 [2.53523887 0.81918284 1.52356535 0.21833799 0.382786   0.81674254]
 [2.53523887 0.81918284 1.52356535 0.21833799 0.382786   0.81674254]
 [2.53523887 0.81918284 1.52356535 0.21833799 0.382786   0.81674254]
 [2.53523887 0.81918284 1.52356535 0.21833799 0.382786   0.81674254]
 [2.53523887 0.81918284 1.52356535 0.21833799 0.382786   0.81674254]]"
4,5,"[[ 377.96936041 -305.9696759  -313.12118015 -330.95271114  455.62860275
   435.00779883]
 [ 375.56334502  448.54843335 -305.53785959 -331.95919553  456.74007903
   438.05840505]
 [ 379.12406691  448.6239239  -285.99811364  187.64474201  455.68359192
   434.58725087]
 [ 373.81806076  447.21221071 -310.8478245  -332.02082824  454.81714027
   441.45259185]
 [ 221.24230927  449.08879087 -317.11030018 -331.67675695  454.71849141
   434.38188741]
 [ 379.783211   -304.11193438 -316.62457258 -332.10706531  455.64024898
   442.01284084]
 [ 374.70642441  449.90824436 -309.74149413 -331.40750189  455.26668002
   442.61614568]
 [ 375.95747633 -305.1586659  -312.03088161  215.4418023   455.75987026
   436.46297784]
 [ 374.88201131  450.44799089 -310.46092764 -332.04584284  455.26288152
   442.7698205 ]
 [ 370.59988147  447.66786053 -309.83418503 -331.88638005  455.6928897
   440.12969104]
 [ 226.08073549  447.45117712 -309.23946676 -331.68338058  455.63043842
   440.27427983]
 [ 218.41697871  449.88180615 -312.81173148  187.82908357  454.72878192
   438.31145684]
 [ 227.01083843 -304.79449704 -305.72045804 -331.13221799  455.01054904
   434.50881782]
 [ 375.68949259  448.68526481 -313.05086422 -331.54948108  455.49368745
   394.58916941]
 [ 223.4751458   448.75480218 -310.84806768 -330.87017728  456.75005943
   440.47058729]
 [ 376.06268303  449.04968593 -285.56768806 -332.49899393  457.01520558
   440.70556838]
 [ 228.0979069  -303.20928772 -310.45421604 -331.57355163  454.51054732
   432.5056451 ]
 [ 377.06076952  452.63661107 -307.63427462 -331.90279881  456.2008523
   395.86362192]
 [ 374.5170675  -304.82320651 -308.71637446  187.10745159  455.77041132
   436.99236518]
 [ 223.67390069  448.7222565  -312.04319587 -331.76714207  455.74397032
   442.13214497]]","[-1666.91550405 -1657.97650182 -1652.0233785  -1642.48953228
 -1634.69502099 -1634.56090664 -1629.57543629 -1628.79970548
 -1620.96716687 -1612.66099847 -1612.21481882 -1611.89531069
 -1610.94496643 -1610.80045847 -1609.24737574 -1606.93855572
 -1606.07553594 -1605.54934684 -1603.69716638 -1599.65797761]","[[3.45694003 0.7664923  1.75313267 0.13147375 0.27793382 0.76344936]
 [3.45694003 0.7664923  1.75313267 0.13147375 0.27793382 0.76344936]
 [3.45694003 0.7664923  1.75313267 0.13147375 0.27793382 0.76344936]
 [3.45694003 0.7664923  1.75313267 0.13147375 0.27793382 0.76344936]
 [3.45694003 0.7664923  1.75313267 0.13147375 0.27793382 0.76344936]
 [3.45694003 0.7664923  1.75313267 0.13147375 0.27793382 0.76344936]
 [3.45694003 0.7664923  1.75313267 0.13147375 0.27793382 0.76344936]
 [3.45694003 0.7664923  1.75313267 0.13147375 0.27793382 0.76344936]
 [3.45694003 0.7664923  1.75313267 0.13147375 0.27793382 0.76344936]
 [3.45694003 0.7664923  1.75313267 0.13147375 0.27793382 0.76344936]
 [3.45694003 0.7664923  1.75313267 0.13147375 0.27793382 0.76344936]
 [3.45694003 0.7664923  1.75313267 0.13147375 0.27793382 0.76344936]
 [3.45694003 0.7664923  1.75313267 0.13147375 0.27793382 0.76344936]
 [3.45694003 0.7664923  1.75313267 0.13147375 0.27793382 0.76344936]
 [3.45694003 0.7664923  1.75313267 0.13147375 0.27793382 0.76344936]
 [3.45694003 0.7664923  1.75313267 0.13147375 0.27793382 0.76344936]
 [3.45694003 0.7664923  1.75313267 0.13147375 0.27793382 0.76344936]
 [3.45694003 0.7664923  1.75313267 0.13147375 0.27793382 0.76344936]
 [3.45694003 0.7664923  1.75313267 0.13147375 0.27793382 0.76344936]
 [3.45694003 0.7664923  1.75313267 0.13147375 0.27793382 0.76344936]]"
5,6,"[[ 387.22515451  449.98446428 -305.84310285 -331.92920327  454.85360939
   434.70157039]
 [ 384.72176395 -303.50495794 -308.91037094 -332.35655718  454.8521906
   432.82481012]
 [ 383.23746183  450.19433083 -304.27648298 -331.61344231  456.1956375
   436.02524786]
 [ 380.45567404  448.90316946 -309.48618922 -330.789839    455.20637572
   434.9890593 ]
 [ 383.97045053  450.19031047 -311.12579636 -331.67732958  456.06350875
   437.29186743]
 [ 380.77815964  448.24143517 -307.24689511 -332.47432355  455.99585351
   435.73382193]
 [ 386.67715475  448.86021133 -305.76332759  187.75844744  457.21502583
   439.50917211]
 [ 380.95065797  448.01869899 -318.21327448 -331.0770549   455.30293479
   434.07825656]
 [ 390.07145452  448.32678126 -286.02643231 -331.75431808  456.66884829
   396.3219795 ]
 [ 381.02479195 -303.97320082 -310.14366026 -331.51276814  454.6378446
   435.20834562]
 [ 379.49663288  448.77441088 -304.34452402 -332.5018284   455.03435122
   438.47284564]
 [ 379.43071606  448.16127213 -308.79343819 -331.89098583  456.7774538
   439.18980928]
 [ 379.53089902  448.30596595 -314.40971836 -331.68890605  454.64003065
   440.74868667]
 [ 381.97306397  449.82258608 -313.64492265 -332.47707759  454.91014435
   442.06276041]
 [ 380.8749822   450.50366408 -284.91860804 -331.91904933  455.2438109
   433.79139363]
 [ 381.13672228  448.83612961 -309.99999658  187.60403661  455.89230931
   437.54874338]
 [ 378.09463179  448.09139524 -306.40034238 -331.88028848  456.03965314
   440.14520499]
 [ 379.47473306  448.80448699 -311.00908415 -332.04742492  455.41941503
   440.93173724]
 [ 374.01787865  447.87111495 -307.35305926 -331.38318115  455.10805139
   434.53383791]
 [ 378.33735948  447.64208231 -307.84797478 -332.09453531  455.68497683
   442.25792333]]","[-1771.68878815 -1736.54651905 -1727.35845103 -1724.701161
 -1719.91421038 -1714.80922108 -1711.70888822 -1710.27512457
 -1707.896486   -1704.1496976  -1699.42910129 -1685.4282759
 -1683.52362037 -1681.86531827 -1681.61917849 -1681.08817964
 -1679.16615657 -1679.0865841  -1677.0770131  -1673.34251092]","[[4.71373114 0.71719085 2.01729066 0.07916785 0.2018026  0.7136336 ]
 [4.71373114 0.71719085 2.01729066 0.07916785 0.2018026  0.7136336 ]
 [4.71373114 0.71719085 2.01729066 0.07916785 0.2018026  0.7136336 ]
 [4.71373114 0.71719085 2.01729066 0.07916785 0.2018026  0.7136336 ]
 [4.71373114 0.71719085 2.01729066 0.07916785 0.2018026  0.7136336 ]
 [4.71373114 0.71719085 2.01729066 0.07916785 0.2018026  0.7136336 ]
 [4.71373114 0.71719085 2.01729066 0.07916785 0.2018026  0.7136336 ]
 [4.71373114 0.71719085 2.01729066 0.07916785 0.2018026  0.7136336 ]
 [4.71373114 0.71719085 2.01729066 0.07916785 0.2018026  0.7136336 ]
 [4.71373114 0.71719085 2.01729066 0.07916785 0.2018026  0.7136336 ]
 [4.71373114 0.71719085 2.01729066 0.07916785 0.2018026  0.7136336 ]
 [4.71373114 0.71719085 2.01729066 0.07916785 0.2018026  0.7136336 ]
 [4.71373114 0.71719085 2.01729066 0.07916785 0.2018026  0.7136336 ]
 [4.71373114 0.71719085 2.01729066 0.07916785 0.2018026  0.7136336 ]
 [4.71373114 0.71719085 2.01729066 0.07916785 0.2018026  0.7136336 ]
 [4.71373114 0.71719085 2.01729066 0.07916785 0.2018026  0.7136336 ]
 [4.71373114 0.71719085 2.01729066 0.07916785 0.2018026  0.7136336 ]
 [4.71373114 0.71719085 2.01729066 0.07916785 0.2018026  0.7136336 ]
 [4.71373114 0.71719085 2.01729066 0.07916785 0.2018026  0.7136336 ]
 [4.71373114 0.71719085 2.01729066 0.07916785 0.2018026  0.7136336 ]]"
6,7,"[[ 397.77095382  447.70721151 -307.4473     -331.76904671  456.68106411
   433.44960763]
 [ 395.77204221  448.10361475 -308.53970011 -331.72609218  454.75484172
   435.21472286]
 [ 400.77139077  449.98870247 -306.30591158 -331.87886053  455.34861415
   439.38713584]
 [ 395.62978373  448.71958718 -302.24140364 -331.4042644   455.12485605
   438.57208658]
 [ 395.78005651  448.92615936 -305.0832572  -332.39801869  455.93274722
   435.57050734]
 [ 399.48433689  448.0180999  -308.62058262 -331.9624613   455.68969976
   442.78752256]
 [ 390.89270933  448.23943063 -306.20816915 -332.27855427  454.71012992
   432.44889773]
 [ 391.27240283  448.41282994 -308.36095729 -331.65082564  454.86362039
   434.02359205]
 [ 392.84978562  448.57411826 -305.83744495 -331.81938296  455.28462172
   436.68355861]
 [ 394.02566134  449.24978145 -309.19290184 -332.55393933  454.75371765
   439.07773139]
 [ 388.62563862  447.54347328 -307.58812837 -332.19297847  456.002685
   432.30951147]
 [ 391.02266532  447.94091353 -306.04484873 -332.09056457  454.93051587
   439.97430804]
 [ 387.96760594  447.57072237 -307.98037277 -331.94850333  455.14393841
   434.96187854]
 [ 390.47683021  447.27344541 -310.87932612 -331.36445765  455.09403445
   442.15490058]
 [ 385.96823711  449.62268608 -303.34489571 -332.33439783  454.71679914
   434.23557665]
 [ 390.47097006  448.8537154  -310.18757893 -332.46217873  455.03896025
   441.50513858]
 [ 384.97584318  448.34628569 -306.35965656 -332.09217833  454.81809884
   435.25191987]
 [ 387.52478173  450.48195457 -310.04691164 -331.86897926  455.73293883
   433.44992006]
 [ 384.36124108  447.56309915 -308.03641277 -332.51733682  454.92910556
   433.75374065]
 [ 390.95540846  449.16455517 -309.43759152 -332.5229694   455.93190867
   440.70378284]]","[-1843.92385918 -1838.23176455 -1832.63602361 -1823.94359254
 -1821.53053221 -1816.41930013 -1814.84506876 -1811.90136252
 -1810.16013344 -1797.97084038 -1792.79072909 -1788.86629705
 -1787.39802851 -1775.0004967  -1765.93234047 -1762.47524516
 -1762.40947657 -1762.28693602 -1761.97834252 -1761.5745451 ]","[[6.42743612 0.67106052 2.32125137 0.04767148 0.14652512 0.66706837]
 [6.42743612 0.67106052 2.32125137 0.04767148 0.14652512 0.66706837]
 [6.42743612 0.67106052 2.32125137 0.04767148 0.14652512 0.66706837]
 [6.42743612 0.67106052 2.32125137 0.04767148 0.14652512 0.66706837]
 [6.42743612 0.67106052 2.32125137 0.04767148 0.14652512 0.66706837]
 [6.42743612 0.67106052 2.32125137 0.04767148 0.14652512 0.66706837]
 [6.42743612 0.67106052 2.32125137 0.04767148 0.14652512 0.66706837]
 [6.42743612 0.67106052 2.32125137 0.04767148 0.14652512 0.66706837]
 [6.42743612 0.67106052 2.32125137 0.04767148 0.14652512 0.66706837]
 [6.42743612 0.67106052 2.32125137 0.04767148 0.14652512 0.66706837]
 [6.42743612 0.67106052 2.32125137 0.04767148 0.14652512 0.66706837]
 [6.42743612 0.67106052 2.32125137 0.04767148 0.14652512 0.66706837]
 [6.42743612 0.67106052 2.32125137 0.04767148 0.14652512 0.66706837]
 [6.42743612 0.67106052 2.32125137 0.04767148 0.14652512 0.66706837]
 [6.42743612 0.67106052 2.32125137 0.04767148 0.14652512 0.66706837]
 [6.42743612 0.67106052 2.32125137 0.04767148 0.14652512 0.66706837]
 [6.42743612 0.67106052 2.32125137 0.04767148 0.14652512 0.66706837]
 [6.42743612 0.67106052 2.32125137 0.04767148 0.14652512 0.66706837]
 [6.42743612 0.67106052 2.32125137 0.04767148 0.14652512 0.66706837]
 [6.42743612 0.67106052 2.32125137 0.04767148 0.14652512 0.66706837]]"
7,8,"[[ 409.72520315  448.42633302 -303.12680309 -331.79018046  454.68507138
   434.7535408 ]
 [ 413.56995996  448.49334448 -301.0437486  -331.91721659  455.47271948
   437.58302258]
 [ 415.8003916   450.41339081 -310.66247468 -332.16890431  455.14681229
   433.1436175 ]
 [ 415.7797112   447.50147276 -307.55925272 -332.22280035  455.01360254
   440.59088885]
 [ 407.4409897   448.48231137 -306.56662664 -332.06849299  455.67843994
   435.02997312]
 [ 404.17655762  448.12372492 -307.29319792 -331.97095735  454.94826746
   434.79465145]
 [ 406.80902104  447.86941515 -304.93131833 -331.36438229  454.77768238
   439.58362846]
 [ 405.90716007  448.67252517 -305.02143576 -332.58069987  454.78362537
   435.5533582 ]
 [ 401.02068127  447.55374091 -305.99780076 -331.92649349  454.79949848
   432.97957554]
 [ 402.69461784  448.21730383 -308.84351641 -331.61496372  455.76418331
   433.26746106]
 [ 404.84034543  448.84435487 -305.32400296 -331.91987081  455.71862061
   435.60709494]
 [ 403.10505749  447.84156816 -302.65253641 -332.50533953  455.75978868
   436.12951024]
 [ 399.93761881  447.56989778 -308.59895327 -331.76175154  454.79042687
   434.82237738]
 [ 403.63581402  449.50571804 -310.01690867 -332.15368353  454.6223316
   435.11347977]
 [ 401.94879188  448.33963979 -307.18446817 -332.44928843  455.28869011
   435.11879231]
 [ 403.92777076  447.92866143 -301.90235627 -331.89141643  455.09994549
   439.84322396]
 [ 402.93421368  448.48569812 -311.94493533 -331.83787538  454.79273234
   435.98631484]
 [ 400.37329613  447.16019373 -313.08634399 -332.41029028  455.30650533
   432.09302373]
 [ 405.36492102  447.51377513 -309.82596701 -331.87569998  455.12373655
   440.97707351]
 [ 398.8525138   448.82676767 -301.89679479 -331.8624017   455.06857864
   433.42208059]]","[-1903.39031275 -1893.91360776 -1893.14807961 -1888.93360385
 -1883.38811696 -1880.04765299 -1879.910134   -1879.70033963
 -1878.40380633 -1871.94004626 -1871.27580047 -1865.39156916
 -1865.08128852 -1864.62337882 -1862.08067181 -1862.00419168
 -1861.93904748 -1860.4963388  -1858.15770468 -1857.7524145 ]","[[8.76416874 0.62789733 2.67101219 0.02870571 0.10638918 0.62354156]
 [8.76416874 0.62789733 2.67101219 0.02870571 0.10638918 0.62354156]
 [8.76416874 0.62789733 2.67101219 0.02870571 0.10638918 0.62354156]
 [8.76416874 0.62789733 2.67101219 0.02870571 0.10638918 0.62354156]
 [8.76416874 0.62789733 2.67101219 0.02870571 0.10638918 0.62354156]
 [8.76416874 0.62789733 2.67101219 0.02870571 0.10638918 0.62354156]
 [8.76416874 0.62789733 2.67101219 0.02870571 0.10638918 0.62354156]
 [8.76416874 0.62789733 2.67101219 0.02870571 0.10638918 0.62354156]
 [8.76416874 0.62789733 2.67101219 0.02870571 0.10638918 0.62354156]
 [8.76416874 0.62789733 2.67101219 0.02870571 0.10638918 0.62354156]
 [8.76416874 0.62789733 2.67101219 0.02870571 0.10638918 0.62354156]
 [8.76416874 0.62789733 2.67101219 0.02870571 0.10638918 0.62354156]
 [8.76416874 0.62789733 2.67101219 0.02870571 0.10638918 0.62354156]
 [8.76416874 0.62789733 2.67101219 0.02870571 0.10638918 0.62354156]
 [8.76416874 0.62789733 2.67101219 0.02870571 0.10638918 0.62354156]
 [8.76416874 0.62789733 2.67101219 0.02870571 0.10638918 0.62354156]
 [8.76416874 0.62789733 2.67101219 0.02870571 0.10638918 0.62354156]
 [8.76416874 0.62789733 2.67101219 0.02870571 0.10638918 0.62354156]
 [8.76416874 0.62789733 2.67101219 0.02870571 0.10638918 0.62354156]
 [8.76416874 0.62789733 2.67101219 0.02870571 0.10638918 0.62354156]]"
8,9,"[[ 419.03247588  447.6378552  -304.01634386 -332.51313749  455.01809143
   432.3138956 ]
 [ 418.68633593  448.08344916 -309.23335693 -331.37956364  454.61797792
   433.23172326]
 [ 415.69470923  448.33349177 -302.32012062 -332.16909619  455.11346029
   431.52773437]
 [ 420.81934102  448.34073958 -308.20763687 -331.86554894  454.52362691
   433.7119554 ]
 [ 416.42273698  447.17491891 -306.96554026 -331.86497221  455.29558326
   433.89229462]
 [ 412.61068096  447.03634808 -303.54762308 -331.74224504  454.71229847
   434.90835603]
 [ 423.02883884  447.86287147 -309.5971732  -332.22891534  454.90725337
   432.94204976]
 [ 423.885255    448.65765161 -307.73581387 -331.91352318  455.01731905
   433.43672203]
 [ 417.3982326   448.57965023 -303.87125932 -332.4445472   454.84593796
   433.79189772]
 [ 421.41456645  449.31599807 -298.82555111 -332.18001378  454.97487258
   432.51353263]
 [ 421.87876207  446.56764323 -313.2097827  -331.85152353  454.77449975
   435.34396406]
 [ 418.24254376  447.34971579 -307.96321915 -332.43900769  455.03245993
   435.06800321]
 [ 409.8903064   448.1810526  -302.17191152 -331.85166463  454.91653857
   431.75168826]
 [ 417.92227212  447.95241812 -306.36287765 -331.90257696  455.30330327
   435.17240096]
 [ 426.02728276  447.97645095 -302.47287568 -332.58636188  454.49451532
   435.79113626]
 [ 425.91979119  448.45331009 -305.76587758 -331.89818951  455.08028619
   434.95672628]
 [ 419.32723084  449.58523092 -306.87817608 -332.39366573  454.65312802
   433.26762282]
 [ 411.73829845  448.5974257  -301.64976732 -331.37240491  454.99196947
   434.1597736 ]
 [ 422.58372313  448.50895701 -306.50873805 -332.15682889  454.89925448
   435.83313263]
 [ 419.68828147  449.35721267 -308.97930082 -332.55886555  455.31221568
   431.12278423]]","[-1923.70658906 -1923.31509169 -1920.24496196 -1919.87289842
 -1919.73290425 -1918.78650124 -1917.12591888 -1914.08631091
 -1913.87462013 -1913.77061067 -1913.2898989  -1913.2356183
 -1912.4894426  -1912.20513454 -1911.25255288 -1910.10273292
 -1909.75601588 -1909.74644371 -1908.33106053 -1908.3114988 ]","[[11.95043439  0.58751044  3.07347415  0.01728535  0.07724721  0.58285492]
 [11.95043439  0.58751044  3.07347415  0.01728535  0.07724721  0.58285492]
 [11.95043439  0.58751044  3.07347415  0.01728535  0.07724721  0.58285492]
 [11.95043439  0.58751044  3.07347415  0.01728535  0.07724721  0.58285492]
 [11.95043439  0.58751044  3.07347415  0.01728535  0.07724721  0.58285492]
 [11.95043439  0.58751044  3.07347415  0.01728535  0.07724721  0.58285492]
 [11.95043439  0.58751044  3.07347415  0.01728535  0.07724721  0.58285492]
 [11.95043439  0.58751044  3.07347415  0.01728535  0.07724721  0.58285492]
 [11.95043439  0.58751044  3.07347415  0.01728535  0.07724721  0.58285492]
 [11.95043439  0.58751044  3.07347415  0.01728535  0.07724721  0.58285492]
 [11.95043439  0.58751044  3.07347415  0.01728535  0.07724721  0.58285492]
 [11.95043439  0.58751044  3.07347415  0.01728535  0.07724721  0.58285492]
 [11.95043439  0.58751044  3.07347415  0.01728535  0.07724721  0.58285492]
 [11.95043439  0.58751044  3.07347415  0.01728535  0.07724721  0.58285492]
 [11.95043439  0.58751044  3.07347415  0.01728535  0.07724721  0.58285492]
 [11.95043439  0.58751044  3.07347415  0.01728535  0.07724721  0.58285492]
 [11.95043439  0.58751044  3.07347415  0.01728535  0.07724721  0.58285492]
 [11.95043439  0.58751044  3.07347415  0.01728535  0.07724721  0.58285492]
 [11.95043439  0.58751044  3.07347415  0.01728535  0.07724721  0.58285492]
 [11.95043439  0.58751044  3.07347415  0.01728535  0.07724721  0.58285492]]"
9,10,"[[ 421.00147396  446.21597263 -307.12491223 -332.22566946  454.59134242
   433.01432888]
 [ 417.15307759  446.49121131 -301.79918241 -331.73097706  454.81197265
   433.4526695 ]
 [ 422.61031847  446.50791896 -309.32068157 -331.88715412  454.9464384
   431.71102078]
 [ 420.57041088  446.10441887 -306.56245366 -332.18367028  455.00129273
   433.34866609]
 [ 418.63971382  446.49218333 -303.30566254 -332.17524433  454.65799253
   434.50873085]
 [ 427.16782115  447.92641584 -298.77789691 -331.38044465  454.51042677
   432.20510858]
 [ 420.00224691  447.75834711 -301.34559783 -331.90476783  454.49061036
   433.62644804]
 [ 419.59249204  446.37581683 -302.98593282 -331.90648755  454.7191915
   435.67271303]
 [ 414.69802159  447.50524162 -302.21336429 -331.75323204  455.08444022
   431.66078125]
 [ 419.10639468  447.22528285 -299.81594197 -332.50620554  454.79515855
   432.84177949]
 [ 418.94995525  447.16258149 -307.22006979 -331.91835242  454.97582458
   433.30607413]
 [ 427.13721726  447.52422012 -310.24229549 -331.35549014  454.97221203
   430.60100959]
 [ 423.29163988  447.51649039 -308.22201249 -332.58730525  454.50428319
   431.74062181]
 [ 417.66524646  448.50478403 -302.70158521 -331.86536086  454.90441767
   431.33766675]
 [ 429.47356403  447.11743841 -306.77439838 -331.75390515  454.67955677
   432.05579335]
 [ 415.6038183   447.36294895 -307.33772952 -332.18112261  454.91851728
   432.08160263]
 [ 421.67785355  447.6902465  -302.49047933 -331.37039509  455.33867454
   434.42929759]
 [ 422.49514616  446.58109051 -310.07292456 -332.16505197  455.14721334
   433.53944834]
 [ 417.79770404  447.466349   -303.56294373 -332.58236029  455.09681017
   433.10382733]
 [ 420.50993427  448.30795102 -309.97520169 -332.1620808   454.92365229
   430.73095339]]","[-1933.85579674 -1933.25498489 -1931.83036419 -1931.2050291
 -1929.13889078 -1927.90997851 -1927.69587637 -1927.59548921
 -1926.80931382 -1925.95515866 -1925.5989198  -1925.54307237
 -1925.50848586 -1925.44336661 -1924.86133601 -1923.35226916
 -1922.71861242 -1921.26571391 -1920.73147561 -1920.42254266]","[[1.62950859e+01 5.49721264e-01 3.53657816e+00 1.04084941e-02
  5.60877668e-02 5.44823114e-01]
 [1.62950859e+01 5.49721264e-01 3.53657816e+00 1.04084941e-02
  5.60877668e-02 5.44823114e-01]
 [1.62950859e+01 5.49721264e-01 3.53657816e+00 1.04084941e-02
  5.60877668e-02 5.44823114e-01]
 [1.62950859e+01 5.49721264e-01 3.53657816e+00 1.04084941e-02
  5.60877668e-02 5.44823114e-01]
 [1.62950859e+01 5.49721264e-01 3.53657816e+00 1.04084941e-02
  5.60877668e-02 5.44823114e-01]
 [1.62950859e+01 5.49721264e-01 3.53657816e+00 1.04084941e-02
  5.60877668e-02 5.44823114e-01]
 [1.62950859e+01 5.49721264e-01 3.53657816e+00 1.04084941e-02
  5.60877668e-02 5.44823114e-01]
 [1.62950859e+01 5.49721264e-01 3.53657816e+00 1.04084941e-02
  5.60877668e-02 5.44823114e-01]
 [1.62950859e+01 5.49721264e-01 3.53657816e+00 1.04084941e-02
  5.60877668e-02 5.44823114e-01]
 [1.62950859e+01 5.49721264e-01 3.53657816e+00 1.04084941e-02
  5.60877668e-02 5.44823114e-01]
 [1.62950859e+01 5.49721264e-01 3.53657816e+00 1.04084941e-02
  5.60877668e-02 5.44823114e-01]
 [1.62950859e+01 5.49721264e-01 3.53657816e+00 1.04084941e-02
  5.60877668e-02 5.44823114e-01]
 [1.62950859e+01 5.49721264e-01 3.53657816e+00 1.04084941e-02
  5.60877668e-02 5.44823114e-01]
 [1.62950859e+01 5.49721264e-01 3.53657816e+00 1.04084941e-02
  5.60877668e-02 5.44823114e-01]
 [1.62950859e+01 5.49721264e-01 3.53657816e+00 1.04084941e-02
  5.60877668e-02 5.44823114e-01]
 [1.62950859e+01 5.49721264e-01 3.53657816e+00 1.04084941e-02
  5.60877668e-02 5.44823114e-01]
 [1.62950859e+01 5.49721264e-01 3.53657816e+00 1.04084941e-02
  5.60877668e-02 5.44823114e-01]
 [1.62950859e+01 5.49721264e-01 3.53657816e+00 1.04084941e-02
  5.60877668e-02 5.44823114e-01]
 [1.62950859e+01 5.49721264e-01 3.53657816e+00 1.04084941e-02
  5.60877668e-02 5.44823114e-01]
 [1.62950859e+01 5.49721264e-01 3.53657816e+00 1.04084941e-02
  5.60877668e-02 5.44823114e-01]]"
10,11,"[[ 421.33048048  445.30417533 -307.2898117  -332.59405948  455.16063353
   429.80872429]
 [ 418.07433944  445.81811543 -298.81169917 -331.36492369  454.9362723
   432.73968356]
 [ 424.34753772  446.04905906 -304.22897711 -331.87513677  454.52314951
   432.64881297]
 [ 419.31807142  447.18174143 -301.91026461 -331.35539737  454.99617181
   431.75347915]
 [ 419.14631777  446.69761799 -303.59222437 -332.1679004   454.53455466
   433.23257734]
 [ 417.27251262  446.61812239 -299.62149961 -331.90466744  454.68551126
   432.93088117]
 [ 415.37115886  446.21262945 -300.3550804  -332.51141744  454.47829713
   432.52883065]
 [ 415.88311471  446.2915656  -304.55196275 -331.7324033   454.71507441
   433.85815235]
 [ 418.71882868  447.07163171 -300.28651041 -331.38317617  454.9890324
   433.54806227]
 [ 426.44773821  446.13956859 -299.77805844 -332.59479656  454.89679921
   431.86314825]
 [ 426.58433531  447.72368361 -306.53015104 -331.86437513  454.71745586
   430.06355463]
 [ 414.22921246  446.56306379 -306.50224196 -331.8652468   455.05083997
   431.4775903 ]
 [ 425.88638145  447.32425654 -300.86888165 -331.74783459  454.77258298
   432.57595358]
 [ 415.61401801  446.93283175 -301.46114758 -332.17691783  454.48992284
   433.05847134]
 [ 413.86340913  447.48430264 -300.72882385 -331.36723896  454.68025805
   432.38376103]
 [ 427.08170502  446.7490637  -300.65856557 -331.75236802  454.93841392
   433.00104739]
 [ 425.33713694  446.78554759 -305.70886046 -332.16590441  455.30138186
   431.48690655]
 [ 424.39562871  446.85629014 -307.355498   -331.87329142  454.73257188
   433.36518264]
 [ 414.05824039  446.14500299 -311.6740513  -331.35187018  455.01127702
   431.21891895]
 [ 409.40313684  447.26809666 -302.83186497 -331.36819862  454.48486394
   429.99151472]]","[-1940.53638736 -1940.08435865 -1939.73221856 -1936.51634644
 -1933.19546825 -1932.99651773 -1932.37699705 -1932.05627486
 -1930.9420468  -1930.66688278 -1930.43719912 -1929.92967638
 -1929.41340722 -1929.36635093 -1928.87848136 -1928.66691865
 -1928.54305772 -1928.39184708 -1928.03050815 -1927.93270156]","[[2.22192612e+01 5.14362721e-01 4.06946161e+00 6.26754795e-03
  4.07242878e-02 5.09272918e-01]
 [2.22192612e+01 5.14362721e-01 4.06946161e+00 6.26754795e-03
  4.07242878e-02 5.09272918e-01]
 [2.22192612e+01 5.14362721e-01 4.06946161e+00 6.26754795e-03
  4.07242878e-02 5.09272918e-01]
 [2.22192612e+01 5.14362721e-01 4.06946161e+00 6.26754795e-03
  4.07242878e-02 5.09272918e-01]
 [2.22192612e+01 5.14362721e-01 4.06946161e+00 6.26754795e-03
  4.07242878e-02 5.09272918e-01]
 [2.22192612e+01 5.14362721e-01 4.06946161e+00 6.26754795e-03
  4.07242878e-02 5.09272918e-01]
 [2.22192612e+01 5.14362721e-01 4.06946161e+00 6.26754795e-03
  4.07242878e-02 5.09272918e-01]
 [2.22192612e+01 5.14362721e-01 4.06946161e+00 6.26754795e-03
  4.07242878e-02 5.09272918e-01]
 [2.22192612e+01 5.14362721e-01 4.06946161e+00 6.26754795e-03
  4.07242878e-02 5.09272918e-01]
 [2.22192612e+01 5.14362721e-01 4.06946161e+00 6.26754795e-03
  4.07242878e-02 5.09272918e-01]
 [2.22192612e+01 5.14362721e-01 4.06946161e+00 6.26754795e-03
  4.07242878e-02 5.09272918e-01]
 [2.22192612e+01 5.14362721e-01 4.06946161e+00 6.26754795e-03
  4.07242878e-02 5.09272918e-01]
 [2.22192612e+01 5.14362721e-01 4.06946161e+00 6.26754795e-03
  4.07242878e-02 5.09272918e-01]
 [2.22192612e+01 5.14362721e-01 4.06946161e+00 6.26754795e-03
  4.07242878e-02 5.09272918e-01]
 [2.22192612e+01 5.14362721e-01 4.06946161e+00 6.26754795e-03
  4.07242878e-02 5.09272918e-01]
 [2.22192612e+01 5.14362721e-01 4.06946161e+00 6.26754795e-03
  4.07242878e-02 5.09272918e-01]
 [2.22192612e+01 5.14362721e-01 4.06946161e+00 6.26754795e-03
  4.07242878e-02 5.09272918e-01]
 [2.22192612e+01 5.14362721e-01 4.06946161e+00 6.26754795e-03
  4.07242878e-02 5.09272918e-01]
 [2.22192612e+01 5.14362721e-01 4.06946161e+00 6.26754795e-03
  4.07242878e-02 5.09272918e-01]
 [2.22192612e+01 5.14362721e-01 4.06946161e+00 6.26754795e-03
  4.07242878e-02 5.09272918e-01]]"
11,12,"[[ 424.18438731  444.94143388 -301.86328937 -331.74847371  454.53604424
   434.1778935 ]
 [ 417.73246111  445.88561564 -295.69847581 -331.36902574  454.92883117
   429.89872351]
 [ 419.70260654  446.1564428  -304.1221703  -331.86757851  455.01551371
   430.57959498]
 [ 432.07451478  445.01506673 -301.32372279 -331.73397132  454.51494673
   429.73622637]
 [ 425.09829704  446.15032029 -302.18535319 -332.5924843   454.74788475
   431.54755317]
 [ 417.76850131  446.8773949  -300.77981076 -331.75291808  454.4873556
   433.14223032]
 [ 427.08170502  447.26809666 -299.62149961 -331.35187018  454.48486394
   432.38376103]
 [ 424.63326012  447.5446777  -297.47875374 -331.37173438  454.56621167
   432.29848342]
 [ 415.24418045  446.21589141 -295.79049213 -331.87014549  454.69423636
   432.05684274]
 [ 412.50201788  445.36170354 -300.66411351 -331.87842501  454.91712326
   433.45485963]
 [ 411.31642299  447.29729391 -301.69613711 -331.75288236  454.4596105
   429.89927443]
 [ 430.36792192  446.89920593 -307.17930727 -331.73203414  454.58107203
   430.07187717]
 [ 425.84433952  446.79175975 -297.70058762 -331.75472763  454.52679119
   433.39928515]
 [ 413.44397937  446.31943646 -305.42638609 -332.51498515  454.64778386
   431.68655669]
 [ 411.76464605  446.20592666 -297.77184132 -331.75315969  454.76869837
   431.80764717]
 [ 413.83451348  446.10379822 -298.56595363 -332.59228013  454.77993598
   431.84156016]
 [ 427.11764059  447.10053751 -296.56122676 -331.37006554  454.91471583
   432.21512943]
 [ 411.48014136  446.04369794 -305.80347742 -332.17910746  454.47546771
   432.68311085]
 [ 413.980666    446.5372356  -298.27901591 -331.87542823  454.92907309
   432.78393051]
 [ 419.37008013  448.01118841 -304.69798405 -331.86802495  454.52992761
   433.27188972]]","[-1942.72418047 -1942.71181172 -1942.12384759 -1940.4443784
 -1935.20234307 -1934.42178032 -1932.81941335 -1931.43024149
 -1931.10798867 -1930.69889297 -1930.53180807 -1929.69276686
 -1929.5829807  -1929.11012612 -1928.43384776 -1928.24578392
 -1927.4264285  -1927.14878262 -1926.61588644 -1926.49765563]","[[3.02972058e+01 4.81278469e-01 4.68263872e+00 3.77404811e-03
  2.95691505e-02 4.76042405e-01]
 [3.02972058e+01 4.81278469e-01 4.68263872e+00 3.77404811e-03
  2.95691505e-02 4.76042405e-01]
 [3.02972058e+01 4.81278469e-01 4.68263872e+00 3.77404811e-03
  2.95691505e-02 4.76042405e-01]
 [3.02972058e+01 4.81278469e-01 4.68263872e+00 3.77404811e-03
  2.95691505e-02 4.76042405e-01]
 [3.02972058e+01 4.81278469e-01 4.68263872e+00 3.77404811e-03
  2.95691505e-02 4.76042405e-01]
 [3.02972058e+01 4.81278469e-01 4.68263872e+00 3.77404811e-03
  2.95691505e-02 4.76042405e-01]
 [3.02972058e+01 4.81278469e-01 4.68263872e+00 3.77404811e-03
  2.95691505e-02 4.76042405e-01]
 [3.02972058e+01 4.81278469e-01 4.68263872e+00 3.77404811e-03
  2.95691505e-02 4.76042405e-01]
 [3.02972058e+01 4.81278469e-01 4.68263872e+00 3.77404811e-03
  2.95691505e-02 4.76042405e-01]
 [3.02972058e+01 4.81278469e-01 4.68263872e+00 3.77404811e-03
  2.95691505e-02 4.76042405e-01]
 [3.02972058e+01 4.81278469e-01 4.68263872e+00 3.77404811e-03
  2.95691505e-02 4.76042405e-01]
 [3.02972058e+01 4.81278469e-01 4.68263872e+00 3.77404811e-03
  2.95691505e-02 4.76042405e-01]
 [3.02972058e+01 4.81278469e-01 4.68263872e+00 3.77404811e-03
  2.95691505e-02 4.76042405e-01]
 [3.02972058e+01 4.81278469e-01 4.68263872e+00 3.77404811e-03
  2.95691505e-02 4.76042405e-01]
 [3.02972058e+01 4.81278469e-01 4.68263872e+00 3.77404811e-03
  2.95691505e-02 4.76042405e-01]
 [3.02972058e+01 4.81278469e-01 4.68263872e+00 3.77404811e-03
  2.95691505e-02 4.76042405e-01]
 [3.02972058e+01 4.81278469e-01 4.68263872e+00 3.77404811e-03
  2.95691505e-02 4.76042405e-01]
 [3.02972058e+01 4.81278469e-01 4.68263872e+00 3.77404811e-03
  2.95691505e-02 4.76042405e-01]
 [3.02972058e+01 4.81278469e-01 4.68263872e+00 3.77404811e-03
  2.95691505e-02 4.76042405e-01]
 [3.02972058e+01 4.81278469e-01 4.68263872e+00 3.77404811e-03
  2.95691505e-02 4.76042405e-01]]"
12,13,"[[ 419.41702185  444.68059097 -304.40861748 -331.75020352  454.46276255
   431.20510828]
 [ 424.86809605  446.32624398 -301.52131197 -331.74688838  454.4595245
   429.56540253]
 [ 418.58131343  445.23587163 -302.87937584 -331.7532016   454.51205901
   433.25756398]
 [ 425.00459069  445.75172293 -301.59316691 -331.75317259  454.55554335
   432.5206349 ]
 [ 426.57097698  445.98552112 -300.56823414 -331.87080498  454.90679805
   432.66946023]
 [ 421.21754273  445.77611865 -296.70760868 -331.87063681  454.94314833
   433.38834752]
 [ 430.59079845  445.60842068 -301.37350359 -331.87362381  454.51436076
   432.42559523]
 [ 423.66628142  446.09931687 -296.8702701  -332.51211277  454.52918537
   432.29840683]
 [ 414.78220386  447.86080806 -305.21058682 -331.88348009  454.76841244
   429.6603899 ]
 [ 413.02864324  446.27580539 -304.30114835 -331.74760962  454.93001775
   432.60185609]
 [ 418.68255321  447.19054608 -301.57968495 -331.87939611  454.48681252
   434.19079845]
 [ 411.74018591  445.62050976 -295.57309876 -331.73437359  454.76022299
   431.81171264]
 [ 422.44350803  446.32841957 -291.33237698 -331.75546977  454.51492104
   431.37549543]
 [ 423.69272897  445.71343008 -291.62115267 -331.36993507  454.78029534
   432.95564821]
 [ 407.89339688  444.77850692 -305.33888534 -331.75429573  454.73377444
   431.95732669]
 [ 413.68486172  447.10420683 -295.85405202 -331.75303992  454.93519452
   430.03508396]
 [ 428.79288093  446.44914268 -296.85372717 -331.73387589  454.94822218
   432.09771533]
 [ 429.65027451  446.42557044 -292.4121742  -331.73489207  454.44861121
   429.51079148]
 [ 413.11407246  444.51918432 -291.26812558 -331.74762131  454.90441348
   432.31340969]
 [ 432.87007592  445.71646739 -299.83802875 -332.18156793  454.75549379
   431.64407811]]","[-1954.12258176 -1947.02279598 -1944.72384853 -1942.10557528
 -1934.47053616 -1933.44932368 -1933.06561762 -1932.91428075
 -1930.22915262 -1929.70301507 -1929.190105   -1928.84660239
 -1928.34175593 -1928.26361697 -1927.9024402  -1927.23574839
 -1926.56445613 -1926.4518832  -1925.84551434 -1923.73446247]","[[4.13119351e+01 4.50322225e-01 5.38820794e+00 2.27256963e-03
  2.14696121e-02 4.44980212e-01]
 [4.13119351e+01 4.50322225e-01 5.38820794e+00 2.27256963e-03
  2.14696121e-02 4.44980212e-01]
 [4.13119351e+01 4.50322225e-01 5.38820794e+00 2.27256963e-03
  2.14696121e-02 4.44980212e-01]
 [4.13119351e+01 4.50322225e-01 5.38820794e+00 2.27256963e-03
  2.14696121e-02 4.44980212e-01]
 [4.13119351e+01 4.50322225e-01 5.38820794e+00 2.27256963e-03
  2.14696121e-02 4.44980212e-01]
 [4.13119351e+01 4.50322225e-01 5.38820794e+00 2.27256963e-03
  2.14696121e-02 4.44980212e-01]
 [4.13119351e+01 4.50322225e-01 5.38820794e+00 2.27256963e-03
  2.14696121e-02 4.44980212e-01]
 [4.13119351e+01 4.50322225e-01 5.38820794e+00 2.27256963e-03
  2.14696121e-02 4.44980212e-01]
 [4.13119351e+01 4.50322225e-01 5.38820794e+00 2.27256963e-03
  2.14696121e-02 4.44980212e-01]
 [4.13119351e+01 4.50322225e-01 5.38820794e+00 2.27256963e-03
  2.14696121e-02 4.44980212e-01]
 [4.13119351e+01 4.50322225e-01 5.38820794e+00 2.27256963e-03
  2.14696121e-02 4.44980212e-01]
 [4.13119351e+01 4.50322225e-01 5.38820794e+00 2.27256963e-03
  2.14696121e-02 4.44980212e-01]
 [4.13119351e+01 4.50322225e-01 5.38820794e+00 2.27256963e-03
  2.14696121e-02 4.44980212e-01]
 [4.13119351e+01 4.50322225e-01 5.38820794e+00 2.27256963e-03
  2.14696121e-02 4.44980212e-01]
 [4.13119351e+01 4.50322225e-01 5.38820794e+00 2.27256963e-03
  2.14696121e-02 4.44980212e-01]
 [4.13119351e+01 4.50322225e-01 5.38820794e+00 2.27256963e-03
  2.14696121e-02 4.44980212e-01]
 [4.13119351e+01 4.50322225e-01 5.38820794e+00 2.27256963e-03
  2.14696121e-02 4.44980212e-01]
 [4.13119351e+01 4.50322225e-01 5.38820794e+00 2.27256963e-03
  2.14696121e-02 4.44980212e-01]
 [4.13119351e+01 4.50322225e-01 5.38820794e+00 2.27256963e-03
  2.14696121e-02 4.44980212e-01]
 [4.13119351e+01 4.50322225e-01 5.38820794e+00 2.27256963e-03
  2.14696121e-02 4.44980212e-01]]"
13,14,"[[ 424.86809605  445.23587163 -304.30114835 -331.73489207  454.46276255
   429.51079148]
 [ 421.33185278  443.93236854 -302.39387655 -331.74616887  454.45103206
   434.54016072]
 [ 416.66666073  445.32411802 -302.71013594 -331.74603709  454.75345022
   430.42613563]
 [ 419.41702185  444.68059097 -301.52131197 -331.75303992  454.76022299
   433.25756398]
 [ 418.58131343  445.71343008 -300.56823414 -331.73437359  454.51205901
   432.31340969]
 [ 419.2369951   445.96720251 -303.31838628 -331.74975423  454.54764237
   432.32142154]
 [ 418.18838367  445.73137182 -303.83555917 -331.74790802  454.48806672
   433.00225248]
 [ 413.11407246  446.27580539 -301.37350359 -331.87080498  454.46276255
   429.56540253]
 [ 421.21754273  445.71646739 -295.57309876 -331.75020352  454.51205901
   432.29840683]
 [ 418.68255321  445.75172293 -296.8702701  -331.87080498  454.93519452
   431.37549543]
 [ 427.27598571  445.9279957  -294.98274642 -331.75099375  454.51137125
   429.56980624]
 [ 417.32038223  446.42758939 -301.42543134 -331.87294624  454.55218741
   432.14381903]
 [ 415.8718669   445.92599394 -300.869503   -332.5121068   454.47979484
   431.26230566]
 [ 422.63814202  446.56447404 -308.11040649 -331.74695969  454.43211077
   431.81180531]
 [ 423.69272897  446.32624398 -301.59316691 -331.74688838  454.76841244
   432.60185609]
 [ 423.35759489  445.77623787 -296.68965993 -331.88347176  454.51557624
   432.99067004]
 [ 421.21754273  447.19054608 -295.85405202 -331.88348009  454.51492104
   429.56540253]
 [ 413.68486172  445.71646739 -300.56823414 -331.75020352  454.78029534
   432.31340969]
 [ 429.65027451  446.32624398 -302.87937584 -331.74688838  454.78029534
   430.03508396]
 [ 410.31920817  444.93387922 -302.26283556 -331.75432907  454.56218386
   432.25290768]]","[-1953.44037225 -1949.26217269 -1948.51137047 -1946.32625202
 -1944.35545093 -1943.17910942 -1942.33528739 -1940.61143063
 -1939.39114511 -1938.99932905 -1938.87440961 -1938.65092797
 -1938.48475077 -1938.02883499 -1937.91712594 -1937.1578625
 -1936.76973103 -1936.21362363 -1936.02132159 -1935.61106238]","[[5.63311347e+01 4.21357113e-01 6.20009070e+00 1.36844379e-03
  1.55886874e-02 4.15944855e-01]
 [5.63311347e+01 4.21357113e-01 6.20009070e+00 1.36844379e-03
  1.55886874e-02 4.15944855e-01]
 [5.63311347e+01 4.21357113e-01 6.20009070e+00 1.36844379e-03
  1.55886874e-02 4.15944855e-01]
 [5.63311347e+01 4.21357113e-01 6.20009070e+00 1.36844379e-03
  1.55886874e-02 4.15944855e-01]
 [5.63311347e+01 4.21357113e-01 6.20009070e+00 1.36844379e-03
  1.55886874e-02 4.15944855e-01]
 [5.63311347e+01 4.21357113e-01 6.20009070e+00 1.36844379e-03
  1.55886874e-02 4.15944855e-01]
 [5.63311347e+01 4.21357113e-01 6.20009070e+00 1.36844379e-03
  1.55886874e-02 4.15944855e-01]
 [5.63311347e+01 4.21357113e-01 6.20009070e+00 1.36844379e-03
  1.55886874e-02 4.15944855e-01]
 [5.63311347e+01 4.21357113e-01 6.20009070e+00 1.36844379e-03
  1.55886874e-02 4.15944855e-01]
 [5.63311347e+01 4.21357113e-01 6.20009070e+00 1.36844379e-03
  1.55886874e-02 4.15944855e-01]
 [5.63311347e+01 4.21357113e-01 6.20009070e+00 1.36844379e-03
  1.55886874e-02 4.15944855e-01]
 [5.63311347e+01 4.21357113e-01 6.20009070e+00 1.36844379e-03
  1.55886874e-02 4.15944855e-01]
 [5.63311347e+01 4.21357113e-01 6.20009070e+00 1.36844379e-03
  1.55886874e-02 4.15944855e-01]
 [5.63311347e+01 4.21357113e-01 6.20009070e+00 1.36844379e-03
  1.55886874e-02 4.15944855e-01]
 [5.63311347e+01 4.21357113e-01 6.20009070e+00 1.36844379e-03
  1.55886874e-02 4.15944855e-01]
 [5.63311347e+01 4.21357113e-01 6.20009070e+00 1.36844379e-03
  1.55886874e-02 4.15944855e-01]
 [5.63311347e+01 4.21357113e-01 6.20009070e+00 1.36844379e-03
  1.55886874e-02 4.15944855e-01]
 [5.63311347e+01 4.21357113e-01 6.20009070e+00 1.36844379e-03
  1.55886874e-02 4.15944855e-01]
 [5.63311347e+01 4.21357113e-01 6.20009070e+00 1.36844379e-03
  1.55886874e-02 4.15944855e-01]
 [5.63311347e+01 4.21357113e-01 6.20009070e+00 1.36844379e-03
  1.55886874e-02 4.15944855e-01]]"
14,15,"[[ 418.58131343  443.93236854 -302.87937584 -331.75303992  454.51492104
   429.51079148]
 [ 421.09831278  444.60811689 -301.20121644 -331.73509965  454.49884144
   433.00905838]
 [ 421.51560391  446.13956689 -298.98565386 -331.87185758  454.48550535
   429.63386934]
 [ 422.63814202  445.9279957  -300.56823414 -331.74688838  454.78029534
   430.03508396]
 [ 410.23551458  443.54369577 -300.05112924 -332.51295903  454.55243997
   428.99417257]
 [ 415.3928591   445.17184049 -302.80247185 -331.75139339  454.50262227
   432.21724803]
 [ 418.68255321  445.75172293 -302.87937584 -331.74688838  454.46276255
   432.29840683]
 [ 417.32038223  444.68059097 -301.59316691 -332.5121068   454.51205901
   432.29840683]
 [ 418.58131343  445.73137182 -294.98274642 -331.75020352  454.55218741
   429.51079148]
 [ 418.18838367  446.32624398 -296.8702701  -331.73437359  454.48806672
   429.56980624]
 [ 424.86809605  445.73137182 -300.56823414 -331.74975423  454.48806672
   432.31340969]
 [ 419.41702185  445.71343008 -296.68965993 -331.75099375  454.51205901
   432.32142154]
 [ 424.41311432  446.18899142 -309.77884926 -331.74551633  454.47984001
   430.05341783]
 [ 413.11407246  445.75172293 -308.11040649 -331.74695969  454.51137125
   430.03508396]
 [ 418.18838367  446.56447404 -301.59316691 -331.74688838  454.56218386
   432.25290768]
 [ 422.19819404  444.13525558 -312.64444247 -331.74673376  454.76318639
   432.69908978]
 [ 421.33185278  446.32624398 -296.68965993 -331.73489207  454.51557624
   432.14381903]
 [ 421.33185278  445.75172293 -295.85405202 -331.75020352  454.48806672
   433.00225248]
 [ 421.21754273  446.56447404 -301.42543134 -331.75432907  454.93519452
   432.32142154]
 [ 429.65027451  446.27580539 -303.31838628 -331.75432907  454.75345022
   430.42613563]]","[-1961.95287725 -1949.85022856 -1947.39205265 -1947.1170242
 -1945.28826583 -1945.06766175 -1944.99368369 -1944.56645556
 -1944.1725312  -1943.92263479 -1943.1283929  -1940.83111553
 -1940.50817642 -1939.39983128 -1939.02294875 -1938.41673125
 -1938.00734713 -1937.77528481 -1936.80551643 -1935.51182022]","[[7.68106536e+01 3.94255062e-01 7.13430609e+00 8.24018062e-04
  1.13186569e-02 3.88804081e-01]
 [7.68106536e+01 3.94255062e-01 7.13430609e+00 8.24018062e-04
  1.13186569e-02 3.88804081e-01]
 [7.68106536e+01 3.94255062e-01 7.13430609e+00 8.24018062e-04
  1.13186569e-02 3.88804081e-01]
 [7.68106536e+01 3.94255062e-01 7.13430609e+00 8.24018062e-04
  1.13186569e-02 3.88804081e-01]
 [7.68106536e+01 3.94255062e-01 7.13430609e+00 8.24018062e-04
  1.13186569e-02 3.88804081e-01]
 [7.68106536e+01 3.94255062e-01 7.13430609e+00 8.24018062e-04
  1.13186569e-02 3.88804081e-01]
 [7.68106536e+01 3.94255062e-01 7.13430609e+00 8.24018062e-04
  1.13186569e-02 3.88804081e-01]
 [7.68106536e+01 3.94255062e-01 7.13430609e+00 8.24018062e-04
  1.13186569e-02 3.88804081e-01]
 [7.68106536e+01 3.94255062e-01 7.13430609e+00 8.24018062e-04
  1.13186569e-02 3.88804081e-01]
 [7.68106536e+01 3.94255062e-01 7.13430609e+00 8.24018062e-04
  1.13186569e-02 3.88804081e-01]
 [7.68106536e+01 3.94255062e-01 7.13430609e+00 8.24018062e-04
  1.13186569e-02 3.88804081e-01]
 [7.68106536e+01 3.94255062e-01 7.13430609e+00 8.24018062e-04
  1.13186569e-02 3.88804081e-01]
 [7.68106536e+01 3.94255062e-01 7.13430609e+00 8.24018062e-04
  1.13186569e-02 3.88804081e-01]
 [7.68106536e+01 3.94255062e-01 7.13430609e+00 8.24018062e-04
  1.13186569e-02 3.88804081e-01]
 [7.68106536e+01 3.94255062e-01 7.13430609e+00 8.24018062e-04
  1.13186569e-02 3.88804081e-01]
 [7.68106536e+01 3.94255062e-01 7.13430609e+00 8.24018062e-04
  1.13186569e-02 3.88804081e-01]
 [7.68106536e+01 3.94255062e-01 7.13430609e+00 8.24018062e-04
  1.13186569e-02 3.88804081e-01]
 [7.68106536e+01 3.94255062e-01 7.13430609e+00 8.24018062e-04
  1.13186569e-02 3.88804081e-01]
 [7.68106536e+01 3.94255062e-01 7.13430609e+00 8.24018062e-04
  1.13186569e-02 3.88804081e-01]
 [7.68106536e+01 3.94255062e-01 7.13430609e+00 8.24018062e-04
  1.13186569e-02 3.88804081e-01]]"
15,16,"[[ 419.32225651  443.79822131 -302.60948853 -331.75189884  454.5208926
   429.46166432]
 [ 420.70920298  443.96166766 -301.84902166 -331.74729357  454.50607017
   430.2936977 ]
 [ 424.86809605  443.93236854 -300.56823414 -331.75020352  454.46276255
   430.05341783]
 [ 419.41702185  444.60811689 -303.31838628 -331.75020352  454.51205901
   429.63386934]
 [ 422.63814202  443.54369577 -300.56823414 -332.5121068   454.50262227
   430.05341783]
 [ 424.86809605  444.60811689 -302.87937584 -331.74688838  454.51137125
   429.51079148]
 [ 424.41311432  443.54369577 -302.87937584 -331.75303992  454.48806672
   432.32142154]
 [ 422.19819404  445.9279957  -302.80247185 -331.75020352  454.49884144
   429.51079148]
 [ 420.38586636  445.53221136 -304.01640734 -331.74687941  454.50075589
   430.53158395]
 [ 421.33185278  444.60811689 -300.56823414 -331.74975423  454.51205901
   432.69908978]
 [ 424.86809605  444.60811689 -302.80247185 -331.74688838  454.55218741
   432.25290768]
 [ 418.58131343  445.75172293 -301.20121644 -331.74551633  454.51137125
   430.42613563]
 [ 418.68255321  445.17184049 -302.87937584 -331.74688838  454.51557624
   432.32142154]
 [ 424.86809605  444.60811689 -298.98565386 -331.75020352  454.46276255
   433.00905838]
 [ 421.33185278  446.56447404 -300.56823414 -331.87185758  454.50262227
   429.51079148]
 [ 421.51560391  445.75172293 -302.80247185 -331.73509965  454.48806672
   432.14381903]
 [ 418.68255321  445.73137182 -300.56823414 -331.74551633  454.48550535
   432.14381903]
 [ 418.58131343  445.9279957  -302.87937584 -331.74695969  454.48806672
   432.32142154]
 [ 422.19819404  446.32624398 -296.68965993 -331.87185758  454.48806672
   429.56980624]
 [ 421.09831278  446.32624398 -301.59316691 -331.75432907  454.51137125
   432.32142154]]","[-1963.15706217 -1960.80434885 -1959.50075939 -1958.26179938
 -1957.72712434 -1957.00345712 -1956.50445658 -1951.07155833
 -1950.99087639 -1950.29553271 -1949.86324813 -1949.24966004
 -1947.94636748 -1946.74864073 -1946.05410639 -1945.94136046
 -1944.91692    -1943.6172634  -1943.51816226 -1941.60039279]","[[1.04735623e+02 3.68896239e-01 8.20928691e+00 4.96188275e-04
  8.21826701e-03 3.63434267e-01]
 [1.04735623e+02 3.68896239e-01 8.20928691e+00 4.96188275e-04
  8.21826701e-03 3.63434267e-01]
 [1.04735623e+02 3.68896239e-01 8.20928691e+00 4.96188275e-04
  8.21826701e-03 3.63434267e-01]
 [1.04735623e+02 3.68896239e-01 8.20928691e+00 4.96188275e-04
  8.21826701e-03 3.63434267e-01]
 [1.04735623e+02 3.68896239e-01 8.20928691e+00 4.96188275e-04
  8.21826701e-03 3.63434267e-01]
 [1.04735623e+02 3.68896239e-01 8.20928691e+00 4.96188275e-04
  8.21826701e-03 3.63434267e-01]
 [1.04735623e+02 3.68896239e-01 8.20928691e+00 4.96188275e-04
  8.21826701e-03 3.63434267e-01]
 [1.04735623e+02 3.68896239e-01 8.20928691e+00 4.96188275e-04
  8.21826701e-03 3.63434267e-01]
 [1.04735623e+02 3.68896239e-01 8.20928691e+00 4.96188275e-04
  8.21826701e-03 3.63434267e-01]
 [1.04735623e+02 3.68896239e-01 8.20928691e+00 4.96188275e-04
  8.21826701e-03 3.63434267e-01]
 [1.04735623e+02 3.68896239e-01 8.20928691e+00 4.96188275e-04
  8.21826701e-03 3.63434267e-01]
 [1.04735623e+02 3.68896239e-01 8.20928691e+00 4.96188275e-04
  8.21826701e-03 3.63434267e-01]
 [1.04735623e+02 3.68896239e-01 8.20928691e+00 4.96188275e-04
  8.21826701e-03 3.63434267e-01]
 [1.04735623e+02 3.68896239e-01 8.20928691e+00 4.96188275e-04
  8.21826701e-03 3.63434267e-01]
 [1.04735623e+02 3.68896239e-01 8.20928691e+00 4.96188275e-04
  8.21826701e-03 3.63434267e-01]
 [1.04735623e+02 3.68896239e-01 8.20928691e+00 4.96188275e-04
  8.21826701e-03 3.63434267e-01]
 [1.04735623e+02 3.68896239e-01 8.20928691e+00 4.96188275e-04
  8.21826701e-03 3.63434267e-01]
 [1.04735623e+02 3.68896239e-01 8.20928691e+00 4.96188275e-04
  8.21826701e-03 3.63434267e-01]
 [1.04735623e+02 3.68896239e-01 8.20928691e+00 4.96188275e-04
  8.21826701e-03 3.63434267e-01]
 [1.04735623e+02 3.68896239e-01 8.20928691e+00 4.96188275e-04
  8.21826701e-03 3.63434267e-01]]"
16,17,"[[ 421.51560391  443.54369577 -302.87937584 -331.75020352  454.55218741
   429.56980624]
 [ 422.63814202  443.79822131 -302.80247185 -331.74551633  454.50262227
   429.51079148]
 [ 420.38586636  443.96166766 -300.56823414 -331.73509965  454.48806672
   429.46166432]
 [ 418.58131343  443.96166766 -303.31838628 -331.75020352  454.46276255
   429.63386934]
 [ 421.14662189  443.53294033 -305.32320848 -331.75061308  454.48852957
   430.49757713]
 [ 421.09831278  443.96166766 -302.80247185 -331.75189884  454.50607017
   430.05341783]
 [ 422.19819404  443.96166766 -302.80247185 -331.75432907  454.50075589
   430.2936977 ]
 [ 422.19819404  444.60811689 -302.87937584 -331.75020352  454.50262227
   429.51079148]
 [ 422.19819404  444.60811689 -301.59316691 -331.74687941  454.50262227
   429.51079148]
 [ 418.68255321  444.60811689 -302.60948853 -331.73509965  454.51137125
   429.46166432]
 [ 418.58131343  443.54369577 -302.80247185 -331.75432907  454.51205901
   432.25290768]
 [ 424.86809605  444.60811689 -302.80247185 -331.87185758  454.51137125
   429.56980624]
 [ 421.51560391  443.93236854 -296.68965993 -331.87185758  454.51205901
   430.53158395]
 [ 412.70878044  443.69114993 -300.4579906  -331.74963026  454.49974258
   429.72613299]
 [ 419.41702185  443.93236854 -301.59316691 -331.87185758  454.50607017
   432.69908978]
 [ 421.51560391  444.60811689 -301.20121644 -331.74551633  454.51137125
   432.14381903]
 [ 421.33185278  445.75172293 -302.80247185 -331.74551633  454.50075589
   429.63386934]
 [ 418.68255321  444.60811689 -302.87937584 -331.75020352  454.48806672
   432.14381903]
 [ 422.66357489  444.73880776 -309.05417536 -331.73525573  454.50838383
   429.92789568]
 [ 424.86809605  443.96166766 -302.80247185 -331.75432907  454.51137125
   433.00905838]]","[-1964.38700201 -1963.2168734  -1962.4300856  -1961.88061778
 -1961.87576676 -1961.38420715 -1960.66375443 -1958.77788703
 -1958.7062966  -1958.46445853 -1957.29097057 -1956.03922155
 -1955.25617928 -1954.6039712  -1953.42200466 -1952.16534765
 -1952.0516302  -1951.89844088 -1951.60820249 -1951.57127035]","[[1.42812882e+02 3.45168516e-01 9.44624336e+00 2.98783262e-04
  5.96713134e-03 3.39719856e-01]
 [1.42812882e+02 3.45168516e-01 9.44624336e+00 2.98783262e-04
  5.96713134e-03 3.39719856e-01]
 [1.42812882e+02 3.45168516e-01 9.44624336e+00 2.98783262e-04
  5.96713134e-03 3.39719856e-01]
 [1.42812882e+02 3.45168516e-01 9.44624336e+00 2.98783262e-04
  5.96713134e-03 3.39719856e-01]
 [1.42812882e+02 3.45168516e-01 9.44624336e+00 2.98783262e-04
  5.96713134e-03 3.39719856e-01]
 [1.42812882e+02 3.45168516e-01 9.44624336e+00 2.98783262e-04
  5.96713134e-03 3.39719856e-01]
 [1.42812882e+02 3.45168516e-01 9.44624336e+00 2.98783262e-04
  5.96713134e-03 3.39719856e-01]
 [1.42812882e+02 3.45168516e-01 9.44624336e+00 2.98783262e-04
  5.96713134e-03 3.39719856e-01]
 [1.42812882e+02 3.45168516e-01 9.44624336e+00 2.98783262e-04
  5.96713134e-03 3.39719856e-01]
 [1.42812882e+02 3.45168516e-01 9.44624336e+00 2.98783262e-04
  5.96713134e-03 3.39719856e-01]
 [1.42812882e+02 3.45168516e-01 9.44624336e+00 2.98783262e-04
  5.96713134e-03 3.39719856e-01]
 [1.42812882e+02 3.45168516e-01 9.44624336e+00 2.98783262e-04
  5.96713134e-03 3.39719856e-01]
 [1.42812882e+02 3.45168516e-01 9.44624336e+00 2.98783262e-04
  5.96713134e-03 3.39719856e-01]
 [1.42812882e+02 3.45168516e-01 9.44624336e+00 2.98783262e-04
  5.96713134e-03 3.39719856e-01]
 [1.42812882e+02 3.45168516e-01 9.44624336e+00 2.98783262e-04
  5.96713134e-03 3.39719856e-01]
 [1.42812882e+02 3.45168516e-01 9.44624336e+00 2.98783262e-04
  5.96713134e-03 3.39719856e-01]
 [1.42812882e+02 3.45168516e-01 9.44624336e+00 2.98783262e-04
  5.96713134e-03 3.39719856e-01]
 [1.42812882e+02 3.45168516e-01 9.44624336e+00 2.98783262e-04
  5.96713134e-03 3.39719856e-01]
 [1.42812882e+02 3.45168516e-01 9.44624336e+00 2.98783262e-04
  5.96713134e-03 3.39719856e-01]
 [1.42812882e+02 3.45168516e-01 9.44624336e+00 2.98783262e-04
  5.96713134e-03 3.39719856e-01]]"
17,18,"[[ 421.51560391  443.54369577 -302.80247185 -331.73525573  454.50607017
   429.46166432]
 [ 420.38586636  443.53294033 -305.32320848 -331.73509965  454.51137125
   429.63386934]
 [ 422.19819404  443.79822131 -301.59316691 -331.75061308  454.48806672
   429.51079148]
 [ 420.38586636  443.53294033 -301.20121644 -331.75432907  454.51137125
   430.2936977 ]
 [ 421.51560391  443.93236854 -302.87937584 -331.75020352  454.50262227
   429.46166432]
 [ 422.19819404  443.96166766 -302.80247185 -331.73509965  454.46276255
   429.51079148]
 [ 422.66357489  443.69114993 -301.59316691 -331.75020352  454.50075589
   429.92789568]
 [ 420.38586636  443.53294033 -302.60948853 -331.74687941  454.51205901
   430.53158395]
 [ 422.66357489  443.93236854 -302.87937584 -331.75061308  454.50075589
   429.46166432]
 [ 421.51560391  443.93236854 -303.31838628 -331.75432907  454.51205901
   429.56980624]
 [ 422.63814202  443.93236854 -301.59316691 -331.75061308  454.50262227
   429.51079148]
 [ 419.41702185  443.96166766 -301.20121644 -331.75432907  454.50075589
   429.63386934]
 [ 421.09831278  443.96166766 -302.80247185 -331.75189884  454.50262227
   429.92789568]
 [ 422.19819404  443.96166766 -300.4579906  -331.75020352  454.51137125
   429.63386934]
 [ 424.86809605  443.93236854 -302.60948853 -331.75020352  454.51137125
   429.46166432]
 [ 424.86809605  443.96166766 -300.56823414 -331.75189884  454.50838383
   429.51079148]
 [ 421.51560391  443.96166766 -302.87937584 -331.87185758  454.51137125
   430.53158395]
 [ 424.11010141  443.75372285 -300.87816349 -331.75025852  454.51435153
   430.83230206]
 [ 421.51560391  444.60811689 -302.60948853 -331.73525573  454.51137125
   429.51079148]
 [ 419.03981124  444.02783499 -297.92102511 -331.75464453  454.45839965
   429.74610542]]","[-1965.08271611 -1963.74195727 -1963.35577224 -1962.88981272
 -1962.8528969  -1962.84646689 -1962.76238305 -1962.59049357
 -1962.539648   -1962.45570352 -1962.33671343 -1961.83249199
 -1961.69578162 -1961.57256531 -1960.9180828  -1960.17763248
 -1959.37078853 -1959.05384833 -1958.97907719 -1958.92350629]","[[1.94733355e+02 3.22966981e-01 1.08695816e+01 1.79914444e-04
  4.33262346e-03 3.17552832e-01]
 [1.94733355e+02 3.22966981e-01 1.08695816e+01 1.79914444e-04
  4.33262346e-03 3.17552832e-01]
 [1.94733355e+02 3.22966981e-01 1.08695816e+01 1.79914444e-04
  4.33262346e-03 3.17552832e-01]
 [1.94733355e+02 3.22966981e-01 1.08695816e+01 1.79914444e-04
  4.33262346e-03 3.17552832e-01]
 [1.94733355e+02 3.22966981e-01 1.08695816e+01 1.79914444e-04
  4.33262346e-03 3.17552832e-01]
 [1.94733355e+02 3.22966981e-01 1.08695816e+01 1.79914444e-04
  4.33262346e-03 3.17552832e-01]
 [1.94733355e+02 3.22966981e-01 1.08695816e+01 1.79914444e-04
  4.33262346e-03 3.17552832e-01]
 [1.94733355e+02 3.22966981e-01 1.08695816e+01 1.79914444e-04
  4.33262346e-03 3.17552832e-01]
 [1.94733355e+02 3.22966981e-01 1.08695816e+01 1.79914444e-04
  4.33262346e-03 3.17552832e-01]
 [1.94733355e+02 3.22966981e-01 1.08695816e+01 1.79914444e-04
  4.33262346e-03 3.17552832e-01]
 [1.94733355e+02 3.22966981e-01 1.08695816e+01 1.79914444e-04
  4.33262346e-03 3.17552832e-01]
 [1.94733355e+02 3.22966981e-01 1.08695816e+01 1.79914444e-04
  4.33262346e-03 3.17552832e-01]
 [1.94733355e+02 3.22966981e-01 1.08695816e+01 1.79914444e-04
  4.33262346e-03 3.17552832e-01]
 [1.94733355e+02 3.22966981e-01 1.08695816e+01 1.79914444e-04
  4.33262346e-03 3.17552832e-01]
 [1.94733355e+02 3.22966981e-01 1.08695816e+01 1.79914444e-04
  4.33262346e-03 3.17552832e-01]
 [1.94733355e+02 3.22966981e-01 1.08695816e+01 1.79914444e-04
  4.33262346e-03 3.17552832e-01]
 [1.94733355e+02 3.22966981e-01 1.08695816e+01 1.79914444e-04
  4.33262346e-03 3.17552832e-01]
 [1.94733355e+02 3.22966981e-01 1.08695816e+01 1.79914444e-04
  4.33262346e-03 3.17552832e-01]
 [1.94733355e+02 3.22966981e-01 1.08695816e+01 1.79914444e-04
  4.33262346e-03 3.17552832e-01]
 [1.94733355e+02 3.22966981e-01 1.08695816e+01 1.79914444e-04
  4.33262346e-03 3.17552832e-01]]"
18,19,"[[ 420.38586636  443.54369577 -302.60948853 -331.75189884  454.50607017
   429.51079148]
 [ 419.03981124  443.54369577 -302.87937584 -331.73525573  454.45839965
   429.56980624]
 [ 422.19819404  443.53294033 -301.20121644 -331.73509965  454.51137125
   429.51079148]
 [ 422.19819404  443.54369577 -303.31838628 -331.75432907  454.51137125
   429.63386934]
 [ 421.51560391  443.54369577 -301.59316691 -331.75061308  454.46276255
   429.92789568]
 [ 420.38586636  443.69114993 -302.87937584 -331.73525573  454.51137125
   429.51079148]
 [ 421.51560391  443.69114993 -302.60948853 -331.75025852  454.50607017
   429.51079148]
 [ 421.09831278  443.75372285 -302.60948853 -331.75025852  454.51137125
   429.51079148]
 [ 422.66357489  443.53294033 -302.80247185 -331.75061308  454.51137125
   429.92789568]
 [ 422.19819404  443.75372285 -302.80247185 -331.75432907  454.50838383
   429.51079148]
 [ 421.09831278  443.96166766 -302.60948853 -331.73525573  454.45839965
   429.46166432]
 [ 422.19819404  443.79822131 -300.87816349 -331.75020352  454.51137125
   429.46166432]
 [ 422.66357489  443.69114993 -303.31838628 -331.87185758  454.50075589
   429.46166432]
 [ 421.56199529  443.14626805 -306.18868088 -331.75005997  454.45788224
   430.70509361]
 [ 422.19819404  443.53294033 -305.32320848 -331.75061308  454.50262227
   429.92789568]
 [ 419.41702185  443.53294033 -301.59316691 -331.75020352  454.50075589
   430.2936977 ]
 [ 424.86809605  443.53294033 -301.59316691 -331.75020352  454.46276255
   429.74610542]
 [ 421.51560391  443.93236854 -303.31838628 -331.75061308  454.50075589
   429.51079148]
 [ 421.51560391  443.93236854 -302.87937584 -331.75020352  454.51137125
   429.51079148]
 [ 421.51560391  443.93236854 -303.31838628 -331.75432907  454.50607017
   429.51079148]]","[-1964.86901977 -1964.78030642 -1964.63146187 -1964.31833793
 -1964.18922241 -1964.11357844 -1964.07360004 -1963.72244556
 -1963.64840967 -1963.52055114 -1963.18195309 -1963.05082948
 -1962.99588361 -1962.96819189 -1962.90494291 -1962.85062953
 -1962.77445221 -1962.69534164 -1962.68000399 -1962.62929162]","[[2.65529823e+02 3.02193468e-01 1.25073851e+01 1.08336749e-04
  3.14583758e-03 2.96832225e-01]
 [2.65529823e+02 3.02193468e-01 1.25073851e+01 1.08336749e-04
  3.14583758e-03 2.96832225e-01]
 [2.65529823e+02 3.02193468e-01 1.25073851e+01 1.08336749e-04
  3.14583758e-03 2.96832225e-01]
 [2.65529823e+02 3.02193468e-01 1.25073851e+01 1.08336749e-04
  3.14583758e-03 2.96832225e-01]
 [2.65529823e+02 3.02193468e-01 1.25073851e+01 1.08336749e-04
  3.14583758e-03 2.96832225e-01]
 [2.65529823e+02 3.02193468e-01 1.25073851e+01 1.08336749e-04
  3.14583758e-03 2.96832225e-01]
 [2.65529823e+02 3.02193468e-01 1.25073851e+01 1.08336749e-04
  3.14583758e-03 2.96832225e-01]
 [2.65529823e+02 3.02193468e-01 1.25073851e+01 1.08336749e-04
  3.14583758e-03 2.96832225e-01]
 [2.65529823e+02 3.02193468e-01 1.25073851e+01 1.08336749e-04
  3.14583758e-03 2.96832225e-01]
 [2.65529823e+02 3.02193468e-01 1.25073851e+01 1.08336749e-04
  3.14583758e-03 2.96832225e-01]
 [2.65529823e+02 3.02193468e-01 1.25073851e+01 1.08336749e-04
  3.14583758e-03 2.96832225e-01]
 [2.65529823e+02 3.02193468e-01 1.25073851e+01 1.08336749e-04
  3.14583758e-03 2.96832225e-01]
 [2.65529823e+02 3.02193468e-01 1.25073851e+01 1.08336749e-04
  3.14583758e-03 2.96832225e-01]
 [2.65529823e+02 3.02193468e-01 1.25073851e+01 1.08336749e-04
  3.14583758e-03 2.96832225e-01]
 [2.65529823e+02 3.02193468e-01 1.25073851e+01 1.08336749e-04
  3.14583758e-03 2.96832225e-01]
 [2.65529823e+02 3.02193468e-01 1.25073851e+01 1.08336749e-04
  3.14583758e-03 2.96832225e-01]
 [2.65529823e+02 3.02193468e-01 1.25073851e+01 1.08336749e-04
  3.14583758e-03 2.96832225e-01]
 [2.65529823e+02 3.02193468e-01 1.25073851e+01 1.08336749e-04
  3.14583758e-03 2.96832225e-01]
 [2.65529823e+02 3.02193468e-01 1.25073851e+01 1.08336749e-04
  3.14583758e-03 2.96832225e-01]
 [2.65529823e+02 3.02193468e-01 1.25073851e+01 1.08336749e-04
  3.14583758e-03 2.96832225e-01]]"
19,20,"[[ 421.51560391  443.14626805 -301.59316691 -331.75189884  454.50607017
   429.51079148]
 [ 419.41702185  443.14626805 -303.31838628 -331.75432907  454.50838383
   429.46166432]
 [ 421.51560391  443.53294033 -302.60948853 -331.73525573  454.45788224
   429.51079148]
 [ 421.51560391  443.53294033 -301.59316691 -331.75025852  454.45839965
   429.51079148]
 [ 421.51560391  443.53294033 -302.80247185 -331.75061308  454.51137125
   429.51079148]
 [ 421.51560391  443.53294033 -300.87816349 -331.75005997  454.51137125
   429.51079148]
 [ 422.19819404  443.54369577 -302.87937584 -331.75020352  454.45839965
   429.92789568]
 [ 422.19819404  443.69114993 -302.60948853 -331.73525573  454.51137125
   429.51079148]
 [ 419.03981124  443.54369577 -305.32320848 -331.75061308  454.45788224
   429.51079148]
 [ 422.19819404  443.69114993 -303.31838628 -331.75025852  454.51137125
   429.51079148]
 [ 421.51560391  443.75372285 -302.87937584 -331.75432907  454.50607017
   429.51079148]
 [ 421.51560391  443.75372285 -301.59316691 -331.75061308  454.51137125
   429.51079148]
 [ 419.03981124  443.69114993 -301.59316691 -331.75020352  454.51137125
   429.51079148]
 [ 419.03981124  443.69114993 -303.31838628 -331.75189884  454.50075589
   429.56980624]
 [ 422.66357489  443.75372285 -302.87937584 -331.75061308  454.50607017
   429.51079148]
 [ 419.41702185  443.54369577 -300.87816349 -331.75061308  454.51137125
   429.92789568]
 [ 421.56199529  443.53294033 -306.18868088 -331.73509965  454.51137125
   429.51079148]
 [ 419.03981124  443.53294033 -306.18868088 -331.73525573  454.46276255
   429.51079148]
 [ 422.19819404  443.53294033 -306.18868088 -331.75020352  454.51137125
   429.46166432]
 [ 422.19819404  443.69114993 -302.87937584 -331.87185758  454.51137125
   429.46166432]]","[-1966.92854863 -1966.76393374 -1965.41699037 -1965.20298825
 -1964.89203199 -1964.56243648 -1964.16653706 -1963.98063893
 -1963.83155535 -1963.80075653 -1963.68531953 -1963.57544742
 -1963.49273817 -1963.46603912 -1963.38545295 -1963.31510616
 -1963.2979278  -1963.24729015 -1963.15518661 -1963.14961922]","[[3.62064770e+02 2.82756125e-01 1.43919691e+01 6.52357356e-05
  2.28413436e-03 2.77463657e-01]
 [3.62064770e+02 2.82756125e-01 1.43919691e+01 6.52357356e-05
  2.28413436e-03 2.77463657e-01]
 [3.62064770e+02 2.82756125e-01 1.43919691e+01 6.52357356e-05
  2.28413436e-03 2.77463657e-01]
 [3.62064770e+02 2.82756125e-01 1.43919691e+01 6.52357356e-05
  2.28413436e-03 2.77463657e-01]
 [3.62064770e+02 2.82756125e-01 1.43919691e+01 6.52357356e-05
  2.28413436e-03 2.77463657e-01]
 [3.62064770e+02 2.82756125e-01 1.43919691e+01 6.52357356e-05
  2.28413436e-03 2.77463657e-01]
 [3.62064770e+02 2.82756125e-01 1.43919691e+01 6.52357356e-05
  2.28413436e-03 2.77463657e-01]
 [3.62064770e+02 2.82756125e-01 1.43919691e+01 6.52357356e-05
  2.28413436e-03 2.77463657e-01]
 [3.62064770e+02 2.82756125e-01 1.43919691e+01 6.52357356e-05
  2.28413436e-03 2.77463657e-01]
 [3.62064770e+02 2.82756125e-01 1.43919691e+01 6.52357356e-05
  2.28413436e-03 2.77463657e-01]
 [3.62064770e+02 2.82756125e-01 1.43919691e+01 6.52357356e-05
  2.28413436e-03 2.77463657e-01]
 [3.62064770e+02 2.82756125e-01 1.43919691e+01 6.52357356e-05
  2.28413436e-03 2.77463657e-01]
 [3.62064770e+02 2.82756125e-01 1.43919691e+01 6.52357356e-05
  2.28413436e-03 2.77463657e-01]
 [3.62064770e+02 2.82756125e-01 1.43919691e+01 6.52357356e-05
  2.28413436e-03 2.77463657e-01]
 [3.62064770e+02 2.82756125e-01 1.43919691e+01 6.52357356e-05
  2.28413436e-03 2.77463657e-01]
 [3.62064770e+02 2.82756125e-01 1.43919691e+01 6.52357356e-05
  2.28413436e-03 2.77463657e-01]
 [3.62064770e+02 2.82756125e-01 1.43919691e+01 6.52357356e-05
  2.28413436e-03 2.77463657e-01]
 [3.62064770e+02 2.82756125e-01 1.43919691e+01 6.52357356e-05
  2.28413436e-03 2.77463657e-01]
 [3.62064770e+02 2.82756125e-01 1.43919691e+01 6.52357356e-05
  2.28413436e-03 2.77463657e-01]
 [3.62064770e+02 2.82756125e-01 1.43919691e+01 6.52357356e-05
  2.28413436e-03 2.77463657e-01]]"
20,21,"[[ 419.03981124  443.14626805 -301.59316691 -331.75432907  454.51137125
   429.46166432]
 [ 421.56199529  443.14626805 -302.87937584 -331.87185758  454.50607017
   429.46166432]
 [ 421.51560391  443.14626805 -302.60948853 -331.75061308  454.51137125
   429.92789568]
 [ 421.51560391  443.53294033 -301.59316691 -331.75061308  454.45788224
   429.51079148]
 [ 421.51560391  443.53294033 -302.60948853 -331.73525573  454.51137125
   429.46166432]
 [ 422.19819404  443.53294033 -301.59316691 -331.75061308  454.45788224
   429.51079148]
 [ 421.51560391  443.53294033 -302.60948853 -331.73525573  454.51137125
   429.51079148]
 [ 421.51560391  443.53294033 -301.59316691 -331.73525573  454.51137125
   429.46166432]
 [ 421.51560391  443.53294033 -301.59316691 -331.75061308  454.50607017
   429.46166432]
 [ 421.51560391  443.53294033 -301.59316691 -331.75189884  454.51137125
   429.46166432]
 [ 421.51560391  443.53294033 -302.87937584 -331.75025852  454.51137125
   429.51079148]
 [ 421.51560391  443.54369577 -301.59316691 -331.75061308  454.51137125
   429.46166432]
 [ 422.19819404  443.54369577 -302.87937584 -331.73525573  454.51137125
   429.51079148]
 [ 422.19819404  443.53294033 -303.31838628 -331.73525573  454.51137125
   429.51079148]
 [ 422.19819404  443.53294033 -303.31838628 -331.75020352  454.50075589
   429.51079148]
 [ 422.19819404  443.53294033 -302.87937584 -331.75061308  454.51137125
   429.51079148]
 [ 419.41702185  443.53294033 -302.87937584 -331.75061308  454.51137125
   429.46166432]
 [ 419.41702185  443.54369577 -302.87937584 -331.73525573  454.51137125
   429.51079148]
 [ 422.19819404  443.53294033 -301.59316691 -331.75432907  454.50838383
   429.51079148]
 [ 422.19819404  443.53294033 -301.59316691 -331.75189884  454.51137125
   429.51079148]]","[-1966.54528704 -1966.3119137  -1966.08654458 -1965.20458981
 -1965.10965253 -1965.05152537 -1965.0042979  -1965.00066698
 -1964.93817563 -1964.88859179 -1964.88826343 -1964.8382428
 -1964.7772168  -1964.77237805 -1964.75366561 -1964.73281097
 -1964.72536034 -1964.66441155 -1964.63686642 -1964.63017273]","[[4.93695569e+02 2.64569008e-01 1.65605178e+01 3.92821573e-05
  1.65846762e-03 2.59358905e-01]
 [4.93695569e+02 2.64569008e-01 1.65605178e+01 3.92821573e-05
  1.65846762e-03 2.59358905e-01]
 [4.93695569e+02 2.64569008e-01 1.65605178e+01 3.92821573e-05
  1.65846762e-03 2.59358905e-01]
 [4.93695569e+02 2.64569008e-01 1.65605178e+01 3.92821573e-05
  1.65846762e-03 2.59358905e-01]
 [4.93695569e+02 2.64569008e-01 1.65605178e+01 3.92821573e-05
  1.65846762e-03 2.59358905e-01]
 [4.93695569e+02 2.64569008e-01 1.65605178e+01 3.92821573e-05
  1.65846762e-03 2.59358905e-01]
 [4.93695569e+02 2.64569008e-01 1.65605178e+01 3.92821573e-05
  1.65846762e-03 2.59358905e-01]
 [4.93695569e+02 2.64569008e-01 1.65605178e+01 3.92821573e-05
  1.65846762e-03 2.59358905e-01]
 [4.93695569e+02 2.64569008e-01 1.65605178e+01 3.92821573e-05
  1.65846762e-03 2.59358905e-01]
 [4.93695569e+02 2.64569008e-01 1.65605178e+01 3.92821573e-05
  1.65846762e-03 2.59358905e-01]
 [4.93695569e+02 2.64569008e-01 1.65605178e+01 3.92821573e-05
  1.65846762e-03 2.59358905e-01]
 [4.93695569e+02 2.64569008e-01 1.65605178e+01 3.92821573e-05
  1.65846762e-03 2.59358905e-01]
 [4.93695569e+02 2.64569008e-01 1.65605178e+01 3.92821573e-05
  1.65846762e-03 2.59358905e-01]
 [4.93695569e+02 2.64569008e-01 1.65605178e+01 3.92821573e-05
  1.65846762e-03 2.59358905e-01]
 [4.93695569e+02 2.64569008e-01 1.65605178e+01 3.92821573e-05
  1.65846762e-03 2.59358905e-01]
 [4.93695569e+02 2.64569008e-01 1.65605178e+01 3.92821573e-05
  1.65846762e-03 2.59358905e-01]
 [4.93695569e+02 2.64569008e-01 1.65605178e+01 3.92821573e-05
  1.65846762e-03 2.59358905e-01]
 [4.93695569e+02 2.64569008e-01 1.65605178e+01 3.92821573e-05
  1.65846762e-03 2.59358905e-01]
 [4.93695569e+02 2.64569008e-01 1.65605178e+01 3.92821573e-05
  1.65846762e-03 2.59358905e-01]
 [4.93695569e+02 2.64569008e-01 1.65605178e+01 3.92821573e-05
  1.65846762e-03 2.59358905e-01]]"
21,22,"[[ 421.51560391  443.14626805 -301.59316691 -331.73525573  454.45788224
   429.51079148]
 [ 421.51560391  443.14626805 -301.59316691 -331.73525573  454.45788224
   429.51079148]
 [ 422.19819404  443.14626805 -302.87937584 -331.75020352  454.45788224
   429.46166432]
 [ 421.51560391  443.14626805 -302.87937584 -331.73525573  454.51137125
   429.46166432]
 [ 421.56199529  443.14626805 -302.87937584 -331.73525573  454.50838383
   429.51079148]
 [ 421.51560391  443.14626805 -301.59316691 -331.73525573  454.50607017
   429.51079148]
 [ 421.51560391  443.14626805 -303.31838628 -331.73525573  454.51137125
   429.51079148]
 [ 421.51560391  443.14626805 -301.59316691 -331.73525573  454.51137125
   429.51079148]
 [ 422.19819404  443.14626805 -301.59316691 -331.75189884  454.50607017
   429.46166432]
 [ 422.19819404  443.14626805 -303.31838628 -331.75061308  454.51137125
   429.46166432]
 [ 422.19819404  443.14626805 -301.59316691 -331.75061308  454.50838383
   429.46166432]
 [ 421.51560391  443.14626805 -301.59316691 -331.75432907  454.51137125
   429.51079148]
 [ 419.03981124  443.14626805 -301.59316691 -331.75432907  454.45788224
   429.51079148]
 [ 422.19819404  443.14626805 -301.59316691 -331.75061308  454.51137125
   429.46166432]
 [ 419.41702185  443.14626805 -301.59316691 -331.75061308  454.51137125
   429.46166432]
 [ 422.19819404  443.14626805 -301.59316691 -331.75061308  454.51137125
   429.92789568]
 [ 421.51560391  443.53294033 -302.87937584 -331.73525573  454.45788224
   429.46166432]
 [ 421.51560391  443.54369577 -302.87937584 -331.75061308  454.45788224
   429.46166432]
 [ 421.51560391  443.53294033 -302.87937584 -331.75025852  454.45788224
   429.51079148]
 [ 421.51560391  443.53294033 -302.60948853 -331.73525573  454.50075589
   429.46166432]]","[-1967.41239262 -1967.41239262 -1967.35800437 -1967.19903285
 -1967.11006538 -1967.04062382 -1967.0298303  -1966.99970016
 -1966.88083882 -1966.87870549 -1966.87163847 -1966.87125554
 -1966.85262487 -1966.84857535 -1966.73577009 -1965.82449459
 -1965.5073375  -1965.34491332 -1965.30095589 -1965.1915966 ]","[[6.73181529e+02 2.47551703e-01 1.90558185e+01 2.36540275e-05
  1.20418260e-03 2.42435505e-01]
 [6.73181529e+02 2.47551703e-01 1.90558185e+01 2.36540275e-05
  1.20418260e-03 2.42435505e-01]
 [6.73181529e+02 2.47551703e-01 1.90558185e+01 2.36540275e-05
  1.20418260e-03 2.42435505e-01]
 [6.73181529e+02 2.47551703e-01 1.90558185e+01 2.36540275e-05
  1.20418260e-03 2.42435505e-01]
 [6.73181529e+02 2.47551703e-01 1.90558185e+01 2.36540275e-05
  1.20418260e-03 2.42435505e-01]
 [6.73181529e+02 2.47551703e-01 1.90558185e+01 2.36540275e-05
  1.20418260e-03 2.42435505e-01]
 [6.73181529e+02 2.47551703e-01 1.90558185e+01 2.36540275e-05
  1.20418260e-03 2.42435505e-01]
 [6.73181529e+02 2.47551703e-01 1.90558185e+01 2.36540275e-05
  1.20418260e-03 2.42435505e-01]
 [6.73181529e+02 2.47551703e-01 1.90558185e+01 2.36540275e-05
  1.20418260e-03 2.42435505e-01]
 [6.73181529e+02 2.47551703e-01 1.90558185e+01 2.36540275e-05
  1.20418260e-03 2.42435505e-01]
 [6.73181529e+02 2.47551703e-01 1.90558185e+01 2.36540275e-05
  1.20418260e-03 2.42435505e-01]
 [6.73181529e+02 2.47551703e-01 1.90558185e+01 2.36540275e-05
  1.20418260e-03 2.42435505e-01]
 [6.73181529e+02 2.47551703e-01 1.90558185e+01 2.36540275e-05
  1.20418260e-03 2.42435505e-01]
 [6.73181529e+02 2.47551703e-01 1.90558185e+01 2.36540275e-05
  1.20418260e-03 2.42435505e-01]
 [6.73181529e+02 2.47551703e-01 1.90558185e+01 2.36540275e-05
  1.20418260e-03 2.42435505e-01]
 [6.73181529e+02 2.47551703e-01 1.90558185e+01 2.36540275e-05
  1.20418260e-03 2.42435505e-01]
 [6.73181529e+02 2.47551703e-01 1.90558185e+01 2.36540275e-05
  1.20418260e-03 2.42435505e-01]
 [6.73181529e+02 2.47551703e-01 1.90558185e+01 2.36540275e-05
  1.20418260e-03 2.42435505e-01]
 [6.73181529e+02 2.47551703e-01 1.90558185e+01 2.36540275e-05
  1.20418260e-03 2.42435505e-01]
 [6.73181529e+02 2.47551703e-01 1.90558185e+01 2.36540275e-05
  1.20418260e-03 2.42435505e-01]]"
22,23,"[[ 421.51560391  443.14626805 -303.31838628 -331.73525573  454.45788224
   429.46166432]
 [ 421.51560391  443.14626805 -301.59316691 -331.73525573  454.45788224
   429.46166432]
 [ 421.51560391  443.14626805 -301.59316691 -331.73525573  454.45788224
   429.46166432]
 [ 421.51560391  443.14626805 -301.59316691 -331.73525573  454.45788224
   429.46166432]
 [ 421.51560391  443.14626805 -302.87937584 -331.75061308  454.45788224
   429.46166432]
 [ 421.51560391  443.14626805 -302.87937584 -331.75061308  454.45788224
   429.46166432]
 [ 421.51560391  443.14626805 -302.87937584 -331.75061308  454.45788224
   429.46166432]
 [ 421.51560391  443.14626805 -302.87937584 -331.73525573  454.45788224
   429.51079148]
 [ 422.19819404  443.14626805 -302.87937584 -331.73525573  454.45788224
   429.46166432]
 [ 421.51560391  443.14626805 -303.31838628 -331.75061308  454.45788224
   429.46166432]
 [ 421.51560391  443.14626805 -303.31838628 -331.73525573  454.45788224
   429.51079148]
 [ 421.51560391  443.14626805 -301.59316691 -331.75061308  454.45788224
   429.46166432]
 [ 421.51560391  443.14626805 -301.59316691 -331.73525573  454.45788224
   429.51079148]
 [ 421.51560391  443.14626805 -301.59316691 -331.73525573  454.45788224
   429.51079148]
 [ 421.56199529  443.14626805 -301.59316691 -331.75061308  454.45788224
   429.46166432]
 [ 421.56199529  443.14626805 -301.59316691 -331.73525573  454.45788224
   429.51079148]
 [ 421.51560391  443.14626805 -302.87937584 -331.75061308  454.45788224
   429.51079148]
 [ 422.19819404  443.14626805 -302.87937584 -331.73525573  454.45788224
   429.51079148]
 [ 422.19819404  443.14626805 -302.87937584 -331.73525573  454.45788224
   429.51079148]
 [ 421.51560391  443.14626805 -303.31838628 -331.75189884  454.45788224
   429.51079148]]","[-1967.54787739 -1967.51774725 -1967.51774725 -1967.51774725
 -1967.5083103  -1967.5083103  -1967.5083103  -1967.50637068
 -1967.45866088 -1967.44446238 -1967.44252276 -1967.41433224
 -1967.41239262 -1967.41239262 -1967.40765628 -1967.40571666
 -1967.40295568 -1967.35330625 -1967.35330625 -1967.33044757]","[[9.17920677e+02 2.31628965e-01 2.19271054e+01 1.42434391e-05
  8.74334662e-04 2.26616371e-01]
 [9.17920677e+02 2.31628965e-01 2.19271054e+01 1.42434391e-05
  8.74334662e-04 2.26616371e-01]
 [9.17920677e+02 2.31628965e-01 2.19271054e+01 1.42434391e-05
  8.74334662e-04 2.26616371e-01]
 [9.17920677e+02 2.31628965e-01 2.19271054e+01 1.42434391e-05
  8.74334662e-04 2.26616371e-01]
 [9.17920677e+02 2.31628965e-01 2.19271054e+01 1.42434391e-05
  8.74334662e-04 2.26616371e-01]
 [9.17920677e+02 2.31628965e-01 2.19271054e+01 1.42434391e-05
  8.74334662e-04 2.26616371e-01]
 [9.17920677e+02 2.31628965e-01 2.19271054e+01 1.42434391e-05
  8.74334662e-04 2.26616371e-01]
 [9.17920677e+02 2.31628965e-01 2.19271054e+01 1.42434391e-05
  8.74334662e-04 2.26616371e-01]
 [9.17920677e+02 2.31628965e-01 2.19271054e+01 1.42434391e-05
  8.74334662e-04 2.26616371e-01]
 [9.17920677e+02 2.31628965e-01 2.19271054e+01 1.42434391e-05
  8.74334662e-04 2.26616371e-01]
 [9.17920677e+02 2.31628965e-01 2.19271054e+01 1.42434391e-05
  8.74334662e-04 2.26616371e-01]
 [9.17920677e+02 2.31628965e-01 2.19271054e+01 1.42434391e-05
  8.74334662e-04 2.26616371e-01]
 [9.17920677e+02 2.31628965e-01 2.19271054e+01 1.42434391e-05
  8.74334662e-04 2.26616371e-01]
 [9.17920677e+02 2.31628965e-01 2.19271054e+01 1.42434391e-05
  8.74334662e-04 2.26616371e-01]
 [9.17920677e+02 2.31628965e-01 2.19271054e+01 1.42434391e-05
  8.74334662e-04 2.26616371e-01]
 [9.17920677e+02 2.31628965e-01 2.19271054e+01 1.42434391e-05
  8.74334662e-04 2.26616371e-01]
 [9.17920677e+02 2.31628965e-01 2.19271054e+01 1.42434391e-05
  8.74334662e-04 2.26616371e-01]
 [9.17920677e+02 2.31628965e-01 2.19271054e+01 1.42434391e-05
  8.74334662e-04 2.26616371e-01]
 [9.17920677e+02 2.31628965e-01 2.19271054e+01 1.42434391e-05
  8.74334662e-04 2.26616371e-01]
 [9.17920677e+02 2.31628965e-01 2.19271054e+01 1.42434391e-05
  8.74334662e-04 2.26616371e-01]]"
23,24,"[[ 421.51560391  443.14626805 -302.87937584 -331.73525573  454.45788224
   429.46166432]
 [ 421.51560391  443.14626805 -302.87937584 -331.73525573  454.45788224
   429.46166432]
 [ 421.51560391  443.14626805 -302.87937584 -331.73525573  454.45788224
   429.46166432]
 [ 421.51560391  443.14626805 -302.87937584 -331.73525573  454.45788224
   429.46166432]
 [ 421.51560391  443.14626805 -302.87937584 -331.73525573  454.45788224
   429.46166432]
 [ 421.51560391  443.14626805 -302.87937584 -331.73525573  454.45788224
   429.46166432]
 [ 421.51560391  443.14626805 -302.87937584 -331.73525573  454.45788224
   429.46166432]
 [ 421.51560391  443.14626805 -302.87937584 -331.73525573  454.45788224
   429.46166432]
 [ 421.51560391  443.14626805 -302.87937584 -331.73525573  454.45788224
   429.46166432]
 [ 421.51560391  443.14626805 -302.87937584 -331.73525573  454.45788224
   429.46166432]
 [ 421.56199529  443.14626805 -302.87937584 -331.73525573  454.45788224
   429.46166432]
 [ 421.51560391  443.14626805 -303.31838628 -331.73525573  454.45788224
   429.46166432]
 [ 421.51560391  443.14626805 -303.31838628 -331.73525573  454.45788224
   429.46166432]
 [ 421.51560391  443.14626805 -301.59316691 -331.73525573  454.45788224
   429.46166432]
 [ 421.51560391  443.14626805 -301.59316691 -331.73525573  454.45788224
   429.46166432]
 [ 421.51560391  443.14626805 -301.59316691 -331.73525573  454.45788224
   429.46166432]
 [ 421.51560391  443.14626805 -301.59316691 -331.73525573  454.45788224
   429.46166432]
 [ 421.51560391  443.14626805 -301.59316691 -331.73525573  454.45788224
   429.46166432]
 [ 421.51560391  443.14626805 -301.59316691 -331.73525573  454.45788224
   429.46166432]
 [ 421.51560391  443.14626805 -301.59316691 -331.73525573  454.45788224
   429.46166432]]","[-1967.61172531 -1967.61172531 -1967.61172531 -1967.61172531
 -1967.61172531 -1967.61172531 -1967.61172531 -1967.61172531
 -1967.61172531 -1967.61172531 -1967.60504934 -1967.54787739
 -1967.54787739 -1967.51774725 -1967.51774725 -1967.51774725
 -1967.51774725 -1967.51774725 -1967.51774725 -1967.51774725]","[[1.25163620e+03 2.16730391e-01 2.52310311e+01 8.57678710e-06
  6.34838191e-04 2.11829450e-01]
 [1.25163620e+03 2.16730391e-01 2.52310311e+01 8.57678710e-06
  6.34838191e-04 2.11829450e-01]
 [1.25163620e+03 2.16730391e-01 2.52310311e+01 8.57678710e-06
  6.34838191e-04 2.11829450e-01]
 [1.25163620e+03 2.16730391e-01 2.52310311e+01 8.57678710e-06
  6.34838191e-04 2.11829450e-01]
 [1.25163620e+03 2.16730391e-01 2.52310311e+01 8.57678710e-06
  6.34838191e-04 2.11829450e-01]
 [1.25163620e+03 2.16730391e-01 2.52310311e+01 8.57678710e-06
  6.34838191e-04 2.11829450e-01]
 [1.25163620e+03 2.16730391e-01 2.52310311e+01 8.57678710e-06
  6.34838191e-04 2.11829450e-01]
 [1.25163620e+03 2.16730391e-01 2.52310311e+01 8.57678710e-06
  6.34838191e-04 2.11829450e-01]
 [1.25163620e+03 2.16730391e-01 2.52310311e+01 8.57678710e-06
  6.34838191e-04 2.11829450e-01]
 [1.25163620e+03 2.16730391e-01 2.52310311e+01 8.57678710e-06
  6.34838191e-04 2.11829450e-01]
 [1.25163620e+03 2.16730391e-01 2.52310311e+01 8.57678710e-06
  6.34838191e-04 2.11829450e-01]
 [1.25163620e+03 2.16730391e-01 2.52310311e+01 8.57678710e-06
  6.34838191e-04 2.11829450e-01]
 [1.25163620e+03 2.16730391e-01 2.52310311e+01 8.57678710e-06
  6.34838191e-04 2.11829450e-01]
 [1.25163620e+03 2.16730391e-01 2.52310311e+01 8.57678710e-06
  6.34838191e-04 2.11829450e-01]
 [1.25163620e+03 2.16730391e-01 2.52310311e+01 8.57678710e-06
  6.34838191e-04 2.11829450e-01]
 [1.25163620e+03 2.16730391e-01 2.52310311e+01 8.57678710e-06
  6.34838191e-04 2.11829450e-01]
 [1.25163620e+03 2.16730391e-01 2.52310311e+01 8.57678710e-06
  6.34838191e-04 2.11829450e-01]
 [1.25163620e+03 2.16730391e-01 2.52310311e+01 8.57678710e-06
  6.34838191e-04 2.11829450e-01]
 [1.25163620e+03 2.16730391e-01 2.52310311e+01 8.57678710e-06
  6.34838191e-04 2.11829450e-01]
 [1.25163620e+03 2.16730391e-01 2.52310311e+01 8.57678710e-06
  6.34838191e-04 2.11829450e-01]]"
24,25,"[[ 421.51560391  443.14626805 -302.87937584 -331.73525573  454.45788224
   429.46166432]
 [ 421.51560391  443.14626805 -302.87937584 -331.73525573  454.45788224
   429.46166432]
 [ 421.51560391  443.14626805 -302.87937584 -331.73525573  454.45788224
   429.46166432]
 [ 421.51560391  443.14626805 -302.87937584 -331.73525573  454.45788224
   429.46166432]
 [ 421.51560391  443.14626805 -302.87937584 -331.73525573  454.45788224
   429.46166432]
 [ 421.51560391  443.14626805 -302.87937584 -331.73525573  454.45788224
   429.46166432]
 [ 421.51560391  443.14626805 -302.87937584 -331.73525573  454.45788224
   429.46166432]
 [ 421.51560391  443.14626805 -302.87937584 -331.73525573  454.45788224
   429.46166432]
 [ 421.51560391  443.14626805 -302.87937584 -331.73525573  454.45788224
   429.46166432]
 [ 421.51560391  443.14626805 -302.87937584 -331.73525573  454.45788224
   429.46166432]
 [ 421.51560391  443.14626805 -302.87937584 -331.73525573  454.45788224
   429.46166432]
 [ 421.51560391  443.14626805 -302.87937584 -331.73525573  454.45788224
   429.46166432]
 [ 421.51560391  443.14626805 -302.87937584 -331.73525573  454.45788224
   429.46166432]
 [ 421.51560391  443.14626805 -302.87937584 -331.73525573  454.45788224
   429.46166432]
 [ 421.51560391  443.14626805 -302.87937584 -331.73525573  454.45788224
   429.46166432]
 [ 421.51560391  443.14626805 -302.87937584 -331.73525573  454.45788224
   429.46166432]
 [ 421.51560391  443.14626805 -302.87937584 -331.73525573  454.45788224
   429.46166432]
 [ 421.51560391  443.14626805 -302.87937584 -331.73525573  454.45788224
   429.46166432]
 [ 421.51560391  443.14626805 -302.87937584 -331.73525573  454.45788224
   429.46166432]
 [ 421.51560391  443.14626805 -302.87937584 -331.73525573  454.45788224
   429.46166432]]","[-1967.61172531 -1967.61172531 -1967.61172531 -1967.61172531
 -1967.61172531 -1967.61172531 -1967.61172531 -1967.61172531
 -1967.61172531 -1967.61172531 -1967.61172531 -1967.61172531
 -1967.61172531 -1967.61172531 -1967.61172531 -1967.61172531
 -1967.61172531 -1967.61172531 -1967.61172531 -1967.61172531]","[[1.70667598e+03 2.02790107e-01 2.90327848e+01 5.16457271e-06
  4.60944243e-04 1.98007389e-01]
 [1.70667598e+03 2.02790107e-01 2.90327848e+01 5.16457271e-06
  4.60944243e-04 1.98007389e-01]
 [1.70667598e+03 2.02790107e-01 2.90327848e+01 5.16457271e-06
  4.60944243e-04 1.98007389e-01]
 [1.70667598e+03 2.02790107e-01 2.90327848e+01 5.16457271e-06
  4.60944243e-04 1.98007389e-01]
 [1.70667598e+03 2.02790107e-01 2.90327848e+01 5.16457271e-06
  4.60944243e-04 1.98007389e-01]
 [1.70667598e+03 2.02790107e-01 2.90327848e+01 5.16457271e-06
  4.60944243e-04 1.98007389e-01]
 [1.70667598e+03 2.02790107e-01 2.90327848e+01 5.16457271e-06
  4.60944243e-04 1.98007389e-01]
 [1.70667598e+03 2.02790107e-01 2.90327848e+01 5.16457271e-06
  4.60944243e-04 1.98007389e-01]
 [1.70667598e+03 2.02790107e-01 2.90327848e+01 5.16457271e-06
  4.60944243e-04 1.98007389e-01]
 [1.70667598e+03 2.02790107e-01 2.90327848e+01 5.16457271e-06
  4.60944243e-04 1.98007389e-01]
 [1.70667598e+03 2.02790107e-01 2.90327848e+01 5.16457271e-06
  4.60944243e-04 1.98007389e-01]
 [1.70667598e+03 2.02790107e-01 2.90327848e+01 5.16457271e-06
  4.60944243e-04 1.98007389e-01]
 [1.70667598e+03 2.02790107e-01 2.90327848e+01 5.16457271e-06
  4.60944243e-04 1.98007389e-01]
 [1.70667598e+03 2.02790107e-01 2.90327848e+01 5.16457271e-06
  4.60944243e-04 1.98007389e-01]
 [1.70667598e+03 2.02790107e-01 2.90327848e+01 5.16457271e-06
  4.60944243e-04 1.98007389e-01]
 [1.70667598e+03 2.02790107e-01 2.90327848e+01 5.16457271e-06
  4.60944243e-04 1.98007389e-01]
 [1.70667598e+03 2.02790107e-01 2.90327848e+01 5.16457271e-06
  4.60944243e-04 1.98007389e-01]
 [1.70667598e+03 2.02790107e-01 2.90327848e+01 5.16457271e-06
  4.60944243e-04 1.98007389e-01]
 [1.70667598e+03 2.02790107e-01 2.90327848e+01 5.16457271e-06
  4.60944243e-04 1.98007389e-01]
 [1.70667598e+03 2.02790107e-01 2.90327848e+01 5.16457271e-06
  4.60944243e-04 1.98007389e-01]]"
