,population,best_x,best_energy
0,1,"[ -12.76092735  -78.14421722 -485.19033064  -16.58100052  396.7993902
 -258.75766435]",-436.5068443541925
1,2,"[-266.36722331 -269.53796307  210.90868599 -352.68049053  396.07305322
   -3.68397683]",-889.338057330656
2,3,"[ 409.50940464  427.86137954 -253.65727927  416.7800544   413.20050376
 -304.35120096]",-1998.9161735200778
3,4,"[ 434.22813913  427.20090397  211.01359034  416.31077806  412.70197101
 -302.03748035]",-2133.380634044591
4,5,"[ 411.45749806  425.6044916   211.23854491  415.88298977  411.68250533
 -302.15040125]",-2143.1945508932467
5,6,"[ 411.51903399  421.6396147   210.64008906  416.33476929  414.69008862
 -301.43403793]",-2153.3417121691637
6,7,"[ 411.55039486  421.03706547  210.61383598  416.6308078   415.35530188
 -303.92624079]",-2154.743605183535
7,8,"[ 411.57165414  422.62230134  210.62641098  416.34699942  416.28851347
 -302.36084183]",-2155.5582899407977
8,9,"[ 411.57930548  420.39650173  210.6183124   416.42760031  416.42561259
 -303.47965221]",-2156.0335392263046
9,10,"[ 411.71204654  421.39999714  210.62259428  416.59767638  416.66846831
 -301.25024256]",-2156.7218954533473
10,11,"[ 411.63042172  420.98070091  210.62362936  416.42848666  417.61114308
 -303.40817611]",-2157.379645943278
11,12,"[ 411.65731444  420.29302575  210.62414635  416.59639527  417.09533198
 -303.09271226]",-2157.160492990991
12,13,"[ 411.64826372  421.95860095  210.62419243  416.62215172  417.84172169
 -301.19668541]",-2157.5763141820544
13,14,"[ 411.53973902  419.57952947  210.62412448  416.58860338  417.97090853
 -302.28234999]",-2157.482238326506
14,15,"[ 411.75203808  420.17707538  210.62412754  416.62377779  417.55030922
 -304.08286204]",-2157.537847605748
15,16,"[ 411.66562222  420.46617472  210.62417965  416.62249214  417.79354543
 -302.81799155]",-2157.882902803561
16,17,"[ 411.55714563  420.28649017  210.62417983  416.62374501  418.0331942
 -303.40035737]",-2157.70296754554
17,18,"[ 411.55358053  421.29408943  210.61813269  416.62248385  417.36871268
 -303.04763005]",-2157.2652077802736
18,19,"[ 411.66397101  420.92973488  210.62272746  416.43176924  417.51221587
 -303.31808397]",-2157.3969268596143
19,20,"[ 411.56005864  421.09038657  210.62272711  416.6224798   417.48177976
 -302.3472532 ]",-2157.4152929042034
20,21,"[ 411.66368227  421.46617213  210.62272537  416.43085374  417.83524114
 -302.50800268]",-2157.7116540525653
21,22,"[ 411.66357749  421.46617213  210.61813263  416.43177035  417.67941354
 -302.43203347]",-2157.5934261579428
22,23,"[ 411.66357749  421.46617213  210.61813178  416.43177204  417.50885573
 -302.58716989]",-2157.449227786452
23,24,"[ 411.66350069  420.3609124   210.61813248  416.4317716   417.56615461
 -302.17129359]",-2157.4677824119676
24,25,"[ 411.66300304  420.13504651  210.61813251  416.6225321   417.55533514
 -301.61971   ]",-2157.541255179436
25,26,"[ 411.66391832  420.13504651  210.61813178  416.6225332   417.54749888
 -301.29076666]",-2157.447606023117
26,27,"[ 411.66391832  421.06154452  210.61813375  416.62253254  417.56276896
 -301.7322781 ]",-2157.6605223858423
27,28,"[ 411.66355583  421.51274444  210.61813263  416.6225332   417.69358401
 -301.7322781 ]",-2157.733370128406
28,29,"[ 411.66355583  421.06154452  210.61813263  416.62253254  417.69358401
 -301.73623374]",-2157.770423617926
29,30,"[ 411.6635369   421.25305825  210.61813375  416.62253254  417.71945655
 -302.31961171]",-2157.855905511789
30,31,"[ 411.66355583  421.06154452  210.61813251  416.62253254  417.69358401
 -302.16589769]",-2157.832844571326
31,32,"[ 411.66355583  421.06154452  210.61813263  416.6225332   417.69358401
 -302.31961171]",-2157.843828891908
32,33,"[ 411.66355583  421.06154452  210.61813251  416.6225332   417.69358401
 -302.17129359]",-2157.8333321645914
