,population,best_x,best_energy,ave_energy
0,1,[-300.39066887  369.77145511],-437.08533066642804,-28.411888439223084
1,2,[-299.73256921  404.73076849],-685.9212743962305,-488.7383295844437
2,3,[-299.66778944  421.78324355],-718.4120288342464,-708.8452125820959
3,4,[-301.02730969  421.67200449],-719.1812387598429,-718.4965973805605
4,5,[-301.59642739  421.36027788],-719.3989701051705,-719.213617348183
5,6,[-301.83884784  421.3305046 ],-719.451334148792,-719.4009812173986
6,7,[-301.89004941  421.24741602],-719.4666105400452,-719.4416623192348
7,8,[-301.86269764  421.01985514],-719.4715903501035,-719.4567731218316
8,9,[-301.98272119  420.79608251],-719.4864566856402,-719.4675923133249
9,10,[-302.00445413  420.92632341],-719.4929147966229,-719.4797113815665
10,11,[-302.00445413  420.92632341],-719.4929147966229,-719.4859711408233
11,12,[-302.02834662  420.85060349],-719.4944568833469,-719.4899349739501
