,population,best_x,best_energy
0,1,"[-291.8665548   125.29005404  385.40774649 -460.04642227   25.72370798
 -315.53296256]",-452.8154105335975
1,2,"[-287.33214946 -455.82544432  177.31747071 -316.19003166  424.67726185
 -296.60265736]",-1110.6441957830518
2,3,"[-333.15487115  437.70040348  177.47805863 -316.24513508  420.37337324
  451.20037468]",-1696.1601359850129
3,4,"[-333.25629391  438.13501288  392.79830829 -316.12020577  432.5410733
  400.52510013]",-1939.7647193477062
4,5,"[-288.2540559   436.07566229  393.43949861 -317.4178383   421.37912731
  403.36797894]",-2066.064214387889
5,6,"[-290.95648365  433.21689438  393.31434076 -316.04782265  419.48891716
  403.02664506]",-2086.70216206443
6,7,"[-300.70197126  435.27925147  393.34889056 -317.55285327  417.72998829
  434.49634181]",-2106.6268336178628
7,8,"[-300.72582065  432.82202308  392.48900625 -317.4344247   416.00529758
  419.21644139]",-2130.439570899857
8,9,"[-300.90153834  417.96175357  393.82480724 -316.2078296   417.98394512
  419.7081766 ]",-2162.0915810884153
9,10,"[-300.90153834  417.96175357  393.82480724 -316.2078296   417.98394512
  419.7081766 ]",-2162.0915810884153
10,11,"[-300.90153834  417.96175357  393.82480724 -316.2078296   417.98394512
  419.7081766 ]",-2162.0915810884153
11,12,"[-300.90153834  423.76122966  394.35389689 -316.22372935  423.28654595
  423.11409078]",-2165.528973269242
12,13,"[-300.76890189  422.55558015  394.35389689 -316.21845526  420.13631459
  423.47762248]",-2166.5343141060025
13,14,"[-300.76890189  422.55558015  394.35389689 -316.21845526  420.13631459
  423.47762248]",-2166.5343141060025
14,15,"[-300.78925869  421.09302559  394.35389689 -316.12428865  423.28654595
  419.38997251]",-2167.069473797867
15,16,"[-300.76890189  421.09302559  394.35389689 -316.22372935  420.13631459
  420.38565744]",-2167.584114493304
16,17,"[-300.78925869  421.09302559  394.35389689 -316.12428865  420.13631459
  420.38565744]",-2167.9317652739373
17,18,"[-300.90879529  421.09302559  394.35389689 -316.09894258  420.13631459
  420.38565744]",-2168.0683620676004
18,19,"[-300.90879529  421.09302559  394.35389689 -316.09894258  420.13631459
  420.38565744]",-2168.0683620676004
19,20,"[-300.90879529  421.09302559  394.35389689 -316.09894258  420.13631459
  420.38565744]",-2168.0683620676004
