,population,best_x,best_energy,ave_energy
0,1,"[174.79712869 479.60189481  73.33832012 151.97699515 409.39502696
 215.42587005]",-756.9267554888767,128.2320221408449
1,2,"[  88.26615593   69.6708617   455.25060093  -23.75153284  426.46685625
 -286.45990036]",-1048.5041825511385,-642.522771429625
2,3,"[-278.4125086   394.88494018  424.53385108  -25.09160225  410.11664009
  425.87661704]",-1829.3853288780201,-1341.5292893884427
3,4,"[-278.21007498  399.7195615   424.53463474  -24.85637869  425.72672513
  435.51275511]",-1843.3814510686168,-1744.5988740708376
4,5,"[-279.18606566  403.35725207  424.49038521 -128.25259952  428.93811259
  425.46401804]",-1981.9645735360089,-1916.413065981708
5,6,"[-278.91853918  425.34123172  424.37803832 -129.754898    420.73526419
  423.24740252]",-2024.7538083685308,-2014.6019079367845
6,7,"[-279.21762054  423.41554194  424.35471609 -127.69171896  425.63793649
  422.67703684]",-2027.655169871389,-2022.081519365339
7,8,"[-279.37039548  420.25935808  423.76572448 -127.23790344  420.25277968
  423.03636229]",-2032.4478243280337,-2024.5379584043233
8,9,"[-279.60841338  416.90180013  423.47078425 -130.12369069  421.89322306
  421.9441359 ]",-2029.3920408618433,-2024.6919892229168
9,10,"[-279.31428021  420.43144446  423.93311309 -128.85096443  421.04371539
  423.75047086]",-2030.3407162952763,-2027.4193587803354
10,11,"[-279.40194767  424.73403261  423.93269441 -127.47109527  421.75158226
  422.63894811]",-2030.7898265150152,-2029.3528416294491
11,12,"[-279.3914175   422.32797538  424.40939916 -127.48918076  419.82198211
  421.25608408]",-2032.146245583363,-2030.8439008937517
12,13,"[-279.45702799  420.40130556  423.93311309 -127.32679476  422.07534969
  423.04928955]",-2032.655597688579,-2031.8654632220557
13,14,"[-279.45702799  420.40130556  423.93311309 -127.07066821  420.97533227
  421.25608408]",-2033.50316094005,-2032.6907191861835
14,15,"[-279.45702799  420.43144446  423.93311309 -127.07066821  421.75158226
  421.25608408]",-2033.4300160933335,-2033.2018931544742
15,16,"[-279.45702799  420.40130556  423.92350737 -127.07066821  420.97533227
  421.25608408]",-2033.5103413643872,-2033.4943848820099
16,17,"[-279.45702799  420.43144446  423.92350737 -127.07066821  420.97533227
  421.25608408]",-2033.5145412674567,-2033.5118453897517
