,population,parents,parents_energy,parents_sigma
0,1,"[[-287.36137863 -310.10306008  210.83741054  -58.02253081  423.07684898
    -2.13951758]
 [-106.84539153 -319.08140351  461.32410516  164.84944067  -75.05529607
   392.51430542]
 [  19.1048334   -81.24685566 -339.59773091  126.91954079  443.90158945
   384.09665181]
 [ 450.09943553  379.11274681 -316.39320216  330.46484516 -475.36824577
   484.94896798]
 [-320.0218954   409.71495493   20.37796986  259.72569403 -463.4271815
  -495.25337063]
 [-119.66736917  135.25496279  446.9938551  -486.03886297  224.27784837
   265.46443274]
 [ -20.64236831 -244.63738078  -76.19365439 -129.10731152 -327.80361332
   154.18639337]
 [-175.14957494 -291.13216529  367.00184584  322.2838693    43.16804403
   222.15315185]
 [ 466.320869    282.16902851 -143.01019689  111.40173565  174.8485537
   465.74175613]
 [ 356.05716605   -3.1234898   394.45348823 -335.58244007   31.16183943
  -390.56954622]
 [-385.2466046   421.90571537  105.43593839  497.37448779 -115.98414493
  -119.90076921]
 [-385.65517776  361.79546396  376.58502474 -275.47529642  376.43448942
   302.21352631]
 [  56.03814541 -456.83902324  289.38118984  177.85413596   85.66687824
   421.60477876]
 [-116.51208066  183.25806853  119.95928385   71.43362849 -456.0907295
  -262.73967148]
 [ 253.77442934   90.73219112   52.6417697  -331.94951903 -131.11104685
   309.8109104 ]
 [ -85.82877421 -314.25782033 -170.51638436   90.88631263 -375.0948459
     7.96915444]
 [ -26.10342873   34.64652814 -102.37262878  157.80213356  293.22158469
   152.0299265 ]
 [ 264.47446556 -351.79049982 -336.8595288   193.01322213 -470.17290743
  -429.16308514]
 [-416.52556809 -464.47725905 -495.91822629 -132.55557295  -23.45948765
   315.66443495]
 [-398.10074973 -222.49502509   -7.83756732  -46.11829917 -367.3292373
  -438.3581201 ]]","[-1120.8500298   -891.70269022  -581.36138483  -503.0129586
  -463.87644511  -376.11270768  -274.75112733  -207.19013107
  -203.33630672  -178.93570974  -150.42183029   -97.93365272
   -65.88384024   -60.3764249      2.02841712     4.08473685
   249.90957034   311.81553849   618.30683607  1034.07967942]","[[1. 1. 1. 1. 1. 1.]
 [1. 1. 1. 1. 1. 1.]
 [1. 1. 1. 1. 1. 1.]
 [1. 1. 1. 1. 1. 1.]
 [1. 1. 1. 1. 1. 1.]
 [1. 1. 1. 1. 1. 1.]
 [1. 1. 1. 1. 1. 1.]
 [1. 1. 1. 1. 1. 1.]
 [1. 1. 1. 1. 1. 1.]
 [1. 1. 1. 1. 1. 1.]
 [1. 1. 1. 1. 1. 1.]
 [1. 1. 1. 1. 1. 1.]
 [1. 1. 1. 1. 1. 1.]
 [1. 1. 1. 1. 1. 1.]
 [1. 1. 1. 1. 1. 1.]
 [1. 1. 1. 1. 1. 1.]
 [1. 1. 1. 1. 1. 1.]
 [1. 1. 1. 1. 1. 1.]
 [1. 1. 1. 1. 1. 1.]
 [1. 1. 1. 1. 1. 1.]]"
1,2,"[[-2.87053075e+02  4.10352400e+02 -3.17086235e+02 -2.76459276e+02
   2.23637031e+02  7.81630017e+00]
 [-1.21288984e+02 -3.09586651e+02 -1.43314567e+02 -5.68938100e+01
   4.43703306e+02  4.22062523e+02]
 [-2.87361379e+02 -3.10103060e+02  2.10837411e+02 -5.80225308e+01
   4.23076849e+02 -2.13951758e+00]
 [-2.30207674e+01  4.21534763e+02  4.62367158e+02  1.78053054e+02
  -2.40627995e+01 -1.20070143e+02]
 [-1.06845392e+02 -3.19081404e+02  4.61324105e+02  1.64849441e+02
  -7.50552961e+01  3.92514305e+02]
 [ 4.48312137e+02 -3.52095535e+02 -1.43563500e+02  1.92802215e+02
  -1.30863226e+02 -4.96168171e+02]
 [-1.21425946e+02 -3.18294449e+02 -6.49083688e+00  1.64017643e+02
  -1.34837165e+02  3.91860133e+02]
 [ 4.67031673e+02 -3.10611029e+02 -3.16837071e+02 -1.31843769e+02
  -4.55035979e+02  3.85166648e+02]
 [ 1.85174556e+01 -2.89739031e+02  4.47335800e+02  1.77361938e+02
   2.93606188e+02  4.21023561e+02]
 [-1.19658300e+02 -3.52269597e+02 -7.31286830e+01  1.78906709e+02
   4.41117527e+02  3.81756760e+02]
 [ 1.85630365e+01 -3.10646509e+02 -1.02477241e+02 -3.36154429e+02
  -1.31346582e+02  2.21471913e+02]
 [-1.06502023e+02 -3.18986611e+02  3.64802243e+02  1.57089957e+02
  -2.49492959e+01  3.92550311e+02]
 [-1.15822892e+02 -2.90224482e+00  4.60413954e+02 -3.34515034e+02
  -1.30250377e+02 -4.96254121e+02]
 [-1.16094057e+02  1.83458633e+02  4.45343806e+02  1.63472714e+02
   1.74981543e+02  9.08278265e+00]
 [-1.77080927e+02 -2.44785772e+02  4.61365448e+02  1.26200130e+02
   4.43057679e+02  4.21062142e+02]
 [ 4.47612884e+02  1.35923927e+02 -3.36015398e+02 -2.75856722e+02
   8.53110453e+01 -1.22302834e+02]
 [-2.06319491e+01  4.22022481e+02  3.69678929e+02  1.64486160e+02
  -1.32464435e+02 -1.62268559e-01]
 [-1.16868377e+02  4.09564058e+02 -3.33927582e+02  1.64919123e+02
   2.86763725e+01  1.54584945e+02]
 [ 4.66441632e+02  3.61601559e+02 -4.96883422e+02  9.10955744e+01
   2.23943706e+02 -2.62151187e+02]
 [ 5.83438574e+01  1.83003881e+02 -4.94955745e+02  1.92222885e+02
  -1.15451910e+02 -3.82964229e+00]]","[-1325.22568266 -1215.34591356 -1120.8500298   -927.31407412
  -891.70269022  -880.10697787  -854.00004663  -847.87876812
  -846.06681877  -832.40995034  -786.82281169  -781.14185624
  -780.63450984  -755.19420251  -745.8877325   -745.3801973
  -732.83641639  -700.8878793   -648.01390309  -626.02608838]","[[1.7270433  0.6717782  1.44345762 0.75868871 1.3422678  1.16240999]
 [1.7270433  0.6717782  1.44345762 0.75868871 1.3422678  1.16240999]
 [1.         1.         1.         1.         1.         1.        ]
 [1.7270433  0.6717782  1.44345762 0.75868871 1.3422678  1.16240999]
 [1.         1.         1.         1.         1.         1.        ]
 [1.7270433  0.6717782  1.44345762 0.75868871 1.3422678  1.16240999]
 [1.7270433  0.6717782  1.44345762 0.75868871 1.3422678  1.16240999]
 [1.7270433  0.6717782  1.44345762 0.75868871 1.3422678  1.16240999]
 [1.7270433  0.6717782  1.44345762 0.75868871 1.3422678  1.16240999]
 [1.7270433  0.6717782  1.44345762 0.75868871 1.3422678  1.16240999]
 [1.7270433  0.6717782  1.44345762 0.75868871 1.3422678  1.16240999]
 [1.7270433  0.6717782  1.44345762 0.75868871 1.3422678  1.16240999]
 [1.7270433  0.6717782  1.44345762 0.75868871 1.3422678  1.16240999]
 [1.7270433  0.6717782  1.44345762 0.75868871 1.3422678  1.16240999]
 [1.7270433  0.6717782  1.44345762 0.75868871 1.3422678  1.16240999]
 [1.7270433  0.6717782  1.44345762 0.75868871 1.3422678  1.16240999]
 [1.7270433  0.6717782  1.44345762 0.75868871 1.3422678  1.16240999]
 [1.7270433  0.6717782  1.44345762 0.75868871 1.3422678  1.16240999]
 [1.7270433  0.6717782  1.44345762 0.75868871 1.3422678  1.16240999]
 [1.7270433  0.6717782  1.44345762 0.75868871 1.3422678  1.16240999]]"
2,3,"[[  57.30815394 -308.91654471  445.59779003  192.51879605  444.56424149
   421.17473603]
 [-120.16510084  409.83996194  442.76364294  191.76001177 -130.5576823
   421.18201731]
 [-125.54303713  421.87620482  461.86921747  177.81130475  440.66484534
   393.58570975]
 [ 448.28573811 -317.88436619 -314.46697238  164.5255198   424.67879671
   380.98325446]
 [ 459.76443128  422.05409989 -494.81361776 -274.8654451  -114.04224138
   418.23287718]
 [ 466.4393509  -311.65639544 -314.22122872  177.01927708  447.16793514
   389.76536389]
 [-118.96632105  422.4360163   450.02163885  163.88489387 -135.3334712
   421.536666  ]
 [ -19.76241706  183.5758705  -314.71295051  176.81565002  422.5353212
   421.7092591 ]
 [ 469.71003409 -308.81660451 -333.30547402 -276.81580024 -115.3896059
   419.58501656]
 [-119.2291215  -310.46499027  458.15108908  177.82936996  219.19326031
   423.52973024]
 [-117.57407674 -310.46735442 -146.82369877 -277.20212848  444.58195037
   392.45314568]
 [-284.65300801 -310.22387785 -337.53318954 -335.8372653   221.0975844
   392.98851624]
 [-287.05307469  410.3524001  -317.08623479 -276.45927619  223.6370309
     7.81630017]
 [-295.14751665  422.87482783 -318.43701774 -336.54846093  -73.48130896
   380.67581509]
 [  54.88014614  410.02477057  447.28915847  192.31683987  223.5461893
  -261.80568924]
 [  13.83173382  420.81602763  463.68710856  164.35482768  223.13917615
   422.15975276]
 [ 448.95971235 -290.3727897  -143.04305787  -56.00366558  221.10134245
   422.72910448]
 [-121.28898443 -309.58665146 -143.31456741  -56.89380996  443.70330636
   422.06252301]
 [ 447.70334755 -289.42191565  449.23319493  163.67451735 -116.74871124
  -124.34417844]
 [-283.49127846 -310.62031519 -490.86859433  193.40742328  172.50941087
   382.85224492]]","[-1649.31990082 -1604.96222433 -1586.20293803 -1576.68859759
 -1519.44711328 -1509.47072144 -1418.77944679 -1409.20635254
 -1381.10097136 -1378.96347818 -1368.23271542 -1367.05943577
 -1325.22568266 -1322.0913253  -1245.14880951 -1231.76050034
 -1217.31247525 -1215.34591356 -1205.59579873 -1161.58411091]","[[2.98267857 0.45128595 2.08356989 0.57560855 1.57197532 1.35119698]
 [2.98267857 0.45128595 2.08356989 0.57560855 1.80168284 1.35119698]
 [2.98267857 0.45128595 1.76351375 0.57560855 1.57197532 1.35119698]
 [2.98267857 0.45128595 2.08356989 0.57560855 1.80168284 1.35119698]
 [2.98267857 0.45128595 2.08356989 0.57560855 1.80168284 1.35119698]
 [2.98267857 0.56153208 2.08356989 0.57560855 1.80168284 1.35119698]
 [2.98267857 0.45128595 2.08356989 0.57560855 1.80168284 1.35119698]
 [2.98267857 0.45128595 2.08356989 0.66714863 1.80168284 1.35119698]
 [2.98267857 0.56153208 2.08356989 0.57560855 1.57197532 1.35119698]
 [2.98267857 0.45128595 2.08356989 0.57560855 1.80168284 1.35119698]
 [2.98267857 0.45128595 2.08356989 0.57560855 1.80168284 1.35119698]
 [2.98267857 0.45128595 1.76351375 0.66714863 1.57197532 1.35119698]
 [1.7270433  0.6717782  1.44345762 0.75868871 1.3422678  1.16240999]
 [2.98267857 0.56153208 2.08356989 0.57560855 1.57197532 1.35119698]
 [2.35486093 0.56153208 1.76351375 0.57560855 1.80168284 1.35119698]
 [2.98267857 0.45128595 2.08356989 0.57560855 1.80168284 1.35119698]
 [1.7270433  0.45128595 2.08356989 0.57560855 1.80168284 1.35119698]
 [1.7270433  0.6717782  1.44345762 0.75868871 1.3422678  1.16240999]
 [2.98267857 0.45128595 2.08356989 0.57560855 1.3422678  1.35119698]
 [2.98267857 0.45128595 2.08356989 0.57560855 1.80168284 1.35119698]]"
3,4,"[[ 441.39162661  409.75780356 -315.33774683  191.67217778  423.92900724
   418.33400604]
 [-287.08772278  422.61339857  451.80641233 -277.59931585  443.84524849
   419.76202626]
 [-285.34195624  421.55969486 -321.21487755  193.1737689   424.13950678
   422.22268138]
 [-284.09095183  410.32052366  446.87660443  193.9288035   446.89475156
   422.9980902 ]
 [ 453.37828641  410.47939475  446.76186556 -275.36775382  423.47759398
   382.52596416]
 [-113.91349282  410.57427604  450.10776603 -276.59830354  420.65869787
   420.63241641]
 [ 450.50340419 -290.07015905 -318.74451566 -276.51166092  442.01694837
   424.11176495]
 [-115.4120917   420.83755602  450.08057204 -276.56372195  446.77326022
   420.35028067]
 [-287.09402436  409.69688134 -315.58043927 -336.22362179  443.64160553
   393.50754162]
 [ 457.6521074  -309.06084066  462.36015037 -277.58514806  444.38916744
   421.68715381]
 [ 448.51853331  410.37312257 -138.42238316 -336.6850845   444.17337509
   424.22281399]
 [ 472.19076397  409.84142996 -314.54685004  191.96711006  444.77603539
   420.73458765]
 [-119.59083896  422.69593342  445.05125805  178.00413904  427.92862788
   394.7713323 ]
 [-290.48996494  422.36565516 -494.95438754  193.1075553   420.23423113
   391.05970429]
 [ 441.84221965  422.9040219  -488.74079079 -336.16265508  425.88092758
   392.60183096]
 [-111.51409249  409.67332426 -318.31504734  191.62713302  442.17655596
   423.41361141]
 [ 446.36103924 -309.74878994 -313.79626082  163.98568264  444.69582006
   419.24502228]
 [-302.60166302 -308.23947369  448.69344928 -276.48260258  444.52500201
   380.54633853]
 [-282.33750509 -289.51138246 -316.50179695 -276.43951449  442.95167864
   393.0438498 ]
 [ 452.9527854   410.23039237 -337.32937245 -336.3030795   444.92472551
   392.70856995]]","[-2069.67537004 -1992.0828076  -1964.34827283 -1944.19986096
 -1914.20103666 -1887.14535    -1862.82509903 -1822.20912064
 -1802.02021694 -1766.13153844 -1761.56822565 -1759.93438642
 -1758.91234877 -1745.68867159 -1744.09302236 -1738.05518818
 -1724.58004147 -1724.45666998 -1710.54903331 -1691.72645859]","[[4.0669468  0.34019454 3.00754482 0.43670771 2.11001184 1.46092092]
 [4.60908092 0.30316406 3.00754482 0.43670771 2.41834085 1.57064486]
 [5.15121504 0.30316406 3.00754482 0.43670771 2.11001184 1.46092092]
 [5.15121504 0.34019454 2.77655109 0.43670771 1.80168284 1.57064486]
 [4.0669468  0.30316406 3.00754482 0.43670771 2.26417635 1.57064486]
 [5.15121504 0.34019454 3.00754482 0.43670771 2.11001184 1.57064486]
 [4.0669468  0.34019454 3.00754482 0.43670771 2.26417635 1.57064486]
 [5.15121504 0.37722501 2.31456362 0.43670771 2.11001184 1.57064486]
 [5.15121504 0.30316406 2.77655109 0.43670771 2.41834085 1.57064486]
 [5.15121504 0.37722501 2.54555735 0.50615813 2.41834085 1.57064486]
 [4.0669468  0.34019454 3.00754482 0.43670771 2.11001184 1.57064486]
 [5.15121504 0.30316406 2.77655109 0.43670771 2.11001184 1.57064486]
 [5.15121504 0.37722501 2.77655109 0.43670771 2.41834085 1.57064486]
 [5.15121504 0.30316406 2.31456362 0.43670771 2.26417635 1.57064486]
 [5.15121504 0.37722501 3.00754482 0.43670771 2.41834085 1.57064486]
 [5.15121504 0.30316406 2.54555735 0.43670771 2.41834085 1.57064486]
 [5.15121504 0.30316406 2.31456362 0.43670771 2.41834085 1.46092092]
 [5.15121504 0.34019454 2.54555735 0.47143292 2.41834085 1.57064486]
 [4.60908092 0.30316406 3.00754482 0.47143292 2.11001184 1.57064486]
 [5.15121504 0.30316406 3.00754482 0.43670771 1.95584734 1.35119698]]"
4,5,"[[ 435.89434407  409.97662275  450.1629656   192.99853504  423.3404067
   426.73316418]
 [-296.72263433  409.85972102  437.06907925  192.74555329  420.46061448
   418.8275929 ]
 [ 457.45191167  410.8051389   443.62780016 -276.70252654  428.66499198
   417.04503021]
 [ 441.39162661  409.75780356 -315.33774683  191.67217778  423.92900724
   418.33400604]
 [ 443.25829338  410.45270867 -314.05181876  191.42547295  419.23147922
   424.99193552]
 [ 445.68969011  410.60424668  444.30873477 -275.34873567  447.65361105
   423.35499995]
 [-281.61266513  420.71654561  446.86436432 -275.36704746  420.90852305
   425.93208568]
 [ 447.98792463  422.64887586 -311.14269546 -336.67202555  427.34054945
   422.20534694]
 [ 441.07337146  410.27510587  443.25302621 -336.27625916  426.51839668
   392.34052737]
 [ 437.26383541  422.11385322 -311.32319294  191.63506823  448.48317222
   424.17147982]
 [-298.73998968  420.85015105 -320.66401694  193.77556274  424.8826863
   418.95793943]
 [-298.65368299  421.54613094 -313.63154279 -277.67014511  444.89202108
   422.97682142]
 [ 446.00424021  410.25190061 -310.92715982  192.13118902  443.92552811
   424.27153547]
 [ 460.96482423  409.9983931   449.51823666 -276.78125236  432.43737159
   415.79499961]
 [-287.08772278  422.61339857  451.80641233 -277.59931585  443.84524849
   419.76202626]
 [ 436.91455599  420.68815569 -308.85728742 -274.84337301  446.45839159
   394.7260455 ]
 [-277.80703691  409.69932473 -312.85896403 -277.61536829  420.43971782
   419.54244224]
 [ 445.67081603  420.58353222 -320.37796985  177.78194779  415.06130695
   419.55061923]
 [ 438.08125684  409.72834235 -335.1553982   192.90992356  420.21124267
   426.50888054]
 [ 435.3947894  -309.05019128 -314.41925137 -277.61352743  442.75419167
   420.52156081]]","[-2129.92036827 -2110.29216943 -2070.54243547 -2069.67537004
 -2064.55340604 -2063.29021496 -2050.94094925 -2033.30058693
 -2031.33656038 -2022.35924699 -2001.89598842 -1995.90535335
 -1993.89087612 -1992.22620327 -1992.0828076  -1986.46620715
 -1981.79422884 -1979.92857328 -1979.54095775 -1976.06478754]","[[8.89637143 0.22853527 3.50768931 0.3313252  2.72873592 1.82573328]
 [8.89637143 0.21609714 4.17454864 0.3313252  3.24606105 1.82573328]
 [7.02379323 0.21609714 4.17454864 0.3313252  3.14259602 1.82573328]
 [4.0669468  0.34019454 3.00754482 0.43670771 2.11001184 1.46092092]
 [8.89637143 0.2409734  4.00783381 0.3313252  3.24606105 1.82573328]
 [7.96008233 0.20365901 4.17454864 0.34449802 2.93566597 1.82573328]
 [7.96008233 0.2409734  4.00783381 0.3313252  3.039131   1.82573328]
 [8.89637143 0.2409734  4.34126347 0.3313252  3.14259602 1.82573328]
 [8.42822688 0.20365901 4.17454864 0.3313252  3.24606105 1.82573328]
 [8.89637143 0.2409734  4.34126347 0.3313252  2.72873592 1.82573328]
 [8.89637143 0.20365901 4.34126347 0.3313252  2.93566597 1.76196117]
 [8.89637143 0.2409734  4.17454864 0.3313252  2.83220095 1.82573328]
 [8.89637143 0.2409734  4.00783381 0.34449802 2.93566597 1.82573328]
 [7.96008233 0.22853527 4.17454864 0.34449802 2.93566597 1.82573328]
 [4.60908092 0.30316406 3.00754482 0.43670771 2.41834085 1.57064486]
 [7.96008233 0.21609714 4.34126347 0.34449802 2.6252709  1.76196117]
 [8.42822688 0.21609714 3.84111898 0.3313252  2.93566597 1.76196117]
 [7.96008233 0.22853527 3.67440415 0.3313252  2.93566597 1.82573328]
 [7.96008233 0.22853527 4.34126347 0.3313252  2.72873592 1.82573328]
 [8.89637143 0.21609714 4.34126347 0.3313252  3.039131   1.82573328]]"
5,6,"[[ 433.24038585  410.89642134  432.45599394  192.54152238  411.40594528
   424.86044027]
 [ 434.53722156  420.62880902  441.0249887   192.75338008  415.20720288
   419.60071779]
 [ 444.763412    421.23010612  439.07374687 -276.91524571  415.70517388
   421.46337073]
 [ 425.44231026  409.64719443  440.16802834 -277.54886754  443.01495731
   418.87868871]
 [ 430.87137118  409.6234351   448.7199127  -277.58672068  425.66942702
   425.25425779]
 [ 425.76637208  410.05215675  444.66946089 -335.79967074  417.96119138
   423.08824867]
 [ 432.81298658  422.04966859 -309.40217416 -274.88932318  421.15457413
   420.10652032]
 [ 426.39200875  410.0476728  -317.5143273  -277.81261147  417.99414743
   423.563808  ]
 [ 440.65470905  422.5025486   428.80243797  177.51862543  428.03453726
   425.85386011]
 [ 427.46926229  409.54277536  453.89113327 -275.43916745  422.75709621
   429.34150763]
 [ 419.71275988  422.63417268  451.53977726 -276.82063931  442.1483306
   417.36644308]
 [ 414.76981854  410.0034758  -315.43584628 -274.89073534  417.55199301
   421.11488423]
 [ 420.569614    421.94762156 -317.41054704 -275.20711053  433.01976727
   423.70627101]
 [ 452.59217974  410.33323392  437.8013754  -277.39652755  428.33616331
   418.13841685]
 [-319.45237149  420.32996711  434.38826922 -277.1065477   423.37399407
   422.11816725]
 [ 435.69792479  410.6158568   452.74272479 -275.09133131  419.60631899
   426.20089255]
 [ 430.43612458  422.26145164  430.70714986  191.41224632  438.1418029
   394.79561207]
 [ 422.40281685  422.52018385 -308.70949748  191.8629906   432.9793845
   413.50909839]
 [ 435.89434407  409.97662275  450.1629656   192.99853504  423.3404067
   426.73316418]
 [ 435.70528505  422.90389086 -293.40376826  193.49031897  413.3330724
   421.4824163 ]]","[-2219.31682519 -2203.79974219 -2202.7482202  -2195.50681109
 -2193.09407762 -2174.07359634 -2163.00872986 -2155.20520188
 -2151.16636535 -2146.48158669 -2144.86469633 -2144.58618989
 -2141.61742428 -2141.04132392 -2140.53745878 -2139.54312403
 -2134.6900805  -2130.01351868 -2129.92036827 -2119.49335059]","[[10.04523869  0.18276984  5.78513823  0.25137269  4.07932767  1.87315517]
 [14.55591277  0.14934718  5.30384664  0.25137269  3.9404499   2.12225059]
 [15.36441868  0.15770285  6.26642982  0.25636972  3.9404499   2.12225059]
 [13.74740687  0.16188068  5.90546113  0.25137269  4.00988878  2.12225059]
 [10.8537446   0.13681368  5.18352375  0.29134895  4.00988878  1.97399193]
 [14.96016573  0.19520798  5.06320085  0.29134895  3.9404499   2.12225059]
 [14.15165982  0.17023635  5.06320085  0.25137269  4.07932767  2.12225059]
 [14.55591277  0.15352501  5.66481533  0.25636972  4.07932767  2.12225059]
 [14.55591277  0.14099152  5.78513823  0.3313252   4.21820544  1.91021983]
 [14.55591277  0.14516935  5.90546113  0.25137269  3.59325547  2.12225059]
 [14.96016573  0.18685231  5.90546113  0.25137269  4.28764432  2.12225059]
 [13.74740687  0.15770285  5.30384664  0.25636972  3.73213324  1.93692727]
 [14.96016573  0.15352501  5.30384664  0.25636972  3.73213324  2.12225059]
 [15.36441868  0.13681368  5.30384664  0.25636972  3.9404499   2.12225059]
 [14.55591277  0.15352501  6.02578402  0.29634598  3.80157213  1.91021983]
 [14.55591277  0.14934718  5.78513823  0.25636972  4.14876655  2.12225059]
 [15.36441868  0.14516935  5.78513823  0.25636972  3.66269436  2.08518593]
 [11.25799755  0.15352501  5.78513823  0.25636972  3.039131    2.12225059]
 [ 8.89637143  0.22853527  3.50768931  0.3313252   2.72873592  1.82573328]
 [14.15165982  0.14516935  6.02578402  0.25137269  4.28764432  2.08518593]]"
6,7,"[[ 422.37789844  410.78738685  428.17327404 -277.63307947  427.64396812
   422.03441552]
 [ 410.72696438  421.96190873  412.4520786  -277.00016476  430.23453062
   421.46211442]
 [ 423.60260029  409.68967204  417.33050514 -274.74599883  417.89250105
   429.75465914]
 [ 429.89702755  410.03722407  430.72395312 -276.97409497  428.52199077
   422.58900094]
 [ 429.76432006  410.03296804  434.52665299 -277.5549655   417.93300284
   419.65258885]
 [ 428.709424    409.54248991  421.41948865 -274.77959575  415.47639458
   428.93597174]
 [ 423.36522126  422.35652558  429.40334609  193.2899612   421.52011373
   413.37820248]
 [ 417.52388994  421.8766083   431.74186762  192.20164894  423.33313904
   422.06924729]
 [ 400.57209595  422.07073516  422.147815   -276.93503172  424.91127216
   413.03673624]
 [ 437.4351128   422.18439944  426.52035969 -277.19307371  434.86600982
   427.00706509]
 [ 421.71417154  422.65206     435.34709266  193.04433695  429.46086056
   419.1528261 ]
 [ 420.86498756  422.50619303  437.35579454  192.47914535  423.83186403
   425.16731974]
 [ 425.43636898  420.70145015  432.39265919 -277.20779679  442.35552034
   421.48645699]
 [ 429.3926017   422.60876293  423.21131371 -277.34236944  419.76840032
   397.42427877]
 [ 416.92493651  422.55286354  425.65974152  191.05908432  435.80241526
   428.00819753]
 [ 414.38667502  410.82356569  428.26084205 -335.64558256  426.2273647
   416.84308811]
 [ 434.04457971  422.19744046  439.05298933 -276.89082014  434.1699724
   423.72116389]
 [ 431.27502957  421.86389552  436.7159765   192.31512485  425.36239425
   425.15955291]
 [ 436.85354341  422.22357642  408.29858501  193.5781443   416.80520865
   420.05574752]
 [ 433.24038585  410.89642134  432.45599394  192.54152238  411.40594528
   424.86044027]]","[-2295.91800848 -2284.66389663 -2275.11661308 -2273.1933581
 -2271.83137641 -2268.99179596 -2265.71484361 -2262.89488999
 -2256.30897801 -2252.03487232 -2246.37805372 -2243.54324848
 -2243.15175423 -2242.33154756 -2237.5590571  -2233.62748403
 -2231.77487747 -2231.0568005  -2229.54447871 -2219.31682519]","[[22.63995163  0.10594133  7.82955883  0.20587839  5.52215295  2.32214978]
 [20.25155517  0.13113646  8.17692083  0.22104316  5.289139    2.46692529]
 [19.09396808  0.1269266   8.35060183  0.19260922  5.19593342  2.46692529]
 [26.53501636  0.09611831  8.00323983  0.19071362  5.7085641   2.35921444]
 [21.94178928  0.10032818  6.88058234  0.19450481  5.66196131  2.46692529]
 [25.83685401  0.10453805  8.17692083  0.19260922  5.66196131  2.44538312]
 [22.63995163  0.10173147  8.35060183  0.19071362  5.56875574  2.44538312]
 [19.09396808  0.12271673  7.48219683  0.20587839  5.56875574  2.38075661]
 [21.24362692  0.09471503  7.65587783  0.19260922  4.59102775  2.46692529]
 [25.83685401  0.09611831  7.05426335  0.20587839  4.54442496  2.34369195]
 [25.13869165  0.11857093  8.69796384  0.22104316  5.56875574  2.46692529]
 [19.90247399  0.09892489  7.39535633  0.22293875  5.289139    2.34369195]
 [24.78961048  0.0975216   6.70690134  0.19450481  5.47555016  2.46692529]
 [24.09144812  0.10734462  7.48219683  0.20587839  5.38234458  2.44538312]
 [21.94178928  0.10173147  8.52428284  0.19450481  4.8240417   2.29458794]
 [17.05465279  0.09471503  8.52428284  0.19260922  5.47555016  2.44538312]
 [25.48777283  0.10594133  7.91639933  0.22293875  5.38234458  2.46692529]
 [19.09396808  0.11436107  8.09008033  0.22293875  4.61572505  2.46692529]
 [25.13869165  0.10313476  7.91639933  0.19260922  4.59102775  2.46692529]
 [10.04523869  0.18276984  5.78513823  0.25137269  4.07932767  1.87315517]]"
7,8,"[[ 420.66959761  420.66686183  418.39037172 -277.17420754  425.28440045
   424.80462828]
 [ 418.04241554  422.65158707  420.7625722  -277.11248225  424.39765073
   427.05690198]
 [ 421.17890225  421.88562267  427.94193047 -277.18889475  416.23796289
   418.88761712]
 [ 422.37789844  410.78738685  428.17327404 -277.63307947  427.64396812
   422.03441552]
 [ 436.15847331  422.24733664  420.81673385 -277.64322459  420.13704157
   421.58065083]
 [ 424.16635415  422.58173224  427.60089998 -277.15236833  408.68137286
   425.44949575]
 [ 415.84831341  422.43653578  415.16728671 -277.46282112  407.28805895
   424.80528295]
 [ 416.71433649  422.20165471  423.70776378 -277.73103342  433.80715676
   411.86283477]
 [ 410.72696438  421.96190873  412.4520786  -277.00016476  430.23453062
   421.46211442]
 [ 415.64793494  409.92572506  428.98900602 -277.62377107  422.95160877
   430.87362417]
 [ 426.85674928  421.96141603  406.55769302 -277.29131661  422.67246754
   428.64424683]
 [ 425.36336581  421.82432453  432.86396839 -277.26607644  430.1603432
   431.07756515]
 [ 423.60260029  409.68967204  417.33050514 -274.74599883  417.89250105
   429.75465914]
 [ 429.89702755  410.03722407  430.72395312 -276.97409497  428.52199077
   422.58900094]
 [ 429.76432006  410.03296804  434.52665299 -277.5549655   417.93300284
   419.65258885]
 [ 415.6106077   409.79012482  430.71529858 -277.29745014  423.28046788
   432.86287692]
 [ 428.709424    409.54248991  421.41948865 -274.77959575  415.47639458
   428.93597174]
 [ 423.36522126  422.35652558  429.40334609  193.2899612   421.52011373
   413.37820248]
 [ 432.32320191  421.71504478  436.9728672  -277.20684462  414.66984771
   421.25942385]
 [ 420.27809598  421.85624751  438.25911304 -276.77873737  431.9367481
   420.95625558]]","[-2313.77410552 -2310.885758   -2309.31786205 -2295.91800848
 -2292.21067554 -2290.19682308 -2287.55847923 -2287.46876815
 -2284.66389663 -2281.62955342 -2281.42504682 -2275.4951541
 -2275.11661308 -2273.1933581  -2271.83137641 -2269.87985593
 -2268.99179596 -2265.71484361 -2265.62346596 -2263.84397618]","[[39.19546087  0.06975503 11.36431161  0.14469227  6.59963811  2.84253776]
 [40.35357546  0.07588257 11.23896102  0.16842203  7.22454779  2.80497651]
 [37.29154189  0.09650359 11.67768806  0.15619761  6.91240523  2.86757859]
 [22.63995163  0.10594133  7.82955883  0.20587839  5.52215295  2.32214978]
 [40.05213631  0.06645559 11.92838923  0.16914111  7.56859162  2.76741526]
 [39.19546087  0.06739828 11.80303864  0.16842203  6.47515582  2.73335268]
 [41.55933208  0.06645559 11.74036335  0.14541135  7.22454779  2.81749693]
 [41.55933208  0.06457019 10.7375587   0.15763578  6.5683614   2.85505817]
 [20.25155517  0.13113646  8.17692083  0.22104316  5.289139    2.46692529]
 [44.3199265   0.0810459  11.11813498  0.14684952  6.53708469  2.86757859]
 [37.03774476  0.06598424 11.67768806  0.14684952  6.8185751   2.85505817]
 [33.67427203  0.07164043 10.99278439  0.15116402  7.28710122  2.80497651]
 [19.09396808  0.1269266   8.35060183  0.19260922  5.19593342  2.46692529]
 [26.53501636  0.09611831  8.00323983  0.19071362  5.7085641   2.35921444]
 [21.94178928  0.10032818  6.88058234  0.19450481  5.66196131  2.46692529]
 [43.41560903  0.07963185 10.30335619  0.15835486  7.59986834  2.85505817]
 [25.83685401  0.10453805  8.17692083  0.19260922  5.66196131  2.44538312]
 [22.63995163  0.10173147  8.35060183  0.19071362  5.56875574  2.44538312]
 [40.35357546  0.10402366 11.05093515  0.14684952  6.83515029  2.86757859]
 [43.71704819  0.07491835 11.48966219  0.15116402  6.47515582  2.85505817]]"
8,9,"[[ 420.66959761  420.66686183  418.39037172 -277.17420754  425.28440045
   424.80462828]
 [ 418.04241554  422.65158707  420.7625722  -277.11248225  424.39765073
   427.05690198]
 [ 421.17890225  421.88562267  427.94193047 -277.18889475  416.23796289
   418.88761712]
 [ 414.29227363  421.95405185  420.18622313 -276.49899717  421.55807335
   415.07988557]
 [ 410.34228514  421.98401824  418.59299539 -277.18685715  425.91363663
   423.77125882]
 [ 425.94912846  422.3266045   421.57990349 -274.83928275  426.83702344
   421.17136021]
 [ 409.51080723  421.66302184  423.6033714  -277.04420143  422.51468068
   415.55442124]
 [ 422.37789844  410.78738685  428.17327404 -277.63307947  427.64396812
   422.03441552]
 [ 422.86797689  409.90026917  412.34788866 -277.52469804  420.01108971
   421.02760193]
 [ 436.15847331  422.24733664  420.81673385 -277.64322459  420.13704157
   421.58065083]
 [ 429.89702755  410.78738685  423.70776378 -277.18889475  423.28046788
   425.44949575]
 [ 429.89702755  422.43653578  417.33050514 -277.46282112  421.52011373
   432.86287692]
 [ 424.16635415  422.58173224  427.60089998 -277.15236833  408.68137286
   425.44949575]
 [ 415.84831341  422.43653578  415.16728671 -277.46282112  407.28805895
   424.80528295]
 [ 416.71433649  422.20165471  423.70776378 -277.73103342  433.80715676
   411.86283477]
 [ 410.72696438  421.96190873  412.4520786  -277.00016476  430.23453062
   421.46211442]
 [ 417.54194375  422.22199201  406.13600393 -277.39442457  424.83910104
   414.80690905]
 [ 434.5703429   421.91410797  423.06708073 -277.25662099  418.26139509
   429.89435403]
 [ 422.01805984  409.54401011  409.78251001 -277.24240243  416.36983242
   423.62153658]
 [ 430.87527048  409.63519103  413.26530077 -277.04354725  419.61429429
   422.48103807]]","[-2313.77410552 -2310.885758   -2309.31786205 -2304.74750578
 -2299.88667015 -2297.27300284 -2296.79221975 -2295.91800848
 -2295.65564546 -2292.21067554 -2291.75753472 -2290.64895331
 -2290.19682308 -2287.55847923 -2287.46876815 -2284.66389663
 -2284.46418237 -2284.42382555 -2283.63385819 -2281.73040088]","[[3.91954609e+01 6.97550311e-02 1.13643116e+01 1.44692270e-01
  6.59963811e+00 2.84253776e+00]
 [4.03535755e+01 7.58825723e-02 1.12389610e+01 1.68422029e-01
  7.22454779e+00 2.80497651e+00]
 [3.72915419e+01 9.65035887e-02 1.16776881e+01 1.56197608e-01
  6.91240523e+00 2.86757859e+00]
 [5.81980659e+01 6.09179613e-02 1.45454629e+01 1.11413073e-01
  8.05180060e+00 3.31147121e+00]
 [3.29761097e+01 5.58444582e-02 1.20537398e+01 1.29490839e-01
  8.12589736e+00 3.29691735e+00]
 [3.39757112e+01 6.16878830e-02 1.40026482e+01 1.19869263e-01
  8.75394656e+00 3.03056129e+00]
 [3.91001768e+01 5.45778894e-02 1.59515565e+01 1.32417157e-01
  9.52977012e+00 3.31147121e+00]
 [2.26399516e+01 1.05941335e-01 7.82955883e+00 2.05878388e-01
  5.52215295e+00 2.32214978e+00]
 [7.13364475e+01 6.64555859e-02 1.40026482e+01 1.27234331e-01
  9.44622583e+00 2.85505817e+00]
 [4.00521363e+01 6.64555859e-02 1.19283892e+01 1.69141113e-01
  7.56859162e+00 2.76741526e+00]
 [7.13364475e+01 5.60208492e-02 1.31678656e+01 1.29490839e-01
  7.34965464e+00 3.08064295e+00]
 [6.60481829e+01 4.46434139e-02 1.40685889e+01 1.47741419e-01
  8.16662160e+00 3.26053271e+00]
 [3.91954609e+01 6.73982845e-02 1.18030386e+01 1.68422029e-01
  6.47515582e+00 2.73335268e+00]
 [4.15593321e+01 6.64555859e-02 1.17403634e+01 1.45411354e-01
  7.22454779e+00 2.81749693e+00]
 [4.15593321e+01 6.45701886e-02 1.07375587e+01 1.57635775e-01
  6.56836140e+00 2.85505817e+00]
 [2.02515552e+01 1.31136463e-01 8.17692083e+00 2.21043156e-01
  5.28913900e+00 2.46692529e+00]
 [6.97335121e+01 5.49234434e-02 1.46359320e+01 1.23142626e-01
  9.69727785e+00 3.09316336e+00]
 [6.58290236e+01 6.52716096e-02 1.41383518e+01 1.51883106e-01
  7.53731491e+00 3.09316336e+00]
 [3.87987377e+01 7.07947782e-02 1.42495272e+01 1.21233164e-01
  8.14563074e+00 3.21890458e+00]
 [5.20735432e+01 4.92274978e-02 1.68562478e+01 1.36236081e-01
  8.65024974e+00 2.85505817e+00]]"
9,10,"[[ 420.66959761  422.22199201  421.57990349 -277.04420143  424.83910104
   421.02760193]
 [ 420.66959761  420.66686183  418.39037172 -277.17420754  425.28440045
   424.80462828]
 [ 425.94912846  422.22199201  415.16728671 -277.73103342  419.61429429
   418.88761712]
 [ 422.01805984  422.3266045   420.81673385 -277.11248225  426.83702344
   423.77125882]
 [ 418.04241554  422.65158707  420.7625722  -277.11248225  424.39765073
   427.05690198]
 [ 421.17890225  421.88562267  427.94193047 -277.18889475  416.23796289
   418.88761712]
 [ 422.01805984  421.66302184  428.17327404 -277.04420143  416.36983242
   424.80528295]
 [ 424.16635415  422.24733664  413.26530077 -277.04354725  420.01108971
   425.44949575]
 [ 429.89702755  421.88562267  417.33050514 -277.11248225  423.28046788
   421.02760193]
 [ 414.29227363  421.95405185  420.18622313 -276.49899717  421.55807335
   415.07988557]
 [ 421.17890225  421.95405185  427.94193047 -277.64322459  420.01108971
   411.86283477]
 [ 413.2859086   422.27227937  414.09253065 -277.34046423  424.001008
   418.30820485]
 [ 415.48974777  422.29131014  415.8984962  -277.52635257  411.95222676
   424.44123352]
 [ 413.32181352  421.99093525  422.54911642 -276.57944831  426.91722089
   424.12390772]
 [ 424.77178269  421.71267024  430.54017376 -277.32093194  416.09084342
   424.63824907]
 [ 410.34228514  421.98401824  418.59299539 -277.18685715  425.91363663
   423.77125882]
 [ 410.34228514  421.66302184  420.81673385 -277.18685715  416.36983242
   427.05690198]
 [ 425.94912846  422.3266045   421.57990349 -274.83928275  426.83702344
   421.17136021]
 [ 420.66959761  422.43653578  423.06708073 -277.18685715  425.91363663
   432.86287692]
 [ 409.51080723  421.66302184  423.6033714  -277.04420143  422.51468068
   415.55442124]]","[-2315.95155531 -2313.77410552 -2313.66079972 -2312.77749913
 -2310.885758   -2309.31786205 -2306.8298446  -2306.50462954
 -2305.99033684 -2304.74750578 -2304.741445   -2304.18438081
 -2301.9138221  -2301.90887913 -2301.54163947 -2299.88667015
 -2297.40307166 -2297.27300284 -2297.18309283 -2296.79221975]","[[9.54466959e+01 5.47362105e-02 1.85342384e+01 1.12504194e-01
  9.90718646e+00 3.42802835e+00]
 [3.91954609e+01 6.97550311e-02 1.13643116e+01 1.44692270e-01
  6.59963811e+00 2.84253776e+00]
 [7.17747661e+01 3.34434221e-02 1.36511248e+01 1.13011564e-01
  9.27787978e+00 3.22427436e+00]
 [7.88127611e+01 5.47362105e-02 1.79769863e+01 1.28330505e-01
  1.13283541e+01 3.56168889e+00]
 [4.03535755e+01 7.58825723e-02 1.12389610e+01 1.68422029e-01
  7.22454779e+00 2.80497651e+00]
 [3.72915419e+01 9.65035887e-02 1.16776881e+01 1.56197608e-01
  6.91240523e+00 2.86757859e+00]
 [9.06086363e+01 3.70896630e-02 1.89912977e+01 9.24956206e-02
  1.08850142e+01 3.59129460e+00]
 [1.07100077e+02 4.42456737e-02 2.02598205e+01 1.10049172e-01
  8.18886994e+00 3.10044029e+00]
 [7.17747661e+01 3.38120287e-02 1.72532333e+01 9.83938477e-02
  1.03994113e+01 3.34997412e+00]
 [5.81980659e+01 6.09179613e-02 1.45454629e+01 1.11413073e-01
  8.05180060e+00 3.31147121e+00]
 [9.74879499e+01 5.08626895e-02 1.88056458e+01 9.82432369e-02
  8.75394656e+00 3.45713606e+00]
 [4.59632410e+01 3.53517725e-02 1.88056458e+01 9.82432369e-02
  9.79926174e+00 3.46441299e+00]
 [6.80894369e+01 4.92673233e-02 1.68110132e+01 1.06737617e-01
  1.17932475e+01 3.50482306e+00]
 [6.31848913e+01 3.66836586e-02 1.68110132e+01 1.28052672e-01
  9.35519630e+00 3.08588644e+00]
 [5.13337854e+01 4.05052151e-02 1.82175965e+01 9.14608439e-02
  8.77493742e+00 3.40619756e+00]
 [3.29761097e+01 5.58444582e-02 1.20537398e+01 1.29490839e-01
  8.12589736e+00 3.29691735e+00]
 [8.63727981e+01 3.92784718e-02 1.89838255e+01 1.23960967e-01
  1.18064913e+01 3.58283583e+00]
 [3.39757112e+01 6.16878830e-02 1.40026482e+01 1.19869263e-01
  8.75394656e+00 3.03056129e+00]
 [9.09393291e+01 5.08626895e-02 1.79536612e+01 9.42547410e-02
  1.17435187e+01 3.37912329e+00]
 [3.91001768e+01 5.45778894e-02 1.59515565e+01 1.32417157e-01
  9.52977012e+00 3.31147121e+00]]"
10,11,"[[ 422.01805984  421.66302184  420.18622313 -277.64322459  424.001008
   418.88761712]
 [ 422.01805984  420.66686183  420.81673385 -277.73103342  424.39765073
   424.80528295]
 [ 421.17890225  422.22199201  420.18622313 -277.73103342  416.23796289
   424.80462828]
 [ 420.66959761  422.22199201  421.57990349 -277.04420143  424.83910104
   421.02760193]
 [ 420.66959761  421.95405185  423.06708073 -277.18685715  424.39765073
   424.12390772]
 [ 420.66959761  421.88562267  423.6033714  -277.11248225  424.001008
   423.77125882]
 [ 422.01805984  422.22199201  418.59299539 -277.34046423  425.28440045
   424.80462828]
 [ 424.77178269  422.29131014  420.18622313 -277.17420754  424.39765073
   418.30820485]
 [ 420.66959761  420.66686183  418.39037172 -277.17420754  425.28440045
   424.80462828]
 [ 425.94912846  422.22199201  415.16728671 -277.73103342  419.61429429
   418.88761712]
 [ 422.01805984  422.3266045   420.81673385 -277.11248225  426.83702344
   423.77125882]
 [ 421.17890225  422.24733664  423.6033714  -277.34046423  425.28440045
   415.55442124]
 [ 420.66959761  421.88562267  421.57990349 -277.32093194  425.28440045
   427.05690198]
 [ 420.66959761  422.3266045   420.81673385 -277.11248225  426.83702344
   424.44123352]
 [ 425.94912846  422.43653578  418.59299539 -277.11248225  424.83910104
   418.88761712]
 [ 418.04241554  420.66686183  427.94193047 -277.34046423  420.01108971
   418.30820485]
 [ 418.04241554  422.65158707  420.7625722  -277.11248225  424.39765073
   427.05690198]
 [ 418.04241554  422.22199201  418.59299539 -277.04420143  426.83702344
   424.44123352]
 [ 420.66959761  421.98401824  427.94193047 -277.52635257  425.91363663
   424.44123352]
 [ 418.04241554  421.66302184  420.81673385 -277.04420143  416.36983242
   415.07988557]]","[-2319.52084357 -2318.5018872  -2317.04380607 -2315.95155531
 -2315.48532641 -2315.34492556 -2314.53353195 -2314.34351668
 -2313.77410552 -2313.66079972 -2312.77749913 -2312.66588263
 -2312.48521912 -2312.37427092 -2311.93869254 -2311.55678116
 -2310.885758   -2310.24146523 -2309.95680111 -2309.93810882]","[[1.12384361e+02 3.19535684e-02 2.38745734e+01 1.14140876e-01
  1.09916564e+01 4.02940786e+00]
 [1.20958820e+02 2.72105205e-02 2.83286627e+01 8.33766068e-02
  1.58296964e+01 3.96166427e+00]
 [1.42979658e+02 3.92192240e-02 1.73990625e+01 7.95890705e-02
  1.37565438e+01 3.93394835e+00]
 [9.54466959e+01 5.47362105e-02 1.85342384e+01 1.12504194e-01
  9.90718646e+00 3.42802835e+00]
 [1.01902655e+02 3.67174146e-02 2.34555541e+01 7.30230208e-02
  1.48942456e+01 3.79860796e+00]
 [1.12291929e+02 2.60632738e-02 1.68562478e+01 8.45278401e-02
  1.03444671e+01 3.79839802e+00]
 [1.70725755e+02 5.07998001e-02 2.24007050e+01 9.41531800e-02
  1.45003532e+01 3.91703080e+00]
 [1.32675578e+02 2.55148516e-02 2.61226731e+01 8.27788965e-02
  1.02524752e+01 3.70367166e+00]
 [3.91954609e+01 6.97550311e-02 1.13643116e+01 1.44692270e-01
  6.59963811e+00 2.84253776e+00]
 [7.17747661e+01 3.34434221e-02 1.36511248e+01 1.13011564e-01
  9.27787978e+00 3.22427436e+00]
 [7.88127611e+01 5.47362105e-02 1.79769863e+01 1.28330505e-01
  1.13283541e+01 3.56168889e+00]
 [1.13521718e+02 4.89180835e-02 1.83080656e+01 9.97429928e-02
  1.28552061e+01 3.58283583e+00]
 [1.01820375e+02 3.78045105e-02 2.60247318e+01 9.08681502e-02
  1.03183988e+01 3.87589468e+00]
 [1.40507144e+02 2.60632738e-02 2.17745274e+01 1.12571398e-01
  1.34920004e+01 3.66728702e+00]
 [1.01820375e+02 3.72686444e-02 2.35589766e+01 8.43490433e-02
  1.30066788e+01 4.04632541e+00]
 [1.24685289e+02 3.71428413e-02 1.89260035e+01 8.90663701e-02
  1.44914649e+01 3.55490996e+00]
 [4.03535755e+01 7.58825723e-02 1.12389610e+01 1.68422029e-01
  7.22454779e+00 2.80497651e+00]
 [7.36665973e+01 2.49623522e-02 2.44872068e+01 9.08399779e-02
  1.12157662e+01 3.64448434e+00]
 [8.40191391e+01 3.53233187e-02 2.34555541e+01 8.46168304e-02
  1.08249926e+01 4.01671970e+00]
 [1.18912616e+02 3.54163412e-02 2.11516868e+01 1.10913838e-01
  1.05283074e+01 3.99471497e+00]]"
11,12,"[[ 422.01805984  422.22199201  418.59299539 -277.73103342  419.61429429
   418.88761712]
 [ 422.01805984  421.66302184  420.18622313 -277.64322459  424.001008
   418.88761712]
 [ 422.01805984  421.88562267  418.59299539 -277.73103342  424.001008
   418.88761712]
 [ 422.01805984  420.66686183  420.81673385 -277.73103342  424.39765073
   424.80528295]
 [ 421.17890225  422.22199201  418.59299539 -277.64322459  424.39765073
   424.12390772]
 [ 420.66959761  422.29131014  418.59299539 -277.64322459  425.28440045
   418.88761712]
 [ 420.66959761  422.3266045   420.81673385 -277.73103342  425.28440045
   424.80462828]
 [ 422.01805984  422.29131014  421.57990349 -277.52635257  425.28440045
   418.88761712]
 [ 420.66959761  422.65158707  418.59299539 -277.73103342  424.83910104
   424.44123352]
 [ 421.17890225  422.22199201  420.81673385 -277.34046423  419.61429429
   424.80528295]
 [ 421.17890225  422.22199201  420.18622313 -277.73103342  416.23796289
   424.80462828]
 [ 418.04241554  422.22199201  418.59299539 -277.73103342  425.28440045
   423.77125882]
 [ 420.66959761  422.65158707  420.81673385 -277.34046423  425.28440045
   418.88761712]
 [ 420.66959761  422.22199201  420.7625722  -277.34046423  425.28440045
   423.77125882]
 [ 420.66959761  422.22199201  421.57990349 -277.04420143  424.83910104
   421.02760193]
 [ 420.66959761  420.66686183  421.57990349 -277.11248225  424.39765073
   423.77125882]
 [ 420.66959761  421.88562267  423.06708073 -277.73103342  424.83910104
   415.55442124]
 [ 420.66959761  421.88562267  420.7625722  -277.04420143  424.39765073
   423.77125882]
 [ 420.66959761  421.95405185  423.06708073 -277.18685715  424.39765073
   424.12390772]
 [ 420.66959761  421.88562267  423.6033714  -277.11248225  424.001008
   423.77125882]]","[-2320.17271733 -2319.52084357 -2319.33519382 -2318.5018872
 -2317.84796907 -2317.66362331 -2317.54176988 -2317.54086208
 -2317.50422148 -2317.49525508 -2317.04380607 -2316.66653418
 -2316.52247674 -2316.23351216 -2315.95155531 -2315.94520679
 -2315.74784172 -2315.50110221 -2315.48532641 -2315.34492556]","[[2.31134477e+02 2.89069266e-02 3.06076612e+01 7.71736437e-02
  1.43193958e+01 4.31413549e+00]
 [1.12384361e+02 3.19535684e-02 2.38745734e+01 1.14140876e-01
  1.09916564e+01 4.02940786e+00]
 [2.20432542e+02 2.12302451e-02 3.18825378e+01 8.07072397e-02
  1.38675498e+01 4.49420034e+00]
 [1.20958820e+02 2.72105205e-02 2.83286627e+01 8.33766068e-02
  1.58296964e+01 3.96166427e+00]
 [2.20432542e+02 4.04930537e-02 2.03675907e+01 7.48676319e-02
  1.41458032e+01 4.49420034e+00]
 [1.61641163e+02 2.96043609e-02 2.18613930e+01 8.31517718e-02
  1.66567058e+01 3.95632643e+00]
 [2.09326110e+02 1.78940868e-02 3.02305272e+01 8.25890662e-02
  1.45300390e+01 3.92869500e+00]
 [1.95592545e+02 3.86614388e-02 3.06626340e+01 8.68855288e-02
  1.68353253e+01 4.51030897e+00]
 [1.92374658e+02 2.82963801e-02 2.32291038e+01 7.73406182e-02
  1.87806522e+01 4.37261042e+00]
 [1.87120580e+02 1.98725726e-02 2.68942806e+01 9.19801489e-02
  1.47923004e+01 4.60443388e+00]
 [1.42979658e+02 3.92192240e-02 1.73990625e+01 7.95890705e-02
  1.37565438e+01 3.93394835e+00]
 [1.51536800e+02 2.04348783e-02 3.65266083e+01 6.41640755e-02
  1.73285558e+01 4.18826386e+00]
 [1.84961660e+02 3.48163475e-02 2.59340984e+01 7.49271417e-02
  1.75233140e+01 4.34413173e+00]
 [2.22236681e+02 1.73245301e-02 3.14108904e+01 6.03833289e-02
  1.59942425e+01 4.08161225e+00]
 [9.54466959e+01 5.47362105e-02 1.85342384e+01 1.12504194e-01
  9.90718646e+00 3.42802835e+00]
 [1.87120580e+02 3.62209843e-02 3.05879910e+01 8.62899025e-02
  1.44427772e+01 4.60443388e+00]
 [1.66296321e+02 2.10827050e-02 3.19962570e+01 6.64569658e-02
  9.69727785e+00 4.33909342e+00]
 [2.18377290e+02 3.54483956e-02 3.06076612e+01 6.94653860e-02
  1.62304070e+01 4.41787595e+00]
 [1.01902655e+02 3.67174146e-02 2.34555541e+01 7.30230208e-02
  1.48942456e+01 3.79860796e+00]
 [1.12291929e+02 2.60632738e-02 1.68562478e+01 8.45278401e-02
  1.03444671e+01 3.79839802e+00]]"
12,13,"[[ 422.01805984  421.88562267  421.57990349 -277.73103342  424.001008
   421.02760193]
 [ 422.01805984  421.88562267  420.81673385 -277.73103342  419.61429429
   423.77125882]
 [ 422.01805984  422.22199201  418.59299539 -277.73103342  419.61429429
   418.88761712]
 [ 420.66959761  422.65158707  420.7625722  -277.73103342  424.001008
   418.88761712]
 [ 421.17890225  421.88562267  421.57990349 -277.73103342  419.61429429
   424.80528295]
 [ 420.66959761  422.22199201  420.18622313 -277.64322459  424.39765073
   421.02760193]
 [ 420.66959761  422.22199201  420.81673385 -277.73103342  424.001008
   423.77125882]
 [ 422.01805984  421.66302184  420.18622313 -277.64322459  424.001008
   418.88761712]
 [ 422.01805984  421.88562267  418.59299539 -277.73103342  424.001008
   418.88761712]
 [ 422.01805984  421.88562267  420.18622313 -277.64322459  419.61429429
   424.80462828]
 [ 420.66959761  421.95405185  418.59299539 -277.73103342  424.001008
   423.77125882]
 [ 422.01805984  421.88562267  420.81673385 -277.52635257  424.001008
   418.88761712]
 [ 421.17890225  420.66686183  423.06708073 -277.73103342  424.001008
   424.44123352]
 [ 421.17890225  422.65158707  420.81673385 -277.73103342  425.28440045
   418.88761712]
 [ 418.04241554  422.22199201  421.57990349 -277.73103342  424.39765073
   418.88761712]
 [ 421.17890225  422.65158707  421.57990349 -277.64322459  424.39765073
   423.77125882]
 [ 422.01805984  420.66686183  420.81673385 -277.73103342  424.39765073
   424.80528295]
 [ 420.66959761  421.88562267  420.81673385 -277.64322459  424.001008
   424.80462828]
 [ 422.01805984  422.22199201  418.59299539 -277.73103342  425.28440045
   418.88761712]
 [ 418.04241554  421.88562267  421.57990349 -277.73103342  424.39765073
   424.12390772]]","[-2320.54492258 -2320.52753227 -2320.17271733 -2319.91745857
 -2319.74978298 -2319.73298307 -2319.63338938 -2319.52084357
 -2319.33519382 -2319.09317409 -2319.00067839 -2318.89061926
 -2318.74195712 -2318.73479157 -2318.64370825 -2318.61824575
 -2318.5018872  -2318.36551369 -2318.05220548 -2318.02476131]","[[3.54693200e+02 1.90079599e-02 3.99390951e+01 5.58834347e-02
  1.92285160e+01 5.11035983e+00]
 [2.31595622e+02 1.68076350e-02 3.04778740e+01 5.36106880e-02
  2.23559340e+01 4.88388988e+00]
 [2.31134477e+02 2.89069266e-02 3.06076612e+01 7.71736437e-02
  1.43193958e+01 4.31413549e+00]
 [2.27901636e+02 2.14726966e-02 3.90047834e+01 7.75699808e-02
  2.09929729e+01 4.74903091e+00]
 [2.36626972e+02 2.14111753e-02 3.51949361e+01 5.86141127e-02
  2.07303115e+01 5.15343469e+00]
 [3.57471915e+02 2.83290786e-02 4.49108628e+01 5.45488014e-02
  1.60018999e+01 4.20003509e+00]
 [3.51624584e+02 1.86441629e-02 3.04778740e+01 5.56900286e-02
  2.20716563e+01 4.97865902e+00]
 [1.12384361e+02 3.19535684e-02 2.38745734e+01 1.14140876e-01
  1.09916564e+01 4.02940786e+00]
 [2.20432542e+02 2.12302451e-02 3.18825378e+01 8.07072397e-02
  1.38675498e+01 4.49420034e+00]
 [2.58629001e+02 1.39453037e-02 3.42560704e+01 5.47519152e-02
  1.91373633e+01 4.97865902e+00]
 [2.94798833e+02 2.22767615e-02 3.59483533e+01 6.22349206e-02
  1.99812055e+01 5.04673382e+00]
 [3.35018079e+02 2.13059511e-02 3.04778740e+01 5.61240586e-02
  1.91125042e+01 4.29182387e+00]
 [3.30481069e+02 2.28990892e-02 3.54671246e+01 6.31511991e-02
  2.20330358e+01 4.97562289e+00]
 [3.19436796e+02 2.18374250e-02 3.88706175e+01 5.45345197e-02
  2.11235092e+01 4.82426773e+00]
 [2.70435951e+02 2.06610993e-02 2.97883720e+01 5.72752335e-02
  2.00412611e+01 5.28817164e+00]
 [2.77724139e+02 2.06826262e-02 4.51830513e+01 6.18201094e-02
  1.66355599e+01 4.73260097e+00]
 [1.20958820e+02 2.72105205e-02 2.83286627e+01 8.33766068e-02
  1.58296964e+01 3.96166427e+00]
 [2.83184429e+02 2.43324676e-02 4.35382324e+01 6.43620321e-02
  2.07303115e+01 4.97865902e+00]
 [3.15372216e+02 1.94872249e-02 3.52275491e+01 7.46283926e-02
  1.60018999e+01 5.13688273e+00]
 [3.21203580e+02 2.24272870e-02 3.79081034e+01 5.49712336e-02
  2.23640596e+01 4.96255039e+00]]"
13,14,"[[ 420.66959761  421.88562267  421.57990349 -277.73103342  419.61429429
   418.88761712]
 [ 422.01805984  421.88562267  420.81673385 -277.73103342  419.61429429
   418.88761712]
 [ 421.17890225  422.22199201  421.57990349 -277.73103342  419.61429429
   418.88761712]
 [ 421.17890225  421.88562267  420.81673385 -277.64322459  419.61429429
   418.88761712]
 [ 420.66959761  421.88562267  421.57990349 -277.73103342  419.61429429
   423.77125882]
 [ 422.01805984  421.88562267  421.57990349 -277.73103342  424.001008
   421.02760193]
 [ 422.01805984  421.88562267  421.57990349 -277.73103342  424.001008
   421.02760193]
 [ 422.01805984  421.88562267  420.81673385 -277.73103342  419.61429429
   423.77125882]
 [ 421.17890225  420.66686183  420.81673385 -277.73103342  424.001008
   418.88761712]
 [ 420.66959761  420.66686183  421.57990349 -277.73103342  424.001008
   418.88761712]
 [ 421.17890225  421.95405185  420.7625722  -277.64322459  424.001008
   421.02760193]
 [ 422.01805984  422.22199201  418.59299539 -277.73103342  419.61429429
   418.88761712]
 [ 420.66959761  421.66302184  421.57990349 -277.64322459  419.61429429
   423.77125882]
 [ 422.01805984  420.66686183  421.57990349 -277.73103342  424.001008
   418.88761712]
 [ 420.66959761  422.22199201  420.81673385 -277.73103342  424.001008
   418.88761712]
 [ 422.01805984  421.88562267  420.81673385 -277.73103342  424.001008
   418.88761712]
 [ 422.01805984  421.88562267  421.57990349 -277.73103342  419.61429429
   424.44123352]
 [ 422.01805984  422.22199201  420.18622313 -277.64322459  424.001008
   421.02760193]
 [ 420.66959761  422.65158707  420.7625722  -277.73103342  424.001008
   418.88761712]
 [ 422.01805984  422.22199201  420.81673385 -277.73103342  419.61429429
   424.44123352]]","[-2321.05677596 -2320.97330862 -2320.97033714 -2320.61298696
 -2320.61099961 -2320.54492258 -2320.54492258 -2320.52753227
 -2320.27165178 -2320.22170862 -2320.2099468  -2320.17271733
 -2320.16254056 -2320.09401554 -2320.07916573 -2320.04362888
 -2319.95238525 -2319.92893368 -2319.91745857 -2319.90445476]","[[5.83651504e+02 1.48225624e-02 5.13696992e+01 4.46434128e-02
  2.84596481e+01 5.29774103e+00]
 [4.96633530e+02 1.46135293e-02 6.38362600e+01 5.89256949e-02
  2.27170471e+01 5.77788055e+00]
 [4.99033011e+02 1.79453001e-02 4.79417219e+01 5.11527705e-02
  2.97963957e+01 5.72280025e+00]
 [3.59015735e+02 1.35970113e-02 4.75944052e+01 6.41517238e-02
  2.68177236e+01 5.14108024e+00]
 [5.03083255e+02 1.56852637e-02 5.02413066e+01 5.05447919e-02
  1.92204638e+01 5.43628335e+00]
 [5.82125847e+02 1.55242838e-02 4.26557044e+01 5.00368956e-02
  2.80895178e+01 5.82680838e+00]
 [3.54693200e+02 1.90079599e-02 3.99390951e+01 5.58834347e-02
  1.92285160e+01 5.11035983e+00]
 [2.31595622e+02 1.68076350e-02 3.04778740e+01 5.36106880e-02
  2.23559340e+01 4.88388988e+00]
 [3.69377066e+02 1.69013020e-02 4.45096722e+01 4.14626096e-02
  2.62941029e+01 5.33293824e+00]
 [5.16866622e+02 1.53040186e-02 4.78049822e+01 5.33817849e-02
  2.45747525e+01 5.23553345e+00]
 [3.69377066e+02 1.18758559e-02 4.35895570e+01 4.97626459e-02
  2.98168618e+01 5.88882346e+00]
 [2.31134477e+02 2.89069266e-02 3.06076612e+01 7.71736437e-02
  1.43193958e+01 4.31413549e+00]
 [3.80696546e+02 1.35155745e-02 6.48269269e+01 4.29222947e-02
  2.78363279e+01 5.54523858e+00]
 [4.73348106e+02 1.69952264e-02 4.94498011e+01 4.56144388e-02
  2.86999320e+01 5.31128558e+00]
 [4.34884158e+02 1.44659610e-02 5.82075553e+01 6.41517238e-02
  2.89897398e+01 5.18679812e+00]
 [5.43456249e+02 1.25925701e-02 4.74440884e+01 4.90796891e-02
  2.87258514e+01 5.73039805e+00]
 [2.97034162e+02 1.63460213e-02 4.85964877e+01 4.18918451e-02
  2.68201287e+01 5.63487038e+00]
 [5.20376475e+02 1.40780766e-02 4.45096722e+01 4.56860420e-02
  2.59518054e+01 4.80993614e+00]
 [2.27901636e+02 2.14726966e-02 3.90047834e+01 7.75699808e-02
  2.09929729e+01 4.74903091e+00]
 [4.86093362e+02 1.47852187e-02 4.73979590e+01 4.46434128e-02
  2.23806984e+01 5.33297065e+00]]"
14,15,"[[ 421.17890225  420.66686183  421.57990349 -277.73103342  419.61429429
   421.02760193]
 [ 420.66959761  421.66302184  421.57990349 -277.73103342  419.61429429
   421.02760193]
 [ 420.66959761  421.88562267  421.57990349 -277.73103342  419.61429429
   421.02760193]
 [ 421.17890225  421.95405185  421.57990349 -277.73103342  419.61429429
   421.02760193]
 [ 422.01805984  421.88562267  420.81673385 -277.73103342  419.61429429
   421.02760193]
 [ 421.17890225  420.66686183  420.7625722  -277.73103342  419.61429429
   418.88761712]
 [ 420.66959761  421.66302184  421.57990349 -277.64322459  419.61429429
   421.02760193]
 [ 421.17890225  421.95405185  420.81673385 -277.73103342  419.61429429
   418.88761712]
 [ 420.66959761  421.95405185  420.7625722  -277.73103342  419.61429429
   418.88761712]
 [ 421.17890225  421.88562267  421.57990349 -277.73103342  419.61429429
   418.88761712]
 [ 420.66959761  421.88562267  421.57990349 -277.73103342  419.61429429
   418.88761712]
 [ 421.17890225  421.95405185  421.57990349 -277.73103342  419.61429429
   418.88761712]
 [ 421.17890225  422.22199201  420.81673385 -277.73103342  419.61429429
   418.88761712]
 [ 421.17890225  422.22199201  420.81673385 -277.73103342  419.61429429
   418.88761712]
 [ 422.01805984  421.88562267  420.81673385 -277.73103342  419.61429429
   418.88761712]
 [ 422.01805984  421.88562267  420.81673385 -277.73103342  419.61429429
   418.88761712]
 [ 422.01805984  421.88562267  420.7625722  -277.73103342  419.61429429
   418.88761712]
 [ 421.17890225  422.22199201  421.57990349 -277.73103342  419.61429429
   418.88761712]
 [ 421.17890225  422.22199201  421.57990349 -277.73103342  419.61429429
   418.88761712]
 [ 422.01805984  421.88562267  421.57990349 -277.73103342  419.61429429
   418.88761712]]","[-2321.70262522 -2321.6475685  -2321.6022954  -2321.59158065
 -2321.51882806 -2321.19888383 -2321.15383635 -2321.09028694
 -2321.08212183 -2321.06249337 -2321.05677596 -2321.0460612
 -2321.01456288 -2321.01456288 -2320.97330862 -2320.97330862
 -2320.97086092 -2320.97033714 -2320.97033714 -2320.92908288]","[[7.52610777e+02 1.06242385e-02 9.35749213e+01 3.65046234e-02
  3.00408907e+01 6.19667421e+00]
 [7.29770002e+02 9.53328167e-03 6.42478253e+01 5.37613283e-02
  3.94533683e+01 6.15369193e+00]
 [7.02820949e+02 1.21786385e-02 6.84502377e+01 4.16663362e-02
  3.86930100e+01 6.39278026e+00]
 [6.47704803e+02 9.51847128e-03 7.81963804e+01 3.21737650e-02
  2.91095411e+01 6.71269021e+00]
 [9.03709519e+02 1.01931748e-02 6.53867724e+01 4.78934888e-02
  3.05820452e+01 6.11355599e+00]
 [9.73281947e+02 1.46180468e-02 6.60607608e+01 3.72721383e-02
  3.64903207e+01 6.08757068e+00]
 [6.08734172e+02 9.93238758e-03 7.27643377e+01 4.63609607e-02
  3.85403899e+01 5.93001069e+00]
 [5.75460524e+02 1.29209561e-02 5.69760713e+01 3.98171683e-02
  2.79087340e+01 6.12167899e+00]
 [7.38717236e+02 1.06116952e-02 8.24768066e+01 3.20109369e-02
  3.87174943e+01 5.85313415e+00]
 [6.85349236e+02 1.53550230e-02 8.11459529e+01 4.33168079e-02
  3.17391298e+01 6.42948831e+00]
 [5.83651504e+02 1.48225624e-02 5.13696992e+01 4.46434128e-02
  2.84596481e+01 5.29774103e+00]
 [8.39672148e+02 1.57371523e-02 8.17618137e+01 5.17788637e-02
  3.41398132e+01 6.43008514e+00]
 [5.15763091e+02 1.69219663e-02 7.08352649e+01 4.63609607e-02
  3.24209615e+01 6.12986389e+00]
 [7.49890903e+02 1.05044600e-02 6.66261454e+01 3.28266614e-02
  3.66960290e+01 6.19906067e+00]
 [4.96633530e+02 1.46135293e-02 6.38362600e+01 5.89256949e-02
  2.27170471e+01 5.77788055e+00]
 [5.03083255e+02 1.06170365e-02 6.64741660e+01 4.51543409e-02
  3.31893303e+01 5.47756374e+00]
 [1.00535655e+03 1.07859544e-02 5.77797768e+01 4.15359771e-02
  3.21783974e+01 6.08628056e+00]
 [7.03585335e+02 9.87471899e-03 6.59001872e+01 3.46343218e-02
  3.33679884e+01 6.58105338e+00]
 [4.99033011e+02 1.79453001e-02 4.79417219e+01 5.11527705e-02
  2.97963957e+01 5.72280025e+00]
 [5.18952927e+02 1.01191902e-02 5.62052321e+01 4.16663362e-02
  3.41040597e+01 6.14761654e+00]]"
15,16,"[[ 421.17890225  420.66686183  421.57990349 -277.73103342  419.61429429
   421.02760193]
 [ 421.17890225  420.66686183  421.57990349 -277.73103342  419.61429429
   421.02760193]
 [ 421.17890225  421.66302184  420.81673385 -277.73103342  419.61429429
   421.02760193]
 [ 421.17890225  421.66302184  420.81673385 -277.73103342  419.61429429
   421.02760193]
 [ 420.66959761  420.66686183  421.57990349 -277.73103342  419.61429429
   421.02760193]
 [ 421.17890225  421.66302184  421.57990349 -277.73103342  419.61429429
   421.02760193]
 [ 421.17890225  421.88562267  420.81673385 -277.73103342  419.61429429
   421.02760193]
 [ 420.66959761  421.66302184  421.57990349 -277.73103342  419.61429429
   421.02760193]
 [ 420.66959761  421.88562267  420.81673385 -277.73103342  419.61429429
   421.02760193]
 [ 420.66959761  421.95405185  420.81673385 -277.73103342  419.61429429
   421.02760193]
 [ 421.17890225  421.88562267  421.57990349 -277.73103342  419.61429429
   421.02760193]
 [ 421.17890225  421.88562267  421.57990349 -277.73103342  419.61429429
   421.02760193]
 [ 421.17890225  421.88562267  421.57990349 -277.73103342  419.61429429
   421.02760193]
 [ 420.66959761  421.88562267  421.57990349 -277.73103342  419.61429429
   421.02760193]
 [ 420.66959761  421.88562267  421.57990349 -277.73103342  419.61429429
   421.02760193]
 [ 420.66959761  421.88562267  421.57990349 -277.73103342  419.61429429
   421.02760193]
 [ 421.17890225  421.95405185  421.57990349 -277.73103342  419.61429429
   421.02760193]
 [ 421.17890225  421.95405185  421.57990349 -277.73103342  419.61429429
   421.02760193]
 [ 421.17890225  421.95405185  421.57990349 -277.73103342  419.61429429
   421.02760193]
 [ 422.01805984  421.66302184  421.57990349 -277.73103342  419.61429429
   421.02760193]]","[-2321.70262522 -2321.70262522 -2321.69751165 -2321.69751165
 -2321.69690781 -2321.65328591 -2321.65223856 -2321.6475685
 -2321.64652114 -2321.63008897 -2321.60801282 -2321.60801282
 -2321.60801282 -2321.6022954  -2321.6022954  -2321.6022954
 -2321.59158065 -2321.59158065 -2321.59158065 -2321.51987542]","[[1.25679681e+03 6.76571667e-03 1.15097780e+02 3.18469556e-02
  4.20126205e+01 6.89550968e+00]
 [7.52610777e+02 1.06242385e-02 9.35749213e+01 3.65046234e-02
  3.00408907e+01 6.19667421e+00]
 [1.24170960e+03 6.39927615e-03 8.74907783e+01 3.22378758e-02
  4.82372991e+01 7.22681189e+00]
 [9.42295217e+02 6.96327842e-03 1.06243326e+02 2.95816529e-02
  4.60272222e+01 7.43882573e+00]
 [1.50604547e+03 9.36381142e-03 9.95747914e+01 3.09768670e-02
  4.61460829e+01 7.13450688e+00]
 [1.24170960e+03 8.47439532e-03 1.05598355e+02 3.72287882e-02
  4.08376057e+01 7.42647909e+00]
 [1.49034573e+03 6.95906525e-03 9.43458269e+01 3.78101440e-02
  4.24359447e+01 7.29007999e+00]
 [7.29770002e+02 9.53328167e-03 6.42478253e+01 5.37613283e-02
  3.94533683e+01 6.15369193e+00]
 [1.02623719e+03 1.04435228e-02 9.54749763e+01 2.63004314e-02
  4.67643758e+01 6.97842728e+00]
 [9.25776427e+02 8.43068024e-03 1.00602127e+02 3.58365011e-02
  4.05220184e+01 6.95967102e+00]
 [1.15389141e+03 6.76150350e-03 9.88050169e+01 3.33432070e-02
  4.55210226e+01 7.27149291e+00]
 [1.08082151e+03 7.04666085e-03 8.81988430e+01 4.19951491e-02
  4.88805765e+01 6.43720657e+00]
 [1.07829929e+03 8.99919714e-03 9.39315699e+01 3.22378758e-02
  4.30738460e+01 6.63702394e+00]
 [7.02820949e+02 1.21786385e-02 6.84502377e+01 4.16663362e-02
  3.86930100e+01 6.39278026e+00]
 [9.73782225e+02 1.03676390e-02 7.41499835e+01 3.16094507e-02
  5.06125719e+01 7.43103162e+00]
 [1.47062223e+03 8.10567596e-03 1.00078182e+02 3.99398982e-02
  3.92616946e+01 7.27422737e+00]
 [1.09567412e+03 7.71355646e-03 8.16862071e+01 3.90465342e-02
  4.74022771e+01 7.47447450e+00]
 [1.20922654e+03 8.10719332e-03 9.71963191e+01 3.69912832e-02
  4.65092701e+01 7.27149291e+00]
 [6.47704803e+02 9.51847128e-03 7.81963804e+01 3.21737650e-02
  2.91095411e+01 6.71269021e+00]
 [1.14189404e+03 9.88726234e-03 1.05895394e+02 3.79808249e-02
  4.70031400e+01 6.68061154e+00]]"
16,17,"[[ 421.17890225  420.66686183  420.81673385 -277.73103342  419.61429429
   421.02760193]
 [ 421.17890225  420.66686183  420.81673385 -277.73103342  419.61429429
   421.02760193]
 [ 421.17890225  420.66686183  420.81673385 -277.73103342  419.61429429
   421.02760193]
 [ 421.17890225  420.66686183  420.81673385 -277.73103342  419.61429429
   421.02760193]
 [ 420.66959761  420.66686183  420.81673385 -277.73103342  419.61429429
   421.02760193]
 [ 421.17890225  420.66686183  421.57990349 -277.73103342  419.61429429
   421.02760193]
 [ 421.17890225  420.66686183  421.57990349 -277.73103342  419.61429429
   421.02760193]
 [ 421.17890225  420.66686183  421.57990349 -277.73103342  419.61429429
   421.02760193]
 [ 421.17890225  420.66686183  421.57990349 -277.73103342  419.61429429
   421.02760193]
 [ 421.17890225  420.66686183  421.57990349 -277.73103342  419.61429429
   421.02760193]
 [ 421.17890225  420.66686183  421.57990349 -277.73103342  419.61429429
   421.02760193]
 [ 421.17890225  420.66686183  421.57990349 -277.73103342  419.61429429
   421.02760193]
 [ 421.17890225  420.66686183  421.57990349 -277.73103342  419.61429429
   421.02760193]
 [ 421.17890225  420.66686183  421.57990349 -277.73103342  419.61429429
   421.02760193]
 [ 421.17890225  421.66302184  420.81673385 -277.73103342  419.61429429
   421.02760193]
 [ 421.17890225  421.66302184  420.81673385 -277.73103342  419.61429429
   421.02760193]
 [ 421.17890225  421.66302184  420.81673385 -277.73103342  419.61429429
   421.02760193]
 [ 421.17890225  421.66302184  420.81673385 -277.73103342  419.61429429
   421.02760193]
 [ 421.17890225  421.66302184  420.81673385 -277.73103342  419.61429429
   421.02760193]
 [ 421.17890225  421.66302184  420.81673385 -277.73103342  419.61429429
   421.02760193]]","[-2321.74685096 -2321.74685096 -2321.74685096 -2321.74685096
 -2321.74113355 -2321.70262522 -2321.70262522 -2321.70262522
 -2321.70262522 -2321.70262522 -2321.70262522 -2321.70262522
 -2321.70262522 -2321.70262522 -2321.69751165 -2321.69751165
 -2321.69751165 -2321.69751165 -2321.69751165 -2321.69751165]","[[1.92754499e+03 5.56957489e-03 1.31236716e+02 2.57833339e-02
  6.63414992e+01 7.93870157e+00]
 [1.93218855e+03 6.03389900e-03 1.22582881e+02 2.40718294e-02
  5.87235408e+01 8.17642414e+00]
 [1.72213883e+03 5.46826608e-03 1.32649955e+02 2.85791799e-02
  6.14411304e+01 7.86212684e+00]
 [1.44778314e+03 5.90745524e-03 1.44006495e+02 2.53441635e-02
  4.55045904e+01 8.45245599e+00]
 [2.24664119e+03 6.15279725e-03 1.45334797e+02 2.99284199e-02
  5.80861292e+01 7.80278447e+00]
 [1.25679681e+03 6.76571667e-03 1.15097780e+02 3.18469556e-02
  4.20126205e+01 6.89550968e+00]
 [2.55685994e+03 7.41169558e-03 1.13905223e+02 2.70413383e-02
  6.10015057e+01 8.21775580e+00]
 [7.52610777e+02 1.06242385e-02 9.35749213e+01 3.65046234e-02
  3.00408907e+01 6.19667421e+00]
 [1.64457837e+03 5.53604007e-03 1.40083402e+02 2.60770788e-02
  5.90865228e+01 8.08553851e+00]
 [1.35873511e+03 5.73610173e-03 1.34966073e+02 2.43102189e-02
  5.61040183e+01 8.34687018e+00]
 [1.77235606e+03 5.36162155e-03 1.40699554e+02 2.37417661e-02
  5.07121614e+01 8.10903278e+00]
 [2.20322691e+03 4.98122070e-03 1.30937735e+02 2.81598788e-02
  5.81631292e+01 7.77681564e+00]
 [1.83231635e+03 6.80340058e-03 1.43176423e+02 2.94002636e-02
  5.63158197e+01 8.08369945e+00]
 [1.67436550e+03 6.42956126e-03 1.23665563e+02 2.85303420e-02
  5.77350120e+01 8.08369945e+00]
 [1.26034439e+03 5.86781039e-03 1.39869021e+02 2.73802309e-02
  5.90309023e+01 8.66315459e+00]
 [9.42295217e+02 6.96327842e-03 1.06243326e+02 2.95816529e-02
  4.60272222e+01 7.43882573e+00]
 [2.57041701e+03 4.99564835e-03 1.47738183e+02 2.35712944e-02
  6.24278954e+01 7.97836750e+00]
 [2.12782784e+03 7.28782269e-03 1.39401712e+02 2.44585122e-02
  5.94100415e+01 8.11983568e+00]
 [1.72213883e+03 6.68450233e-03 1.52892244e+02 2.47295200e-02
  4.58862539e+01 7.92049068e+00]
 [1.25679681e+03 6.42956126e-03 1.44095303e+02 2.84402458e-02
  6.37756124e+01 7.43402794e+00]]"
17,18,"[[ 421.17890225  420.66686183  420.81673385 -277.73103342  419.61429429
   421.02760193]
 [ 421.17890225  420.66686183  420.81673385 -277.73103342  419.61429429
   421.02760193]
 [ 421.17890225  420.66686183  420.81673385 -277.73103342  419.61429429
   421.02760193]
 [ 421.17890225  420.66686183  420.81673385 -277.73103342  419.61429429
   421.02760193]
 [ 421.17890225  420.66686183  420.81673385 -277.73103342  419.61429429
   421.02760193]
 [ 421.17890225  420.66686183  420.81673385 -277.73103342  419.61429429
   421.02760193]
 [ 421.17890225  420.66686183  420.81673385 -277.73103342  419.61429429
   421.02760193]
 [ 421.17890225  420.66686183  420.81673385 -277.73103342  419.61429429
   421.02760193]
 [ 421.17890225  420.66686183  420.81673385 -277.73103342  419.61429429
   421.02760193]
 [ 421.17890225  420.66686183  420.81673385 -277.73103342  419.61429429
   421.02760193]
 [ 421.17890225  420.66686183  420.81673385 -277.73103342  419.61429429
   421.02760193]
 [ 421.17890225  420.66686183  420.81673385 -277.73103342  419.61429429
   421.02760193]
 [ 421.17890225  420.66686183  420.81673385 -277.73103342  419.61429429
   421.02760193]
 [ 421.17890225  420.66686183  420.81673385 -277.73103342  419.61429429
   421.02760193]
 [ 421.17890225  420.66686183  420.81673385 -277.73103342  419.61429429
   421.02760193]
 [ 421.17890225  420.66686183  420.81673385 -277.73103342  419.61429429
   421.02760193]
 [ 421.17890225  420.66686183  420.81673385 -277.73103342  419.61429429
   421.02760193]
 [ 421.17890225  420.66686183  420.81673385 -277.73103342  419.61429429
   421.02760193]
 [ 421.17890225  420.66686183  420.81673385 -277.73103342  419.61429429
   421.02760193]
 [ 421.17890225  420.66686183  420.81673385 -277.73103342  419.61429429
   421.02760193]]","[-2321.74685096 -2321.74685096 -2321.74685096 -2321.74685096
 -2321.74685096 -2321.74685096 -2321.74685096 -2321.74685096
 -2321.74685096 -2321.74685096 -2321.74685096 -2321.74685096
 -2321.74685096 -2321.74685096 -2321.74685096 -2321.74685096
 -2321.74685096 -2321.74685096 -2321.74685096 -2321.74685096]","[[3.46980283e+03 3.77184379e-03 1.83754534e+02 2.21945276e-02
  6.46854890e+01 9.47146759e+00]
 [3.30488199e+03 5.40529689e-03 2.05839811e+02 2.06313755e-02
  7.16879591e+01 9.07566120e+00]
 [3.66546160e+03 4.44480764e-03 1.56007313e+02 2.15393600e-02
  8.15498990e+01 9.48830966e+00]
 [2.97420833e+03 4.19922453e-03 2.01712458e+02 2.02964563e-02
  7.36896190e+01 9.57053168e+00]
 [1.44778314e+03 5.90745524e-03 1.44006495e+02 2.53441635e-02
  4.55045904e+01 8.45245599e+00]
 [2.33852676e+03 4.21188215e-03 1.77289100e+02 2.10450166e-02
  7.67790259e+01 8.23860503e+00]
 [1.72213883e+03 5.46826608e-03 1.32649955e+02 2.85791799e-02
  6.14411304e+01 7.86212684e+00]
 [1.93218855e+03 6.03389900e-03 1.22582881e+02 2.40718294e-02
  5.87235408e+01 8.17642414e+00]
 [2.58991901e+03 4.15594759e-03 2.13681286e+02 2.02279379e-02
  7.17748985e+01 9.82521926e+00]
 [2.92269666e+03 3.53263326e-03 2.01344222e+02 2.04028119e-02
  7.73082769e+01 9.02283802e+00]
 [2.48217897e+03 4.03037904e-03 1.79617583e+02 2.07335431e-02
  6.86858846e+01 9.43253371e+00]
 [1.92754499e+03 5.56957489e-03 1.31236716e+02 2.57833339e-02
  6.63414992e+01 7.93870157e+00]
 [2.30079648e+03 3.95832584e-03 1.71180404e+02 2.06035862e-02
  7.02071793e+01 9.21821057e+00]
 [2.83777402e+03 4.03037904e-03 1.97836084e+02 1.87456778e-02
  7.95507853e+01 9.32168592e+00]
 [2.39593716e+03 3.34627548e-03 1.78806677e+02 2.36285849e-02
  7.54144580e+01 9.66478817e+00]
 [2.17054251e+03 4.04616171e-03 2.13253806e+02 2.08357983e-02
  7.84466064e+01 8.52762875e+00]
 [2.57237542e+03 4.26943792e-03 1.95603762e+02 2.59287855e-02
  8.32719526e+01 9.63189867e+00]
 [2.57543883e+03 4.37459425e-03 2.02049728e+02 2.01632704e-02
  8.15151164e+01 9.88631134e+00]
 [2.86597989e+03 4.27197238e-03 1.84208891e+02 2.24674987e-02
  8.73260043e+01 8.64417682e+00]
 [3.48477898e+03 4.22627707e-03 2.01895003e+02 2.14619665e-02
  7.88885339e+01 9.23330379e+00]]"
