,population,best_x,best_energy,running_time
0,17,"[391.59125179 423.66432659 421.06452542 425.02211449 412.32055944
 440.10384101]",-2352.8717068544343,0.251979
1,13,"[423.11614743 204.60228158 416.61372893 405.04295116 197.32297983
 420.29400543]",-2039.7949488583563,0.161169
2,28,"[-305.69940693 -313.65933953  416.57404353 -306.570713    420.88388859
  451.71472526]",-2021.9310093653735,0.392235
3,22,"[ 421.12387001 -321.01417085  423.6655073   428.9228479  -302.5713637
  421.34880754]",-2225.3999794518213,0.279608
4,15,"[ 420.04718619  420.8153305  -303.706487    421.31446489 -300.73497958
  452.0039378 ]",-2159.015468547094,0.183087
5,13,"[-304.46751227  395.22050294  427.05051462  423.20617311  414.83101132
  422.13997831]",-2304.733419166661,0.151037
6,49,"[ 428.29734916  420.92794953  430.53559992  407.64744373  428.78204784
 -302.53891955]",-2347.362398373161,0.604
7,13,"[ 387.99962134  392.73256707 -294.58548038  423.22381171 -305.95367405
  422.08324905]",-2043.3722703685285,0.149005
8,15,"[ 426.82165729  420.89373492  420.97517317 -275.77475481 -313.37492151
  415.2776489 ]",-2168.971976056217,0.175014
9,28,"[420.71406062 436.70688717 420.4550043  411.34695469 416.71688653
 426.64669084]",-2464.866885579059,0.342098
10,20,"[-294.88138042  431.41992202  419.24499437  422.91259249  433.43076812
  408.82088849]",-2335.5716631402797,0.265585
11,25,"[-302.26716453 -302.22304863  451.59144409  434.03198101  420.05145514
  391.87992473]",-2040.0679515991105,0.38004
12,19,"[ 430.87070147 -327.2108452   420.23305197  407.69536203  420.7228161
 -295.8186878 ]",-2162.0253916301485,0.254261
13,18,"[230.02716044 430.96464921 425.91334382 418.60535038 421.13854334
 421.47194461]",-2197.019092292676,0.243001
14,12,"[ 407.48135912  412.21459708  421.37980126 -306.94631795  420.62902186
  415.33512358]",-2356.7309480403947,0.140304
15,13,"[ 418.86382302  420.21355385  420.68494659  414.3952065  -293.65139343
 -302.37147118]",-2261.08056900534,0.180298
16,12,"[-301.77898374 -304.63091947  421.00299595  450.80604292  420.79033294
  414.00045725]",-2161.5336757919345,0.162532
17,36,"[ 413.33710413  420.84799527  421.03538768  413.57663316 -124.27637859
 -302.63285636]",-2085.1465079246263,0.447809
18,13,"[422.31611108 430.36773471 420.75434063 392.11253061 211.23421213
 414.24637388]",-2173.17977252579,0.150233
19,18,"[448.97929543 414.43965517 419.76134955 459.7899888  425.08246479
 393.37513898]",-2139.2940064208115,0.232287
20,25,"[-302.42100502 -299.98498544  439.94669902  432.98693876  421.07522149
  421.68427614]",-2212.9903916685785,0.358928
21,19,"[ 430.87070147 -327.2108452   420.23305197  407.69536203  420.7228161
 -295.8186878 ]",-2162.0253916301485,0.293391
22,18,"[410.71779303 430.06298757 422.60679288 421.3961041  421.00748002
 419.55723907]",-2489.717660609278,0.349588
23,16,"[420.28701965 420.39355445 401.72704743 410.84001709 424.11274128
 421.23910816]",-2454.210933243215,0.514845
24,16,"[ 420.5782042  -310.6762592   420.22415655  446.70668178  421.58113538
  451.33999001]",-2192.680072996143,0.286118
25,12,"[ 454.9492807   395.70238319 -319.19963482  403.31790092  418.53199421
  423.2471779 ]",-2104.1261689442495,0.162143
26,31,"[421.38291011 211.04456244 404.82387254 395.30836705 369.44668986
 417.80367401]",-1892.1527570623525,0.542543
27,11,"[416.94414166 403.68003392 409.70996836 416.17704651 420.72051304
 413.50834358]",-2449.2585782535984,0.21895
28,20,"[421.41479718 407.50589889 420.16457014 421.19035447 421.33340478
 407.20025544]",-2467.6594694649666,0.331265
29,20,"[420.1310137  420.8968896  425.44047478 424.8761446  420.44553434
 422.78084149]",-2508.9060634843513,0.320536
30,10,"[ 412.94176387  402.95414687  420.87721519  424.13016255 -308.98251183
  422.71974043]",-2340.450391910624,0.12775
31,30,"[ 420.59979188  414.61104723 -292.60458189  445.65952503  452.90670227
  391.86861939]",-2077.660491642899,0.470722
32,12,"[-298.94322126  422.23386147  430.38847263  391.7107648   421.14035488
  434.28918136]",-2257.9768231461667,0.166128
33,16,"[-305.42979151 -313.36240824  420.79178628  451.55382821 -302.30098784
  423.710835  ]",-2027.6599113970915,0.223007
34,14,"[-303.3962623   421.11173649  439.47024253  434.31965367  423.99704608
  430.18236811]",-2318.321241644261,0.170644
35,17,"[ 420.97015042  425.10367526 -301.56152455  419.05700315  435.35667987
 -103.05955381]",-2016.2418071578284,0.206047
36,13,"[ 393.99768597 -302.5613145   421.91000531  435.46744486  419.31866246
  422.61479404]",-2280.7818026549917,0.16315
37,11,"[436.96339515 209.71794517 396.52041592 419.75490841 413.0105354
 410.03679627]",-2164.7439216410476,0.129004
38,25,"[ 389.61451328  400.72573785 -293.96646102  429.45194393 -305.98870803
  414.60266169]",-2085.462446250969,0.313662
39,14,"[ 446.15188554 -320.99837875  422.68734599  428.66030521 -306.81726552
  397.16795344]",-2077.1226224241404,0.170104
40,27,"[ 421.29786396  405.9361199   395.3087362   416.17612308 -291.37073962
 -298.81606432]",-2149.317292355898,0.341116
41,10,"[ 438.562774    425.36760781  399.0033184   424.37920672 -302.50257864
  423.58554741]",-2293.069632485113,0.110989
42,19,"[411.20266077 430.21981121 421.19771514 382.77752373 421.74998397
 420.33758994]",-2323.054944563325,0.229024
43,15,"[ 420.49012161 -296.27440325 -300.95682407  424.0733047  -300.13361664
  421.37572238]",-2151.3634942958297,0.179976
44,17,"[394.48279325 448.98866311 421.06001369 399.41739543 420.89926366
 199.67689995]",-2057.002434275775,0.20966
45,13,"[-303.44659403 -313.64851046  417.69471126  420.06210391  423.24694964
  447.57655973]",-2172.0234251732827,0.156896
46,17,"[ 396.94827872 -302.25608777  420.77962224  434.05541086  424.94506933
  420.46981062]",-2301.8633770337456,0.209881
47,21,"[411.31387939 428.58826838 422.55056014 421.24282206 420.99906622
 416.71665727]",-2492.306810331601,0.262821
48,14,"[ 420.05192091  411.43483015  437.41497215 -301.88228812  400.36989405
  422.4299136 ]",-2297.7962640732053,0.166836
49,13,"[420.90573112 464.49232576 424.02180924 412.29854839 419.66099798
 428.78804464]",-2273.841104789103,0.158119
