,population,best_x,best_energy,ave_energy
0,1,"[ 428.5201539   393.47164913 -274.42923836  497.25703179  171.99074595
  184.81651851]",-1044.7154461075258,-40.19934242216336
1,2,"[ 470.78830007 -347.98661997  436.60491937  417.99097425 -102.29551371
 -280.79584619]",-1318.35858156984,-761.2328121088458
2,3,"[403.89238123 396.19934392 439.56595455 418.29011903 352.96818855
 415.40869639]",-1914.7069318086383,-1397.6523957360125
3,4,"[ 402.16064268  420.78876817  419.43112491  419.11799473  411.83008199
 -266.22279572]",-2192.3608309353144,-1886.4906360048149
4,5,"[429.01721405 412.02758527 431.90710886 418.89047215 420.86835177
 416.21918662]",-2477.257566744308,-2183.663135899804
5,6,"[429.01721405 421.4085336  431.90710886 417.44270078 412.4926015
 424.09207998]",-2478.828424249141,-2381.6051966369564
6,7,"[428.14247048 420.78876817 419.43112491 419.25176495 419.28689188
 424.09207998]",-2505.140063929871,-2456.694877577653
7,8,"[428.14247048 420.32422756 420.3047863  419.26674639 420.82994757
 418.43072102]",-2506.114987578042,-2495.355521891997
8,9,"[428.00595076 421.2996807  420.06501304 419.11799473 420.86835177
 418.71081593]",-2506.4544715154057,-2503.8265954159406
9,10,"[428.00595076 421.2996807  420.06501304 419.26674639 420.86835177
 418.71081593]",-2506.52106705892,-2505.8703688185533
10,11,"[428.00595076 421.2996807  420.06501304 419.25176495 420.86835177
 419.0782273 ]",-2506.706624575076,-2506.3968281405164
11,12,"[428.00595076 420.78876817 420.3047863  419.25176495 420.86835177
 419.0782273 ]",-2506.763765122769,-2506.689526463595
12,13,"[428.00595076 420.78876817 420.3047863  419.25176495 420.86835177
 419.0782273 ]",-2506.763765122769,-2506.750670548831
13,14,"[428.00595076 420.78876817 420.3047863  419.26674639 420.86835177
 419.0782273 ]",-2506.770220122327,-2506.761963543002
14,15,"[428.00595076 420.78876817 420.3047863  419.26674639 420.86835177
 419.0782273 ]",-2506.770220122327,-2506.7702201223274
