,population,best_x,best_energy,running_time
0,24,"[421.19006141 420.93692747 426.00330848 421.23547668 418.7959625
 421.48635033]",-2510.052670934904,1.158377
1,15,"[420.86274544 420.36722967 421.17890474 434.61437969 425.2828241
 420.61079274]",-2488.0769747740346,0.732716
2,16,"[421.70139043 423.21209648 417.75851532 416.09859505 421.00477258
 422.12022819]",-2508.7448230895466,0.492391
3,14,"[420.39112668 421.24637415 421.20293636 422.09624618 421.97066986
 421.16656334]",-2513.5464643634446,0.465323
4,14,"[ 418.46480643  419.62101863 -302.63397313  427.53645123 -301.34743614
  420.85521858]",-2270.377986320291,0.408006
5,16,"[429.93590262 421.9193591  420.73870892 421.6747216  417.83896025
 421.12589756]",-2502.3359936193274,0.701015
6,26,"[424.54812493 420.95633453 421.07322365 421.07255309 432.16217018
 421.19708638]",-2496.490998208618,1.159052
7,14,"[399.70878366 423.02561349 417.55390019 420.84208307 421.43580103
 417.00241136]",-2454.616403563479,0.58809
8,15,"[419.02770735 425.64721951 420.59919781 434.22585477 421.06150684
 411.40852471]",-2477.106947653828,0.566699
9,15,"[421.42245235 421.11431787 420.49684462 414.34785527 421.26090667
 420.82230958]",-2508.322009311887,0.486151
10,15,"[421.08389684 421.20636347 421.67272348 421.30395204 420.97810126
 420.9083731 ]",-2513.81132427752,0.494455
11,18,"[420.85348722 395.30295237 417.7887188  455.01178894 433.72364929
 421.00243604]",-2272.655123986615,0.675997
12,13,"[425.01481966 421.16241912 421.01850827 422.71250673 429.39366645
 399.3881643 ]",-2445.5876290009355,0.473647
13,14,"[419.56726025 421.31613742 422.7160659  420.62515282 422.11934571
 421.54485986]",-2513.025053764687,0.518489
14,40,"[420.38955464 411.66217512 421.44048115 425.98214229 421.91388138
 421.01491687]",-2499.6981065947666,1.857158
15,29,"[405.54946767 405.94895648 420.85375588 424.25692383 408.4779175
 421.0103992 ]",-2435.6518652122713,1.150015
16,20,"[-303.13184093  414.64156413  417.65795553  401.37120914  420.54525513
  420.98354988]",-2341.821097199283,0.670925
17,13,"[420.39029331 401.13207493 417.07230229 420.76872151 421.12968519
 421.66728891]",-2463.5850560654685,0.558186
18,21,"[428.03398915 403.59131155 421.36086804 421.06133288 420.35943586
 421.08294857]",-2470.258946620949,0.863151
19,13,"[422.26263858 421.54444682 415.88484444 424.9142825  446.90656371
 418.94046838]",-2424.968350403998,0.599789
20,17,"[393.49313734 422.41620154 419.411172   428.87107936 420.1963001
 420.20227396]",-2414.659738334117,0.586185
21,14,"[421.37914142 426.03038218 421.26964294 421.31240085 419.73315883
 405.565721  ]",-2481.0205110322368,0.569694
22,40,"[421.15846022 427.05090863 420.50860529 420.3952242  421.78461408
 420.3912724 ]",-2509.028347620038,1.32519
23,14,"[421.06782705 421.00252517 438.47789997 420.54891223 422.09071774
 423.91870671]",-2474.2589500120516,0.387
24,25,"[420.62358292 415.90770647 417.22589323 398.92058387 421.03335273
 420.92471746]",-2449.5775406375733,0.719591
25,16,"[421.41934517 428.24087128 420.30053816 419.27681151 418.78194433
 421.01583133]",-2506.1773219844017,0.45999
26,40,"[427.06981841 421.09878011 420.69280576 419.2403517  420.98449829
 417.22331106]",-2507.043362203951,1.542534
27,19,"[422.13812833 430.16556496 421.11128097 421.76921846 421.62717568
 421.24398665]",-2502.911553153856,0.630746
28,18,"[420.9823515  417.56356494 420.76251697 426.39250377 419.67498679
 421.26650275]",-2508.495069446342,0.628551
29,19,"[420.87475488 421.08865734 423.72901677 421.04551966 420.94634458
 423.98913067]",-2511.779582344646,0.626752
30,20,"[393.81473037 400.69202663 411.52879939 419.47212766 421.26430332
 420.11241185]",-2363.3358189216074,0.624
31,35,"[426.90177134 415.01824284 412.36313904 420.49141247 420.99660443
 421.29334397]",-2495.6824970141924,1.041212
32,15,"[452.91778726 423.91405837 428.03972408 428.7625299  420.46693189
 419.74976797]",-2374.605916896079,0.539161
33,23,"[-305.24022406  420.91894588  416.68467038  399.79729524  420.96210461
  420.87615002]",-2337.3916626212304,0.757983
34,19,"[422.13976059 421.0861109  442.57379888 420.9135319  420.93371381
 411.38780246]",-2444.201589879931,0.672476
35,40,"[ 421.15646794  440.60898631  421.14602143  421.13378714  435.15024833
 -302.3138422 ]",-2322.0658761063287,1.326263
36,27,"[420.9019881  412.01704317 420.58691059 420.95779931 443.80501266
 422.22152731]",-2438.9514453727597,1.070567
37,26,"[421.01311572 420.773009   425.51744713 404.41320416 421.03258407
 402.47252681]",-2435.2754868524044,0.856049
38,17,"[410.64583748 413.92237004 422.14881404 422.4258385  421.85495063
 420.74486107]",-2493.7948148032806,0.842466
39,16,"[407.72031382 421.77351347 422.80540561 427.54715474 421.33925353
 420.19268781]",-2485.99494609086,0.650675
40,18,"[404.70185157 405.70595056 421.81915017 420.56155956 421.14545758
 421.48437724]",-2452.135860639921,0.669207
41,40,"[436.02835272 454.12416309 427.24908655 421.00543889 445.48168262
 419.64802747]",-2272.8438534589727,1.586416
42,15,"[420.4111449  421.14128295 420.74325343 423.69863524 421.15933699
 420.8676534 ]",-2512.9010617207505,0.514639
43,40,"[421.02463963 420.58117888 416.65702573 436.52998611 424.11998214
 403.95873434]",-2444.1749348867615,1.377998
44,40,"[423.43449722 419.61667024 420.03710072 421.48518743 423.03972916
 420.21963602]",-2512.1436681767414,1.705351
45,15,"[-302.67005129  420.22572888  422.11642275  407.54948271  421.3719661
  421.14183428]",-2372.797186003358,0.517669
46,12,"[421.78546501 412.6406635  420.89162571 433.9810545  418.62555516
 422.26054453]",-2482.924459057309,0.373962
47,21,"[419.5619965  420.39060619 421.10079083 421.0969289  421.15118664
 421.2005319 ]",-2513.5903535446323,0.83072
48,14,"[421.60106277 411.66313736 420.64771971 421.1652464  421.41573872
 414.73014026]",-2498.0741795930944,0.601005
49,16,"[426.45598581 420.90432706 419.9966593  420.68860006 420.8540881
 420.90049316]",-2509.9638161214075,0.493994
