,population,best_x,best_energy,running_time
0,16,"[ 420.95844638  420.37220601  421.22032513 -302.64211663  412.97935472
  421.47426044]",-2387.368451957613,0.5273
1,15,"[ 420.66180719  420.6346945   422.67850924  406.62189878 -302.13070572
  420.91964422]",-2369.484459246272,0.429321
2,43,"[-304.72207556  420.877556    419.62991003  420.97254523  421.02054973
  441.43746406]",-2342.4301647177012,1.416169
3,35,"[443.58280041 420.49725475 421.07604077 420.93573218 421.05287634
 420.62087467]",-2450.3853199553937,1.081844
4,17,"[ 420.18112379  419.23893505 -307.83419718  435.82605027 -302.51926216
  431.44272273]",-2231.4621341518714,0.580578
5,12,"[427.29604139 420.62395607 432.89722085 421.41171458 425.32609474
 421.61004179]",-2488.4447519963023,0.417507
6,49,"[ 431.24196942 -303.40580458  421.87361651  407.02478489  426.11603725
 -297.31984298]",-2232.596649734472,1.571252
7,17,"[410.15736305 420.86535111 432.12911211 429.95382305 421.02570402
 415.37133847]",-2469.488552721379,0.479757
8,49,"[420.81868112 412.11063502 420.50693154 438.49470268 421.02123506
 410.75459856]",-2452.5656912133063,1.698116
9,13,"[420.28794465 421.03689206 426.69197011 421.22963722 422.3305695
 424.12398039]",-2508.202951333464,0.358964
10,20,"[-297.50210394  421.5828664   420.98676614  413.25618288  414.72060599
  421.3319307 ]",-2379.8481583080575,0.553278
11,23,"[ 394.81642397 -302.4813402   411.6193684   432.68518603  417.81585441
  451.00636479]",-2173.352637904756,0.844643
12,34,"[ 429.55819119 -293.1291292   420.98199963  407.79730209  420.96489946
 -304.34630837]",-2234.6505804969643,1.276074
13,14,"[429.9420198  421.25096699 420.74617666 416.60581027 434.13168681
 424.75644163]",-2477.7343084811673,0.430968
14,15,"[406.50963492 413.1474759  421.13660147 421.19058096 432.79827455
 415.2527566 ]",-2458.5381331666026,0.416878
15,16,"[425.63845109 415.24754148 422.24295585 420.87987304 437.48874307
 420.93402496]",-2472.6339794058954,0.445483
16,14,"[419.69557354 421.71949026 419.38241882 404.40448801 431.75450923
 444.88379885]",-2393.924309570089,0.339961
17,43,"[417.8778027  420.95582597 419.34798625 418.45488    431.99494307
 418.08627866]",-2495.206311135626,1.293046
18,17,"[420.91258392 404.36938256 421.28589784 419.36293357 420.11268967
 421.03924542]",-2479.4028228721195,0.509507
19,11,"[401.26088895 418.08792566 419.78365764 458.07166944 424.10215319
 409.63801433]",-2283.045841582277,0.453189
20,22,"[ 420.92716422 -302.5708541   409.79130137  433.09313772  417.92074137
  421.08561265]",-2360.1891118473272,0.765958
21,14,"[424.54011553 420.32873866 420.8333649  407.63536347 431.32194747
 433.7170486 ]",-2456.1674742969562,0.391989
22,48,"[421.00231484 430.03532171 422.43824192 382.47854805 420.93837624
 417.60632438]",-2331.438752813278,1.682878
23,14,"[420.56132191 421.08695191 392.96665439 424.16719702 420.68597426
 422.61885361]",-2418.247247480546,0.545497
24,14,"[410.88954539 419.89047838 421.25371122 427.13858024 421.73858713
 426.72957841]",-2491.96638054667,0.468195
25,40,"[399.97981676 420.99006763 420.74563724 429.47462279 419.92339939
 392.48738023]",-2353.6516014633385,1.4297
26,14,"[422.85100605 405.40101944 419.30947852 421.43364774 419.87244316
 422.09973747]",-2482.7385183923348,0.600019
27,16,"[422.22332504 419.87232844 413.45164784 419.44105403 420.57314927
 415.87825422]",-2502.8845749346297,0.692525
28,14,"[420.77385503 423.28502245 421.7555889  396.16409599 420.94376702
 420.44639822]",-2438.6089851346132,0.509111
29,14,"[420.84634007 420.30650149 420.72982122 420.39323036 426.71095333
 421.42774456]",-2509.6015732684837,0.414074
30,22,"[437.23637218 403.05550773 415.25593281 422.8515631  422.96470412
 420.40874903]",-2436.0857355999447,0.697972
31,20,"[421.45885066 416.65648391 419.65487054 421.99728241 408.08170796
 419.84232724]",-2490.338870640909,0.672961
32,15,"[-296.0345158   420.63214037  425.13859103  429.28902825  421.16456783
  421.32351098]",-2379.194537244543,0.441293
33,14,"[413.01472636 416.14127763 420.15883536 422.12001077 424.7047493
 421.01640359]",-2501.019455523521,0.41028
34,38,"[ 421.72318353  421.12348752  442.48501185  408.82584318  420.75795081
 -280.08914172]",-2258.703827658211,1.155388
35,17,"[ 419.89894121  411.00421333  420.98948759  419.97981767  421.03885304
 -284.31877719]",-2342.182274851656,0.47003
36,11,"[396.52729368 417.65217276 419.86287259 420.69436642 420.88805045
 421.11715817]",-2439.93867132617,0.370647
37,49,"[ 422.12196366  416.48660937  420.54554706  403.75709756 -305.96494875
  411.8979779 ]",-2344.3627285728394,1.490378
38,49,"[417.84079055 421.02353179 412.3205483  420.24735363 419.50250957
 420.80740599]",-2502.9539940843565,1.349103
39,19,"[444.05449851 420.45034831 424.12953304 426.37975352 420.94763102
 422.17367786]",-2442.6383319637857,0.507002
40,24,"[426.22689334 405.76049172 420.93990963 420.75984578 419.90102403
 421.3301398 ]",-2481.566686950613,0.61493
41,18,"[436.22263803 420.4178242  401.93412874 420.853638   421.27901726
 405.77952047]",-2411.5001152883624,0.46042
42,15,"[420.97250449 422.78646564 421.60111024 384.94899778 421.25659834
 421.3631098 ]",-2362.5483613398046,0.37675
43,17,"[413.42738569 423.7473765  416.55041773 420.5992683  420.868808
 404.1254077 ]",-2468.258518613111,0.435816
44,16,"[422.06226088 405.85370778 421.05656385 422.50565735 422.03527181
 417.2165806 ]",-2483.202431609965,0.514376
45,15,"[413.17126884 415.3787595  421.08929167 408.85272778 420.48542336
 421.0082829 ]",-2484.0121136334346,0.435709
46,16,"[421.03091783 421.74440581 421.03854514 421.45574882 448.20694141
 419.72576017]",-2422.393722586813,0.441845
47,16,"[420.96876549 429.01224126 420.81991922 388.04754907 421.05609292
 420.86333512]",-2378.1168844728313,0.469121
48,18,"[407.41416084 420.41693452 420.81178349 421.45278408 432.71379676
 417.7881309 ]",-2472.3389838953594,0.511285
49,13,"[417.16206995 406.37741502 419.68120595 421.19535196 418.22158791
 420.1281015 ]",-2484.3912838251695,0.353074
