,population,best_x,best_energy
0,1,"[-350.22618122  175.17667167 -309.06041006 -181.18847354  453.33119956
  411.76018073]",-1009.98301223815
1,2,"[ -93.22893139  151.70383823  415.73006938  203.07436186 -299.82622968
  400.73823576]",-1269.5890766648947
2,3,"[-353.11773395  440.11792469  452.13674336  412.31006601 -269.11689199
  412.0133061 ]",-1685.689238378783
3,4,"[ 459.7699509   407.28471124 -309.34263001  399.29685018  395.1830021
  417.16875525]",-2047.7421777678228
4,5,"[457.13905218 435.45602164 397.69596198 418.31338314 453.63441477
 415.52515126]",-2130.713357698544
5,6,"[457.13905218 419.60454319 397.25797961 414.19432253 439.38169035
 408.29983706]",-2220.282198731774
6,7,"[459.72750752 420.29894431 415.45604941 414.6540866  397.27871822
 415.52515126]",-2254.3825040315546
7,8,"[457.58309039 419.60454319 415.53462983 414.6540866  437.19433146
 416.0439477 ]",-2308.267733603322
8,9,"[457.13905218 419.60454319 415.34153311 414.6540866  437.19433146
 416.0439477 ]",-2311.652214329276
9,10,"[457.13905218 421.55216182 415.53462983 414.6540866  437.19433146
 416.0439477 ]",-2312.111768646463
10,11,"[457.13905218 421.55216182 415.53462983 414.6540866  437.19433146
 416.0439477 ]",-2312.111768646463
