,population,parents,parents_energy,parents_sigma
0,1,"[[ 402.60586032  482.08036196]
 [-326.09176825   69.45283962]
 [-332.52044003   57.39377203]
 [-346.46795706  221.51410987]
 [ 165.08605202  219.57708484]
 [-144.8946875   472.51534462]
 [-363.39156209 -269.90043793]
 [ 217.11464448  128.30536277]
 [-167.73395315 -116.807032  ]
 [-101.03935931  -81.52188252]
 [ 114.53765782 -125.15275396]
 [ 173.36307346  258.21549959]
 [  82.42820733  -74.00895828]
 [ -70.1782135   156.93646087]
 [ 109.58762937   85.0783636 ]
 [-367.71230837   47.14068555]
 [ 137.04906601  141.43678174]
 [-170.05729021 -455.80050971]
 [-430.70330248   -9.40899304]
 [-430.19000507 -359.47965844]]","[-394.24103563 -293.60357467 -246.87943755 -243.63247283 -216.57675613
 -191.75203598 -101.19039275  -58.16608206  -51.78256715  -27.85336023
  -13.21792578   -6.70742774   26.27136026   66.89784178   77.72520325
   91.91483434  192.05801353  350.46722207  407.73471566  447.86426788]","[[1. 1.]
 [1. 1.]
 [1. 1.]
 [1. 1.]
 [1. 1.]
 [1. 1.]
 [1. 1.]
 [1. 1.]
 [1. 1.]
 [1. 1.]
 [1. 1.]
 [1. 1.]
 [1. 1.]
 [1. 1.]
 [1. 1.]
 [1. 1.]
 [1. 1.]
 [1. 1.]
 [1. 1.]
 [1. 1.]]"
1,2,"[[ 402.90087714 -270.23806867]
 [ 402.5962747  -125.29829615]
 [ 402.49534872 -116.81765464]
 [ 402.31021909   57.52400232]
 [ 402.60586032  482.08036196]
 [ 402.70373171   -9.52339026]
 [-332.5913127   221.9544607 ]
 [-326.22355672  472.40779844]
 [-326.13113474  472.579326  ]
 [ 402.70021994  -81.5224988 ]
 [ 402.61246124 -359.38417242]
 [-332.37722278  472.42024332]
 [-332.31172591  472.83188963]
 [-326.09176825   69.45283962]
 [ 402.66313948  141.15768037]
 [-326.12144774   57.61240757]
 [-144.34794771 -270.04019078]
 [-346.55177804  219.60356327]
 [-325.84623017   85.09952772]
 [-332.52044003   57.39377203]]","[-559.16095911 -500.26370919 -491.74113591 -431.5869576  -394.24103563
 -377.3614767  -351.93573657 -350.96355188 -349.72468581 -346.44469049
 -338.79430242 -312.25911172 -308.47541786 -293.60357467 -288.36223886
 -287.44822928 -254.7405993  -250.73926654 -250.26475767 -246.87943755]","[[0.22330084 0.17229061]
 [0.22330084 0.17229061]
 [0.22330084 0.17229061]
 [0.22330084 0.17229061]
 [1.         1.        ]
 [0.22330084 0.17229061]
 [0.22330084 0.17229061]
 [0.22330084 0.17229061]
 [0.22330084 0.17229061]
 [0.22330084 0.17229061]
 [0.22330084 0.17229061]
 [0.22330084 0.17229061]
 [0.22330084 0.17229061]
 [1.         1.        ]
 [0.22330084 0.17229061]
 [0.22330084 0.17229061]
 [0.22330084 0.17229061]
 [0.22330084 0.17229061]
 [0.22330084 0.17229061]
 [1.         1.        ]]"
2,3,"[[ 402.90087714 -270.23806867]
 [ 402.94490994 -270.01979349]
 [ 402.62212902 -270.20473258]
 [ 402.57257556 -270.05004619]
 [ 402.34838837 -270.09603714]
 [ 402.74114753  219.70002883]
 [ 402.68109296  221.91404073]
 [ 402.64864206  221.90199657]
 [ 402.59513706  221.94211384]
 [ 402.57116501  221.95625935]
 [ 402.54846781  221.96153663]
 [ 402.67792505 -125.3197076 ]
 [ 402.66335725 -125.35329659]
 [ 402.61744343 -125.35676007]
 [ 402.81802653  472.19663793]
 [ 402.5962747  -125.29829615]
 [ 402.55372281 -125.24502361]
 [ 402.89197309  472.38539547]
 [ 403.0598909   472.45717185]
 [ 402.67276411  472.40956537]]","[-559.16095911 -557.86817736 -557.71003567 -556.43836907 -555.75169202
 -548.17930461 -538.70134241 -538.61111316 -538.197648   -538.02898063
 -537.90496039 -500.6220147  -500.55332508 -500.34991475 -500.27015765
 -500.26370919 -500.08109422 -498.65909764 -498.65231932 -497.44914587]","[[0.22330084 0.17229061]
 [0.04986327 0.02968405]
 [0.04986327 0.02968405]
 [0.04986327 0.02968405]
 [0.04986327 0.02968405]
 [0.13658206 0.10098733]
 [0.04986327 0.02968405]
 [0.04986327 0.02968405]
 [0.04986327 0.02968405]
 [0.04986327 0.02968405]
 [0.04986327 0.02968405]
 [0.04986327 0.02968405]
 [0.04986327 0.02968405]
 [0.04986327 0.02968405]
 [0.13658206 0.10098733]
 [0.22330084 0.17229061]
 [0.04986327 0.02968405]
 [0.04986327 0.02968405]
 [0.13658206 0.10098733]
 [0.04986327 0.02968405]]"
3,4,"[[ 403.05333264 -270.22876224]
 [ 402.95315482 -270.21876773]
 [ 402.90087714 -270.23806867]
 [ 402.88820592 -270.22892956]
 [ 402.81999842 -270.20519319]
 [ 402.9515197  -270.09763099]
 [ 402.94948887 -270.0919234 ]
 [ 402.68085157 -270.23094758]
 [ 402.68587154 -270.20842552]
 [ 402.6647769  -270.20420761]
 [ 402.94490994 -270.01979349]
 [ 402.78260972 -270.11255062]
 [ 402.80489748 -270.09458653]
 [ 402.62212902 -270.20473258]
 [ 402.88565611 -270.03387343]
 [ 402.59925869 -270.20505555]
 [ 402.62796325 -270.18164324]
 [ 402.52338786 -270.2436903 ]
 [ 402.54692803 -270.20327644]
 [ 402.82095006 -270.0208038 ]]","[-559.76024943 -559.25767724 -559.16095911 -559.04363136 -558.58421409
 -558.42709251 -558.37940865 -558.14744541 -558.01666776 -557.89494622
 -557.86817736 -557.79052573 -557.76603319 -557.71003567 -557.70584581
 -557.61099125 -557.57899179 -557.53660682 -557.36682526 -557.33382773]","[[0.01113451 0.00511428]
 [0.04018108 0.02354161]
 [0.22330084 0.17229061]
 [0.04018108 0.02354161]
 [0.01113451 0.00511428]
 [0.0208167  0.01125673]
 [0.01113451 0.00511428]
 [0.03049889 0.01739917]
 [0.01113451 0.00511428]
 [0.01113451 0.00511428]
 [0.04986327 0.02968405]
 [0.03049889 0.01739917]
 [0.01113451 0.00511428]
 [0.04986327 0.02968405]
 [0.0208167  0.01125673]
 [0.0208167  0.01125673]
 [0.03049889 0.01739917]
 [0.03049889 0.01739917]
 [0.0208167  0.01125673]
 [0.01113451 0.00511428]]"
4,5,"[[ 403.05412102 -270.23705988]
 [ 403.04293196 -270.23651568]
 [ 403.05333264 -270.22876224]
 [ 403.04535367 -270.20927463]
 [ 402.95319324 -270.23851176]
 [ 402.9481859  -270.23953585]
 [ 402.95920987 -270.23038318]
 [ 402.94940739 -270.22927287]
 [ 402.94394575 -270.2293495 ]
 [ 402.95315482 -270.21876773]
 [ 402.98036102 -270.20016293]
 [ 402.95531095 -270.20818958]
 [ 402.95792333 -270.20581614]
 [ 402.90087714 -270.23806867]
 [ 402.95773148 -270.19987209]
 [ 402.95095374 -270.20254002]
 [ 402.95107942 -270.20196253]
 [ 402.90414274 -270.23066076]
 [ 402.93794947 -270.20883466]
 [ 402.87711606 -270.24708109]]","[-559.81998573 -559.76785035 -559.76024943 -559.59338994 -559.39187715
 -559.37704007 -559.36287431 -559.31269291 -559.28944383 -559.25767724
 -559.24961196 -559.1952259  -559.1904704  -559.16095911 -559.14926423
 -559.13789972 -559.13452423 -559.1249201  -559.12404863 -559.11840937]","[[0.00248635 0.00088114]
 [0.00572941 0.00246857]
 [0.01113451 0.00511428]
 [0.00681043 0.00299771]
 [0.00248635 0.00088114]
 [0.00681043 0.00299771]
 [0.00897247 0.004056  ]
 [0.00789145 0.00352686]
 [0.00356737 0.00141029]
 [0.04018108 0.02354161]
 [0.02617481 0.0152826 ]
 [0.01005349 0.00458514]
 [0.00572941 0.00246857]
 [0.22330084 0.17229061]
 [0.00681043 0.00299771]
 [0.00356737 0.00141029]
 [0.00464839 0.00193943]
 [0.00356737 0.00141029]
 [0.00572941 0.00246857]
 [0.00789145 0.00352686]]"
5,6,"[[ 403.05281794 -270.24034922]
 [ 403.05350867 -270.23953385]
 [ 403.05348959 -270.23942459]
 [ 403.05343309 -270.23896367]
 [ 403.05416536 -270.23826416]
 [ 403.05412102 -270.23705988]
 [ 403.05186484 -270.23847841]
 [ 403.04902147 -270.23817469]
 [ 403.0416926  -270.24211588]
 [ 403.04422578 -270.23964954]
 [ 403.05719146 -270.22767877]
 [ 403.04293196 -270.23651568]
 [ 403.05474548 -270.22896427]
 [ 403.01109951 -270.2557756 ]
 [ 403.05333264 -270.22876224]
 [ 403.04251817 -270.23094171]
 [ 402.99845601 -270.25824537]
 [ 403.04549679 -270.22114026]
 [ 402.98170134 -270.25942877]
 [ 403.05350816 -270.20785595]]","[-559.83667105 -559.83412679 -559.83330269 -559.82992979 -559.82835151
 -559.81998573 -559.81984817 -559.80547788 -559.80049209 -559.79472359
 -559.76959474 -559.76785035 -559.7677359  -559.76058465 -559.76024943
 -559.72822312 -559.72247969 -559.67458093 -559.65775321 -559.61905769]","[[0.00188286 0.00065323]
 [0.0006759  0.0001974 ]
 [0.00103799 0.00033415]
 [0.00127938 0.00042531]
 [0.00140008 0.00047089]
 [0.00248635 0.00088114]
 [0.00512593 0.00224066]
 [0.00512593 0.00224066]
 [0.00512593 0.00224066]
 [0.0006759  0.0001974 ]
 [0.00320003 0.00139243]
 [0.00572941 0.00246857]
 [0.00152077 0.00051648]
 [0.02569202 0.01510027]
 [0.01113451 0.00511428]
 [0.00127938 0.00042531]
 [0.02785406 0.01615855]
 [0.00512593 0.00224066]
 [0.02557132 0.01505468]
 [0.00164147 0.00056206]]"
6,7,"[[ 403.05634952 -270.25959704]
 [ 403.0548096  -270.2597331 ]
 [ 403.05697584 -270.25816547]
 [ 403.05266884 -270.2607285 ]
 [ 403.05418735 -270.25945356]
 [ 403.05464898 -270.25853266]
 [ 403.05315525 -270.25930418]
 [ 403.05211426 -270.25951287]
 [ 403.05362423 -270.25829484]
 [ 403.05329827 -270.25830644]
 [ 403.05129957 -270.25941258]
 [ 403.05620931 -270.25614042]
 [ 403.04908588 -270.25963626]
 [ 403.04782139 -270.2589615 ]
 [ 403.05207679 -270.2548032 ]
 [ 403.04694357 -270.25801242]
 [ 403.04317613 -270.25823708]
 [ 403.04410145 -270.25582408]
 [ 403.03820157 -270.25936604]
 [ 403.04101122 -270.2558378 ]]","[-559.98256545 -559.97682407 -559.97556344 -559.9743115  -559.97223443
 -559.96798461 -559.96675383 -559.96366376 -559.96193581 -559.96060368
 -559.95945683 -559.95850683 -559.95139127 -559.94133893 -559.9315477
 -559.93109922 -559.91630982 -559.90394533 -559.90242385 -559.8906555 ]","[[3.25276122e-03 1.42862197e-03]
 [9.17292224e-04 2.88562142e-04]
 [3.26114363e-04 8.50575189e-05]
 [1.81548439e-03 6.33593483e-04]
 [6.88203558e-04 2.21806974e-04]
 [7.55582577e-04 2.41440847e-04]
 [2.72211147e-04 6.93504207e-05]
 [2.85686951e-04 7.32771952e-05]
 [3.53065970e-04 9.29110680e-05]
 [7.82534185e-04 2.49294396e-04]
 [2.31783736e-04 5.75700970e-05]
 [3.13265066e-03 1.37279664e-03]
 [4.47396597e-04 1.20398490e-04]
 [3.42736084e-03 1.48991222e-03]
 [3.01136843e-03 1.33745566e-03]
 [3.25276122e-03 1.42862197e-03]
 [7.82534185e-04 2.49294396e-04]
 [5.00128140e-04 1.56589950e-04]
 [3.44083664e-03 1.49383899e-03]
 [7.82534185e-04 2.49294396e-04]]"
7,8,"[[ 403.05715075 -270.25982715]
 [ 403.05692135 -270.25977498]
 [ 403.0566653  -270.25957091]
 [ 403.05675846 -270.25941344]
 [ 403.05634952 -270.25959704]
 [ 403.0562935  -270.25962519]
 [ 403.05621801 -270.25952846]
 [ 403.05597867 -270.25938562]
 [ 403.05633599 -270.25896193]
 [ 403.05777305 -270.25792045]
 [ 403.05457092 -270.25990432]
 [ 403.0548096  -270.2597331 ]
 [ 403.05709374 -270.25820172]
 [ 403.05436513 -270.25985515]
 [ 403.05698974 -270.25816686]
 [ 403.05697584 -270.25816547]
 [ 403.05483315 -270.25945455]
 [ 403.05283606 -270.26069373]
 [ 403.05617186 -270.25854121]
 [ 403.05663436 -270.25821169]]","[-559.98759401 -559.98624733 -559.98375477 -559.98308953 -559.98256545
 -559.98251406 -559.98153102 -559.97952623 -559.97819802 -559.9773509
 -559.97695266 -559.97682407 -559.97631962 -559.97572843 -559.97563303
 -559.97556344 -559.9750362  -559.97479941 -559.97463336 -559.97439925]","[[3.99582970e-04 1.30396382e-04]
 [4.86586928e-04 1.53545491e-04]
 [3.81658838e-04 1.24572472e-04]
 [1.41836029e-04 3.28621263e-05]
 [3.25276122e-03 1.42862197e-03]
 [1.14753603e-04 2.67732088e-05]
 [1.34313133e-04 3.11707603e-05]
 [1.40200632e-04 3.42884847e-05]
 [4.40010382e-04 1.42176706e-04]
 [7.68341727e-04 2.57374434e-04]
 [4.71541136e-04 1.50162759e-04]
 [9.17292224e-04 2.88562142e-04]
 [1.58255582e-04 3.83477631e-05]
 [3.95069233e-04 1.29381563e-04]
 [1.14753603e-04 2.67732088e-05]
 [3.26114363e-04 8.50575189e-05]
 [6.22895582e-05 1.22866996e-05]
 [4.50542436e-04 1.44544618e-04]
 [1.89786336e-04 4.63338160e-05]
 [3.62099308e-04 1.20174921e-04]]"
8,9,"[[ 403.05778251 -270.26069463]
 [ 403.05717413 -270.26069341]
 [ 403.05703682 -270.26068838]
 [ 403.05695436 -270.26070158]
 [ 403.05773037 -270.25988108]
 [ 403.05636005 -270.26069915]
 [ 403.05767897 -270.2596395 ]
 [ 403.05720509 -270.25992037]
 [ 403.05720949 -270.25987927]
 [ 403.05789902 -270.25943121]
 [ 403.05710732 -270.25986348]
 [ 403.05711911 -270.25985506]
 [ 403.05715075 -270.25982715]
 [ 403.05766412 -270.2594488 ]
 [ 403.05725401 -270.259667  ]
 [ 403.05695464 -270.25981885]
 [ 403.05690924 -270.25984046]
 [ 403.05692135 -270.25977498]
 [ 403.05671425 -270.25982177]
 [ 403.05717642 -270.25951665]]","[-559.99621312 -559.99357214 -559.9929438  -559.99267654 -559.99046814
 -559.99008809 -559.98860669 -559.98846156 -559.98820179 -559.98814582
 -559.98765255 -559.98764644 -559.98759401 -559.9872487  -559.98695429
 -559.98668903 -559.98663915 -559.98624733 -559.98566853 -559.98559854]","[[2.56245765e-05 4.61277252e-06]
 [9.07317938e-05 2.28043457e-05]
 [1.03454981e-04 2.54750791e-05]
 [6.59567129e-05 1.54056324e-05]
 [1.29895325e-04 3.33172136e-05]
 [3.35053550e-05 6.13439770e-06]
 [7.28216125e-05 1.46546120e-05]
 [9.47561765e-05 2.35797286e-05]
 [8.55381511e-05 1.95751618e-05]
 [5.69219349e-05 1.34520006e-05]
 [8.90585731e-05 2.02631228e-05]
 [1.97669437e-05 3.36482776e-06]
 [3.99582970e-04 1.30396382e-04]
 [9.85979665e-05 2.44779856e-05]
 [3.79008216e-04 1.25899994e-04]
 [8.72259777e-05 2.19643700e-05]
 [6.16182652e-05 1.43439461e-05]
 [4.86586928e-04 1.53545491e-04]
 [3.04815908e-05 5.60986604e-06]
 [9.69400062e-05 2.39585570e-05]]"
9,10,"[[ 403.05791945 -270.26067601]
 [ 403.05778251 -270.26069463]
 [ 403.05777937 -270.26068789]
 [ 403.05775795 -270.26070091]
 [ 403.05768213 -270.26070183]
 [ 403.05770465 -270.26068443]
 [ 403.05768196 -270.26069567]
 [ 403.05764396 -270.26070192]
 [ 403.05755723 -270.26069689]
 [ 403.05727525 -270.26071068]
 [ 403.05725478 -270.2606952 ]
 [ 403.05724944 -270.26068769]
 [ 403.05722314 -270.26069727]
 [ 403.05721681 -270.26069464]
 [ 403.05719401 -270.26069115]
 [ 403.05716505 -270.26070415]
 [ 403.05717413 -270.26069341]
 [ 403.05713567 -270.26070728]
 [ 403.05714149 -270.26070268]
 [ 403.05711461 -270.26070143]]","[-559.99667936 -559.99621312 -559.99615381 -559.99614947 -559.99582756
 -559.99580701 -559.99578508 -559.99566304 -559.99525356 -559.9941269
 -559.9939333  -559.99385922 -559.99381045 -559.99376516 -559.99364282
 -559.99360571 -559.99357214 -559.99349979 -559.99349379 -559.99336894]","[[5.24466704e-05 1.28101809e-05]
 [2.56245765e-05 4.61277252e-06]
 [6.26427726e-06 8.80632326e-07]
 [2.15880717e-05 4.13994649e-06]
 [1.62987853e-05 2.90439961e-06]
 [6.16917307e-05 1.45543462e-05]
 [1.42266751e-05 2.54718085e-06]
 [2.40532385e-05 4.55642986e-06]
 [6.88305038e-05 1.60973448e-05]
 [5.41639780e-05 1.29193445e-05]
 [9.57108245e-06 1.61698703e-06]
 [9.74070010e-06 1.63303232e-06]
 [1.96813561e-05 3.45698451e-06]
 [5.80685229e-05 1.37556728e-05]
 [2.21303594e-05 4.22584141e-06]
 [1.78882099e-05 3.34432718e-06]
 [9.07317938e-05 2.28043457e-05]
 [2.01299378e-05 3.71759123e-06]
 [5.27441711e-05 1.24954623e-05]
 [1.44117871e-05 2.59192718e-06]]"
