,population,parents,parents_energy,parents_sigma
0,1,"[[-350.22618122  175.17667167 -309.06041006 -181.18847354  453.33119956
   411.76018073]
 [ 458.15966533  223.31974369  213.45284717   57.22654444  136.33905344
    63.97662594]
 [-496.59653843  448.46155586  110.69587292  -63.20430067  282.1438035
   404.81911593]
 [ -54.96882019  182.21251401  451.90938687 -115.79634076  158.5661174
   490.52925012]
 [ 245.95065446  304.33178987  396.29781956 -295.11560515  338.83497921
   196.58979855]
 [ 143.76154417  428.23040916 -172.1740792   407.44996462  352.18497042
  -384.55421281]
 [ 110.74978962 -165.66959205 -219.9328565  -154.69197885 -297.03448546
   376.88576967]
 [ -94.97737727  250.20477961  103.70158754 -315.25869235  140.23468098
    33.14505799]
 [-371.50746777  206.90924105  492.27303406  166.7376197  -450.92147816
   438.41123626]
 [ 310.16691176  454.47694657  240.69633589 -359.76166135 -249.30455113
   480.84300294]
 [-273.25536714 -199.25264832  347.3741937  -112.33665183 -148.31528607
   -77.29793909]
 [ 498.66576379  451.17484492 -478.36486614 -432.73912039  -84.0256017
   401.78808462]
 [  54.78424033    6.75041759   10.73970659  204.09701879 -176.28043659
  -462.67631872]
 [-225.77871     298.87646882  -59.21494993  356.12671752  390.67078516
   483.79365837]
 [-341.19213501 -426.94022571  415.84856992 -221.34817803  -37.64092159
  -393.33228093]
 [ 121.37796381  150.34309116 -190.00800748   43.59906536 -481.01622757
  -482.44426999]
 [ 299.16015598 -164.3762988  -476.73200868 -113.90360854 -265.9658981
  -386.22012621]
 [-356.38241838  105.00006873  -23.0351827    96.38571475 -465.75637514
   335.79179381]
 [ -17.11623981 -452.24817482 -257.61608205 -382.08372195  -94.73646844
   338.02124162]
 [-226.52182669 -410.50475167  295.69750048 -125.70275122  482.8001368
    27.51113245]]","[-1009.98301224  -610.32118081  -444.96992828  -439.10172825
  -395.2651847   -345.24366313  -200.50136787  -101.71296673
   -79.63712226   -44.59566476   -42.08845212   -35.17105605
    76.01334186   184.08946448   357.96752177   372.27894342
   434.57267801   454.88108721   566.99605398   730.40602153]","[[1. 1. 1. 1. 1. 1.]
 [1. 1. 1. 1. 1. 1.]
 [1. 1. 1. 1. 1. 1.]
 [1. 1. 1. 1. 1. 1.]
 [1. 1. 1. 1. 1. 1.]
 [1. 1. 1. 1. 1. 1.]
 [1. 1. 1. 1. 1. 1.]
 [1. 1. 1. 1. 1. 1.]
 [1. 1. 1. 1. 1. 1.]
 [1. 1. 1. 1. 1. 1.]
 [1. 1. 1. 1. 1. 1.]
 [1. 1. 1. 1. 1. 1.]
 [1. 1. 1. 1. 1. 1.]
 [1. 1. 1. 1. 1. 1.]
 [1. 1. 1. 1. 1. 1.]
 [1. 1. 1. 1. 1. 1.]
 [1. 1. 1. 1. 1. 1.]
 [1. 1. 1. 1. 1. 1.]
 [1. 1. 1. 1. 1. 1.]
 [1. 1. 1. 1. 1. 1.]]"
1,2,"[[ -93.22893139  151.70383823  415.73006938  203.07436186 -299.82622968
   400.73823576]
 [ -16.95912064  452.59764875  452.15959326  169.45805964 -268.53469769
   405.58431874]
 [-350.02458369  178.86037385  397.03482104  409.492587   -177.24744625
   412.0385394 ]
 [ 457.86703794  184.19565514  -23.64167825   57.80325475  453.47305195
   406.13505949]
 [ 458.92541398  149.38369847 -309.33670342 -315.37600351 -247.09370582
   402.7887817 ]
 [-273.14803605  250.02351179 -259.45306887  405.98618379  482.75910921
   403.86311938]
 [ -55.77182794  452.54534314  -58.51869148   55.82834929 -298.40767904
   405.64931038]
 [  55.63643377  176.48701419  214.50732208  169.43741711  390.50593969
   375.55865027]
 [-351.74929384  219.67777864  104.13827863  409.28199369 -298.59207591
    64.89559543]
 [-342.37195222  423.71087537  103.60759574 -295.06908962 -265.22780761
   -77.58211799]
 [-226.15128644  181.64859401  451.02353218 -116.28440575  392.09709549
    65.26747802]
 [ 245.24948319 -199.37430868  415.35442091 -180.19870733  391.43266492
   439.75561525]
 [ 246.3148526   452.84314284  -22.98983135  406.14593496  163.35004536
  -484.25610777]
 [ 310.10878439  435.061422   -308.66336633 -222.50606928 -297.72877549
   196.6344932 ]
 [ 458.50857378  207.10968814  452.95229593   98.94370244 -150.62193021
  -482.28034736]
 [-351.53603304  151.07079955   12.83872395 -313.17014397  482.26053436
   411.69204875]
 [ 497.4866264   448.77628148  492.32010643 -152.38851053 -267.39948177
   413.42666365]
 [-341.48550031  454.03370778  103.60671443 -153.34232477 -296.33277168
   482.33106052]
 [-355.02997014 -160.37909014  103.79219453   59.05836819  450.40046657
   402.13475349]
 [  54.65126089  427.82608782  492.43336452 -360.14397093  139.5028696
   440.33579881]]","[-1269.58907666 -1244.15930176 -1218.84898477 -1173.42246363
 -1152.15314635 -1057.84643663  -928.86105995  -927.10508328
  -894.30272549  -856.86717055  -808.55878593  -780.93715631
  -755.37681054  -731.26747645  -725.44840754  -697.88303405
  -680.31873512  -676.9136653   -661.83738589  -594.92007752]","[[0.85054794 3.31962467 0.7027697  1.52681306 1.46494837 1.23018995]
 [0.85054794 3.31962467 0.7027697  1.52681306 1.46494837 1.23018995]
 [0.85054794 3.31962467 0.7027697  1.52681306 1.46494837 1.23018995]
 [0.85054794 3.31962467 0.7027697  1.52681306 1.46494837 1.23018995]
 [0.85054794 3.31962467 0.7027697  1.52681306 1.46494837 1.23018995]
 [0.85054794 3.31962467 0.7027697  1.52681306 1.46494837 1.23018995]
 [0.85054794 3.31962467 0.7027697  1.52681306 1.46494837 1.23018995]
 [0.85054794 3.31962467 0.7027697  1.52681306 1.46494837 1.23018995]
 [0.85054794 3.31962467 0.7027697  1.52681306 1.46494837 1.23018995]
 [0.85054794 3.31962467 0.7027697  1.52681306 1.46494837 1.23018995]
 [0.85054794 3.31962467 0.7027697  1.52681306 1.46494837 1.23018995]
 [0.85054794 3.31962467 0.7027697  1.52681306 1.46494837 1.23018995]
 [0.85054794 3.31962467 0.7027697  1.52681306 1.46494837 1.23018995]
 [0.85054794 3.31962467 0.7027697  1.52681306 1.46494837 1.23018995]
 [0.85054794 3.31962467 0.7027697  1.52681306 1.46494837 1.23018995]
 [0.85054794 3.31962467 0.7027697  1.52681306 1.46494837 1.23018995]
 [0.85054794 3.31962467 0.7027697  1.52681306 1.46494837 1.23018995]
 [0.85054794 3.31962467 0.7027697  1.52681306 1.46494837 1.23018995]
 [0.85054794 3.31962467 0.7027697  1.52681306 1.46494837 1.23018995]
 [0.85054794 3.31962467 0.7027697  1.52681306 1.46494837 1.23018995]]"
2,3,"[[-353.11773395  440.11792469  452.13674336  412.31006601 -269.11689199
   412.0133061 ]
 [ 457.39322886  438.40191896 -308.52956686 -313.93722868  482.10915503
   438.91704697]
 [ 459.371465    453.15403472  452.72713836  170.7502748  -297.66621821
   440.64345302]
 [-340.21419582  413.72069987 -308.83264488 -295.08166259  160.70260449
   407.51369332]
 [-341.57105548  437.04451903  104.17568799  409.31937625 -298.58272045
   413.74462311]
 [-351.62975304  426.1306137   214.99029473  409.07041968 -148.50582067
   408.5810983 ]
 [-342.79051392  427.84765652  104.00527511 -315.24408653  390.21502809
   415.75952097]
 [-355.77466832  211.74386412  214.9604635   403.41860468 -300.42046754
   401.30888431]
 [-352.56278697  198.90931721 -259.47429691  404.5652511   395.26316585
   440.06639657]
 [-356.42271362  442.75574174 -308.75509359  401.14094535  483.20981971
   404.49871408]
 [ -94.20818531  433.98529954  451.28025831 -310.91331197  482.47608595
   442.78998843]
 [ 459.45554061  168.69544459   12.70859617  407.82779992  452.51738841
   401.99314825]
 [-349.96021021  429.43759603  491.65926705 -312.06052474 -303.28890641
   412.99485441]
 [ -92.36452956  148.73724013  414.95212167 -310.89432866 -296.08873146
   404.34812553]
 [  53.78144051 -156.94749514 -309.52732206 -315.13140848  448.65386522
   403.96310185]
 [ -93.78733127 -156.16980922  215.24272512  409.72231584 -298.17535138
   410.86365313]
 [ 497.81229915  175.62624593  397.22324244 -297.81096653  391.86328541
   406.43532746]
 [ 457.80506075  212.46178463  214.10014855 -355.8282633  -301.92345226
   401.77572197]
 [ 459.36151275  257.37737825  -21.95686415  412.30906674 -299.85194707
   412.5476119 ]
 [ 457.96000788 -166.85271739  453.33241531 -317.50298502  395.25824188
   376.38741655]]","[-1685.68923838 -1616.11953324 -1583.1720971  -1549.60502495
 -1549.10855483 -1492.21958874 -1455.45638235 -1427.98796425
 -1423.93472014 -1405.64185248 -1394.60365946 -1376.58479086
 -1370.99717589 -1349.47957362 -1335.66522254 -1327.77596729
 -1313.23288247 -1306.51831595 -1300.04501666 -1298.3990879 ]","[[ 0.7234318  11.01990795  0.49388525  2.33115811  2.14607371  1.51336731]
 [ 0.7234318  11.01990795  0.49388525  2.33115811  2.14607371  1.51336731]
 [ 0.7234318  11.01990795  0.49388525  2.33115811  2.14607371  1.51336731]
 [ 0.7234318  11.01990795  0.49388525  2.33115811  2.14607371  1.51336731]
 [ 0.7234318  11.01990795  0.49388525  2.33115811  2.14607371  1.51336731]
 [ 0.7234318  11.01990795  0.49388525  2.33115811  2.14607371  1.51336731]
 [ 0.7234318  11.01990795  0.49388525  2.33115811  2.14607371  1.51336731]
 [ 0.7234318  11.01990795  0.49388525  2.33115811  2.14607371  1.51336731]
 [ 0.7234318  11.01990795  0.49388525  2.33115811  2.14607371  1.51336731]
 [ 0.7234318  11.01990795  0.49388525  2.33115811  2.14607371  1.51336731]
 [ 0.7234318  11.01990795  0.49388525  2.33115811  2.14607371  1.51336731]
 [ 0.7234318  11.01990795  0.49388525  2.33115811  2.14607371  1.51336731]
 [ 0.7234318  11.01990795  0.49388525  2.33115811  2.14607371  1.51336731]
 [ 0.7234318  11.01990795  0.49388525  2.33115811  2.14607371  1.51336731]
 [ 0.7234318  11.01990795  0.49388525  2.33115811  2.14607371  1.51336731]
 [ 0.7234318  11.01990795  0.49388525  2.33115811  2.14607371  1.51336731]
 [ 0.7234318  11.01990795  0.49388525  2.33115811  2.14607371  1.51336731]
 [ 0.7234318  11.01990795  0.49388525  2.33115811  2.14607371  1.51336731]
 [ 0.7234318  11.01990795  0.49388525  2.33115811  2.14607371  1.51336731]
 [ 0.7234318  11.01990795  0.49388525  2.33115811  2.14607371  1.51336731]]"
3,4,"[[ 459.7699509   407.28471124 -309.34263001  399.29685018  395.1830021
   417.16875525]
 [ 457.58309039  409.30322207 -309.46134733 -301.57354629 -300.35801396
   416.0439477 ]
 [ 458.60202984  427.46980437  214.62210476  403.95100292 -304.24194133
   440.60895646]
 [ 458.94399442  437.08110952  215.07608226  414.26268096 -297.92893183
   441.64550162]
 [-353.481418    402.19052255  415.34153311  406.69918586 -301.49977037
   437.87132796]
 [ 459.63503915  403.62908556  214.68035493  412.29213824 -297.70198106
   399.26225303]
 [-340.80358515  435.45602164  451.40221277  400.85187023 -295.00290591
   439.74184573]
 [-353.83474636  419.60454319  397.25797961  401.79472151  451.92075406
   407.31351448]
 [ 459.81859059  176.15524417  397.28516818  418.31338314 -305.24221754
   404.06961162]
 [ 459.13156883  446.07912598  213.60522002 -304.01582995  442.72724701
   400.20578932]
 [ 457.46797823  420.29894431 -308.86731779  177.0471427  -298.53827482
   413.06849348]
 [ 457.4259733   186.04562358  415.53462983 -314.36530567 -299.99840553
   439.93512856]
 [ -93.76509598  421.55216182  453.06437597  396.74709043 -301.6440424
   412.32036287]
 [-354.12075152  211.54807499  415.48560481  414.6540866   447.20726227
   437.02893975]
 [ -93.89932538  398.27627893  397.69596198 -311.19741206  390.50697754
   415.58549402]
 [ 459.43352444  215.83609454 -309.17909113 -303.4389555   452.11325014
   415.52515126]
 [ 458.34448717  392.96073193  451.20904039  404.50518279  164.30371975
   410.79165881]
 [ 457.83319304  447.30621205  -22.46509786  408.80682147  453.63441477
   409.07057597]
 [-341.93036663  449.13561597 -259.06545645  412.62625112  397.47404153
   409.18590606]
 [ 457.13905218  202.40153865  213.51802502  401.54619743 -297.71156737
   438.90408021]]","[-2047.74217777 -1971.12284062 -1904.76235869 -1896.11128665
 -1885.03845696 -1878.37328888 -1865.55316075 -1855.14297623
 -1806.00286045 -1802.7294969  -1802.69251785 -1795.08759479
 -1794.68215188 -1755.3538792  -1749.07632074 -1737.83043087
 -1716.78598187 -1703.76721896 -1703.26873822 -1702.49215821]","[[ 0.61531343 36.5819583   0.34708759  3.55924264  3.14388718  1.86172926]
 [ 0.61531343 36.5819583   0.34708759  3.55924264  3.14388718  1.86172926]
 [ 0.61531343 36.5819583   0.34708759  3.55924264  3.14388718  1.86172926]
 [ 0.61531343 36.5819583   0.34708759  3.55924264  3.14388718  1.86172926]
 [ 0.61531343 36.5819583   0.34708759  3.55924264  3.14388718  1.86172926]
 [ 0.61531343 36.5819583   0.34708759  3.55924264  3.14388718  1.86172926]
 [ 0.61531343 36.5819583   0.34708759  3.55924264  3.14388718  1.86172926]
 [ 0.61531343 36.5819583   0.34708759  3.55924264  3.14388718  1.86172926]
 [ 0.61531343 36.5819583   0.34708759  3.55924264  3.14388718  1.86172926]
 [ 0.61531343 36.5819583   0.34708759  3.55924264  3.14388718  1.86172926]
 [ 0.61531343 36.5819583   0.34708759  3.55924264  3.14388718  1.86172926]
 [ 0.61531343 36.5819583   0.34708759  3.55924264  3.14388718  1.86172926]
 [ 0.61531343 36.5819583   0.34708759  3.55924264  3.14388718  1.86172926]
 [ 0.61531343 36.5819583   0.34708759  3.55924264  3.14388718  1.86172926]
 [ 0.61531343 36.5819583   0.34708759  3.55924264  3.14388718  1.86172926]
 [ 0.61531343 36.5819583   0.34708759  3.55924264  3.14388718  1.86172926]
 [ 0.61531343 36.5819583   0.34708759  3.55924264  3.14388718  1.86172926]
 [ 0.61531343 36.5819583   0.34708759  3.55924264  3.14388718  1.86172926]
 [ 0.61531343 36.5819583   0.34708759  3.55924264  3.14388718  1.86172926]
 [ 0.61531343 36.5819583   0.34708759  3.55924264  3.14388718  1.86172926]]"
4,5,"[[ 457.13905218  435.45602164  397.69596198  418.31338314  453.63441477
   415.52515126]
 [ 457.46797823  447.30621205  415.34153311  412.29213824  395.1830021
   400.20578932]
 [ 459.13156883  435.45602164  415.53462983  406.69918586 -301.49977037
   439.93512856]
 [ 459.45285266  407.74439451  415.06450724  397.59181673 -290.89913975
   442.0172329 ]
 [ 459.66318942  451.94631513  415.20448796  421.00643671  384.11424776
   415.79700208]
 [ 457.46797823  402.19052255 -308.86731779  414.6540866  -301.6440424
   407.31351448]
 [ 457.13905218  419.60454319 -308.86731779  396.74709043  390.50697754
   409.07057597]
 [ 457.58309039  447.30621205  453.06437597  412.29213824  390.50697754
   415.52515126]
 [ 459.43352444  420.29894431  214.62210476  418.31338314 -304.24194133
   416.0439477 ]
 [ 459.63503915  427.46980437  397.25797961 -303.4389555  -295.00290591
   439.74184573]
 [ 459.81859059  427.46980437 -309.46134733 -311.19741206  390.50697754
   415.52515126]
 [ 458.34448717  419.60454319  214.62210476  403.95100292  452.11325014
   415.58549402]
 [-353.47045596  432.86497322  415.15425214  412.34046387 -296.40000708
   411.15236548]
 [ 459.72750752  443.50166049  397.25156901 -303.29241849 -297.4261176
   408.29983706]
 [ 458.60202984  409.30322207  213.60522002  404.50518279  452.11325014
   415.58549402]
 [ 458.84026534  466.99594997  415.30698337  400.72507475  439.38169035
   444.29005765]
 [ 458.56311278  446.93576209  214.3528387   402.21471161  442.78579199
   417.82926371]
 [ 457.49463988  375.40845052  415.62911856  414.19432253 -300.64784834
   444.47597322]
 [ 459.81859059  421.55216182  213.51802502  414.6540866   453.63441477
   441.64550162]
 [ 460.1127659   459.27199894  396.67225798  405.89806946 -291.56439462
   411.30543473]]","[-2130.7133577  -2122.31981493 -2121.43042094 -2054.5236505
 -2053.93974875 -2040.57129109 -2034.07102427 -2019.30657274
 -1982.91536526 -1974.23311593 -1962.55770934 -1957.21965497
 -1945.53225346 -1943.60401458 -1943.20600365 -1933.39836644
 -1927.05193933 -1926.77446283 -1917.60844278 -1912.14707774]","[[  0.52335357 121.43837124   0.24392265   5.43429814   4.60563239
    2.29028062]
 [  0.52335357 121.43837124   0.24392265   5.43429814   4.60563239
    2.29028062]
 [  0.52335357 121.43837124   0.24392265   5.43429814   4.60563239
    2.29028062]
 [  0.52335357 121.43837124   0.24392265   5.43429814   4.60563239
    2.29028062]
 [  0.52335357 121.43837124   0.24392265   5.43429814   4.60563239
    2.29028062]
 [  0.52335357 121.43837124   0.24392265   5.43429814   4.60563239
    2.29028062]
 [  0.52335357 121.43837124   0.24392265   5.43429814   4.60563239
    2.29028062]
 [  0.52335357 121.43837124   0.24392265   5.43429814   4.60563239
    2.29028062]
 [  0.52335357 121.43837124   0.24392265   5.43429814   4.60563239
    2.29028062]
 [  0.52335357 121.43837124   0.24392265   5.43429814   4.60563239
    2.29028062]
 [  0.52335357 121.43837124   0.24392265   5.43429814   4.60563239
    2.29028062]
 [  0.52335357 121.43837124   0.24392265   5.43429814   4.60563239
    2.29028062]
 [  0.52335357 121.43837124   0.24392265   5.43429814   4.60563239
    2.29028062]
 [  0.52335357 121.43837124   0.24392265   5.43429814   4.60563239
    2.29028062]
 [  0.52335357 121.43837124   0.24392265   5.43429814   4.60563239
    2.29028062]
 [  0.52335357 121.43837124   0.24392265   5.43429814   4.60563239
    2.29028062]
 [  0.52335357 121.43837124   0.24392265   5.43429814   4.60563239
    2.29028062]
 [  0.52335357 121.43837124   0.24392265   5.43429814   4.60563239
    2.29028062]
 [  0.52335357 121.43837124   0.24392265   5.43429814   4.60563239
    2.29028062]
 [  0.52335357 121.43837124   0.24392265   5.43429814   4.60563239
    2.29028062]]"
5,6,"[[ 457.13905218  419.60454319  397.25797961  414.19432253  439.38169035
   408.29983706]
 [ 459.41884468  415.77846557  415.45604941  396.26063451  437.19433146
   414.29936653]
 [ 458.34448717  446.93576209  415.20448796  412.29213824  439.38169035
   411.30543473]
 [ 458.60202984  435.45602164  415.53462983  414.6540866   390.50697754
   415.79700208]
 [ 458.34448717  419.60454319  415.15425214  404.50518279  395.1830021
   439.74184573]
 [ 459.13156883  432.86497322  415.53462983  404.50518279  453.63441477
   416.0439477 ]
 [ 457.13905218  421.55216182  397.69596198  412.34046387 -296.40000708
   407.31351448]
 [ 457.58309039  419.60454319  415.15425214  405.89806946 -291.56439462
   441.64550162]
 [ 459.81859059  407.74439451  415.20448796  414.6540866   452.11325014
   442.0172329 ]
 [ 459.43352444  419.60454319  396.67225798  412.34046387  452.11325014
   411.15236548]
 [ 459.72750752  443.50166049  415.06450724  412.29213824  390.50697754
   407.31351448]
 [ 457.46797823  409.30322207  396.67225798  406.69918586 -297.4261176
   416.0439477 ]
 [ 457.46797823  420.29894431  415.34153311  397.59181673  453.63441477
   439.74184573]
 [ 459.43352444  407.74439451  415.06450724 -303.4389555   395.1830021
   415.52515126]
 [ 459.13156883  421.55216182  397.25156901  406.69918586 -304.24194133
   407.31351448]
 [ 459.13156883  420.29894431 -308.86731779  412.29213824  390.50697754
   415.58549402]
 [ 458.84026534  446.93576209  415.53462983  403.95100292  390.50697754
   409.07057597]
 [ 458.60163293  438.33263069  453.21845533  413.13622866  397.27871822
   406.59625473]
 [ 458.34448717  447.30621205  415.06450724  412.29213824  453.63441477
   439.74184573]
 [ 458.84026534  435.45602164  397.69596198  403.95100292 -295.00290591
   408.29983706]]","[-2220.28219873 -2218.09394708 -2196.14854068 -2196.05050872
 -2184.64719381 -2152.80767149 -2135.33681161 -2133.94747164
 -2130.20787787 -2126.40430929 -2124.87721645 -2115.6070579
 -2110.35515202 -2109.01744817 -2104.62333073 -2093.33413059
 -2092.21778718 -2079.27767715 -2074.28710741 -2069.21751297]","[[4.45137306e-01 4.03129813e+02 1.71421445e-01 8.29715735e+00
  6.74701364e+00 2.81748020e+00]
 [4.45137306e-01 4.03129813e+02 1.71421445e-01 8.29715735e+00
  6.74701364e+00 2.81748020e+00]
 [4.45137306e-01 4.03129813e+02 1.71421445e-01 8.29715735e+00
  6.74701364e+00 2.81748020e+00]
 [4.45137306e-01 4.03129813e+02 1.71421445e-01 8.29715735e+00
  6.74701364e+00 2.81748020e+00]
 [4.45137306e-01 4.03129813e+02 1.71421445e-01 8.29715735e+00
  6.74701364e+00 2.81748020e+00]
 [4.45137306e-01 4.03129813e+02 1.71421445e-01 8.29715735e+00
  6.74701364e+00 2.81748020e+00]
 [4.45137306e-01 4.03129813e+02 1.71421445e-01 8.29715735e+00
  6.74701364e+00 2.81748020e+00]
 [4.45137306e-01 4.03129813e+02 1.71421445e-01 8.29715735e+00
  6.74701364e+00 2.81748020e+00]
 [4.45137306e-01 4.03129813e+02 1.71421445e-01 8.29715735e+00
  6.74701364e+00 2.81748020e+00]
 [4.45137306e-01 4.03129813e+02 1.71421445e-01 8.29715735e+00
  6.74701364e+00 2.81748020e+00]
 [4.45137306e-01 4.03129813e+02 1.71421445e-01 8.29715735e+00
  6.74701364e+00 2.81748020e+00]
 [4.45137306e-01 4.03129813e+02 1.71421445e-01 8.29715735e+00
  6.74701364e+00 2.81748020e+00]
 [4.45137306e-01 4.03129813e+02 1.71421445e-01 8.29715735e+00
  6.74701364e+00 2.81748020e+00]
 [4.45137306e-01 4.03129813e+02 1.71421445e-01 8.29715735e+00
  6.74701364e+00 2.81748020e+00]
 [4.45137306e-01 4.03129813e+02 1.71421445e-01 8.29715735e+00
  6.74701364e+00 2.81748020e+00]
 [4.45137306e-01 4.03129813e+02 1.71421445e-01 8.29715735e+00
  6.74701364e+00 2.81748020e+00]
 [4.45137306e-01 4.03129813e+02 1.71421445e-01 8.29715735e+00
  6.74701364e+00 2.81748020e+00]
 [4.45137306e-01 4.03129813e+02 1.71421445e-01 8.29715735e+00
  6.74701364e+00 2.81748020e+00]
 [4.45137306e-01 4.03129813e+02 1.71421445e-01 8.29715735e+00
  6.74701364e+00 2.81748020e+00]
 [4.45137306e-01 4.03129813e+02 1.71421445e-01 8.29715735e+00
  6.74701364e+00 2.81748020e+00]]"
6,7,"[[ 459.72750752  420.29894431  415.45604941  414.6540866   397.27871822
   415.52515126]
 [ 458.34448717  419.60454319  415.20448796  412.29213824  395.1830021
   416.0439477 ]
 [ 459.13156883  432.86497322  415.34153311  406.69918586  439.38169035
   411.30543473]
 [ 457.13905218  419.60454319  415.53462983  397.59181673  437.19433146
   407.31351448]
 [ 459.13156883  419.60454319  415.45604941  412.29213824  439.38169035
   442.0172329 ]
 [ 457.13905218  419.60454319  415.34153311  403.95100292  397.27871822
   408.29983706]
 [ 458.84026534  419.60454319  415.53462983  405.89806946  395.1830021
   416.0439477 ]
 [ 458.34448717  415.77846557  415.20448796  412.29213824  395.1830021
   407.31351448]
 [ 458.34448717  435.45602164  415.53462983  406.69918586  397.27871822
   416.0439477 ]
 [ 459.81859059  419.60454319  415.15425214  414.6540866   397.27871822
   439.74184573]
 [ 457.58309039  420.29894431  415.34153311  412.34046387  453.63441477
   416.0439477 ]
 [ 458.34448717  435.45602164  415.53462983  404.50518279  437.19433146
   439.74184573]
 [ 459.13156883  419.60454319  397.25797961  412.29213824  437.19433146
   407.31351448]
 [ 458.60202984  421.55216182  415.45604941  412.29213824 -296.40000708
   416.0439477 ]
 [ 459.13156883  409.30322207  415.45604941  414.6540866   397.27871822
   439.74184573]
 [ 458.60163293  419.60454319  415.15425214  412.29213824  453.63441477
   416.0439477 ]
 [ 458.60163293  419.60454319  415.15425214  413.13622866  395.1830021
   442.0172329 ]
 [ 458.34448717  421.55216182  396.67225798  406.69918586  437.19433146
   408.29983706]
 [ 458.34448717  407.74439451  415.06450724  414.6540866   452.11325014
   416.0439477 ]
 [ 459.81859059  419.60454319  415.06450724  412.29213824 -296.40000708
   415.79700208]]","[-2254.38250403 -2249.77155647 -2239.14058391 -2230.35629236
 -2229.28468919 -2228.77501111 -2227.32129325 -2226.48538382
 -2220.3506441  -2212.69959761 -2207.48305058 -2206.33317754
 -2206.14239223 -2205.25415205 -2202.27869695 -2198.42837415
 -2197.18928717 -2197.03348462 -2194.63557231 -2193.80738512]","[[3.78610620e-01 1.33823967e+03 1.20469798e-01 1.26682082e+01
  9.88402661e+00 3.46603582e+00]
 [3.78610620e-01 1.33823967e+03 1.20469798e-01 1.26682082e+01
  9.88402661e+00 3.46603582e+00]
 [3.78610620e-01 1.33823967e+03 1.20469798e-01 1.26682082e+01
  9.88402661e+00 3.46603582e+00]
 [3.78610620e-01 1.33823967e+03 1.20469798e-01 1.26682082e+01
  9.88402661e+00 3.46603582e+00]
 [3.78610620e-01 1.33823967e+03 1.20469798e-01 1.26682082e+01
  9.88402661e+00 3.46603582e+00]
 [3.78610620e-01 1.33823967e+03 1.20469798e-01 1.26682082e+01
  9.88402661e+00 3.46603582e+00]
 [3.78610620e-01 1.33823967e+03 1.20469798e-01 1.26682082e+01
  9.88402661e+00 3.46603582e+00]
 [3.78610620e-01 1.33823967e+03 1.20469798e-01 1.26682082e+01
  9.88402661e+00 3.46603582e+00]
 [3.78610620e-01 1.33823967e+03 1.20469798e-01 1.26682082e+01
  9.88402661e+00 3.46603582e+00]
 [3.78610620e-01 1.33823967e+03 1.20469798e-01 1.26682082e+01
  9.88402661e+00 3.46603582e+00]
 [3.78610620e-01 1.33823967e+03 1.20469798e-01 1.26682082e+01
  9.88402661e+00 3.46603582e+00]
 [3.78610620e-01 1.33823967e+03 1.20469798e-01 1.26682082e+01
  9.88402661e+00 3.46603582e+00]
 [3.78610620e-01 1.33823967e+03 1.20469798e-01 1.26682082e+01
  9.88402661e+00 3.46603582e+00]
 [3.78610620e-01 1.33823967e+03 1.20469798e-01 1.26682082e+01
  9.88402661e+00 3.46603582e+00]
 [3.78610620e-01 1.33823967e+03 1.20469798e-01 1.26682082e+01
  9.88402661e+00 3.46603582e+00]
 [3.78610620e-01 1.33823967e+03 1.20469798e-01 1.26682082e+01
  9.88402661e+00 3.46603582e+00]
 [3.78610620e-01 1.33823967e+03 1.20469798e-01 1.26682082e+01
  9.88402661e+00 3.46603582e+00]
 [3.78610620e-01 1.33823967e+03 1.20469798e-01 1.26682082e+01
  9.88402661e+00 3.46603582e+00]
 [3.78610620e-01 1.33823967e+03 1.20469798e-01 1.26682082e+01
  9.88402661e+00 3.46603582e+00]
 [3.78610620e-01 1.33823967e+03 1.20469798e-01 1.26682082e+01
  9.88402661e+00 3.46603582e+00]]"
7,8,"[[457.58309039 419.60454319 415.53462983 414.6540866  437.19433146
  416.0439477 ]
 [457.13905218 419.60454319 415.34153311 412.29213824 437.19433146
  416.0439477 ]
 [457.58309039 420.29894431 415.20448796 412.29213824 437.19433146
  415.79700208]
 [457.13905218 419.60454319 415.06450724 412.29213824 439.38169035
  416.0439477 ]
 [458.34448717 421.55216182 415.15425214 412.29213824 437.19433146
  416.0439477 ]
 [459.13156883 421.55216182 415.53462983 412.34046387 437.19433146
  415.79700208]
 [459.13156883 421.55216182 415.34153311 412.29213824 437.19433146
  416.0439477 ]
 [459.13156883 420.29894431 415.15425214 412.29213824 437.19433146
  416.0439477 ]
 [458.34448717 419.60454319 415.45604941 412.29213824 437.19433146
  411.30543473]
 [459.81859059 419.60454319 415.06450724 412.29213824 437.19433146
  416.0439477 ]
 [458.34448717 419.60454319 415.45604941 413.13622866 437.19433146
  408.29983706]
 [458.84026534 421.55216182 415.53462983 414.6540866  437.19433146
  408.29983706]
 [457.13905218 419.60454319 415.34153311 412.29213824 439.38169035
  407.31351448]
 [457.13905218 420.29894431 415.15425214 414.6540866  397.27871822
  416.0439477 ]
 [458.84026534 419.60454319 415.34153311 412.29213824 437.19433146
  408.29983706]
 [457.13905218 419.60454319 415.45604941 406.69918586 437.19433146
  407.31351448]
 [458.34448717 415.77846557 415.45604941 412.29213824 439.38169035
  408.29983706]
 [458.34448717 421.55216182 415.53462983 414.6540866  397.27871822
  416.0439477 ]
 [458.84026534 419.60454319 415.45604941 412.29213824 439.38169035
  408.29983706]
 [459.13156883 420.29894431 415.34153311 406.69918586 439.38169035
  416.0439477 ]]","[-2308.2677336  -2307.22967915 -2303.24688261 -2297.45702685
 -2297.16001777 -2290.83181095 -2290.77267473 -2290.49043649
 -2288.76406246 -2284.28804773 -2282.19571378 -2280.99932585
 -2277.72442218 -2276.38447286 -2276.11723635 -2271.39986595
 -2267.9324093  -2266.94174591 -2266.90493599 -2265.53002796]","[[3.22026484e-01 4.44245343e+03 8.46625240e-02 1.93419857e+01
  1.44795886e+01 4.26388243e+00]
 [3.22026484e-01 4.44245343e+03 8.46625240e-02 1.93419857e+01
  1.44795886e+01 4.26388243e+00]
 [3.22026484e-01 4.44245343e+03 8.46625240e-02 1.93419857e+01
  1.44795886e+01 4.26388243e+00]
 [3.22026484e-01 4.44245343e+03 8.46625240e-02 1.93419857e+01
  1.44795886e+01 4.26388243e+00]
 [3.22026484e-01 4.44245343e+03 8.46625240e-02 1.93419857e+01
  1.44795886e+01 4.26388243e+00]
 [3.22026484e-01 4.44245343e+03 8.46625240e-02 1.93419857e+01
  1.44795886e+01 4.26388243e+00]
 [3.22026484e-01 4.44245343e+03 8.46625240e-02 1.93419857e+01
  1.44795886e+01 4.26388243e+00]
 [3.22026484e-01 4.44245343e+03 8.46625240e-02 1.93419857e+01
  1.44795886e+01 4.26388243e+00]
 [3.22026484e-01 4.44245343e+03 8.46625240e-02 1.93419857e+01
  1.44795886e+01 4.26388243e+00]
 [3.22026484e-01 4.44245343e+03 8.46625240e-02 1.93419857e+01
  1.44795886e+01 4.26388243e+00]
 [3.22026484e-01 4.44245343e+03 8.46625240e-02 1.93419857e+01
  1.44795886e+01 4.26388243e+00]
 [3.22026484e-01 4.44245343e+03 8.46625240e-02 1.93419857e+01
  1.44795886e+01 4.26388243e+00]
 [3.22026484e-01 4.44245343e+03 8.46625240e-02 1.93419857e+01
  1.44795886e+01 4.26388243e+00]
 [3.22026484e-01 4.44245343e+03 8.46625240e-02 1.93419857e+01
  1.44795886e+01 4.26388243e+00]
 [3.22026484e-01 4.44245343e+03 8.46625240e-02 1.93419857e+01
  1.44795886e+01 4.26388243e+00]
 [3.22026484e-01 4.44245343e+03 8.46625240e-02 1.93419857e+01
  1.44795886e+01 4.26388243e+00]
 [3.22026484e-01 4.44245343e+03 8.46625240e-02 1.93419857e+01
  1.44795886e+01 4.26388243e+00]
 [3.22026484e-01 4.44245343e+03 8.46625240e-02 1.93419857e+01
  1.44795886e+01 4.26388243e+00]
 [3.22026484e-01 4.44245343e+03 8.46625240e-02 1.93419857e+01
  1.44795886e+01 4.26388243e+00]
 [3.22026484e-01 4.44245343e+03 8.46625240e-02 1.93419857e+01
  1.44795886e+01 4.26388243e+00]]"
8,9,"[[457.13905218 419.60454319 415.34153311 414.6540866  437.19433146
  416.0439477 ]
 [457.13905218 421.55216182 415.06450724 414.6540866  437.19433146
  416.0439477 ]
 [457.13905218 421.55216182 415.15425214 414.6540866  437.19433146
  415.79700208]
 [457.13905218 420.29894431 415.15425214 414.6540866  437.19433146
  415.79700208]
 [457.13905218 420.29894431 415.06450724 413.13622866 437.19433146
  415.79700208]
 [457.13905218 421.55216182 415.53462983 412.29213824 437.19433146
  416.0439477 ]
 [457.13905218 420.29894431 415.53462983 412.29213824 437.19433146
  416.0439477 ]
 [457.13905218 420.29894431 415.53462983 412.29213824 437.19433146
  416.0439477 ]
 [457.13905218 419.60454319 415.53462983 412.29213824 437.19433146
  416.0439477 ]
 [457.13905218 419.60454319 415.53462983 412.29213824 437.19433146
  416.0439477 ]
 [457.13905218 421.55216182 415.34153311 412.29213824 437.19433146
  416.0439477 ]
 [457.13905218 420.29894431 415.34153311 412.29213824 437.19433146
  416.0439477 ]
 [457.13905218 419.60454319 415.34153311 412.34046387 437.19433146
  416.0439477 ]
 [457.13905218 420.29894431 415.34153311 412.29213824 437.19433146
  415.79700208]
 [457.13905218 419.60454319 415.15425214 412.29213824 437.19433146
  416.0439477 ]
 [457.13905218 415.77846557 415.45604941 412.29213824 437.19433146
  416.0439477 ]
 [457.58309039 420.29894431 415.15425214 412.29213824 437.19433146
  416.0439477 ]
 [457.13905218 419.60454319 415.53462983 414.6540866  439.38169035
  416.0439477 ]
 [457.13905218 419.60454319 415.34153311 414.6540866  439.38169035
  416.0439477 ]
 [457.13905218 419.60454319 415.15425214 414.6540866  439.38169035
  416.0439477 ]]","[-2311.65221433 -2311.44354386 -2311.2624551  -2311.24881909
 -2308.43237102 -2307.68923346 -2307.67559746 -2307.67559746
 -2307.49750328 -2307.49750328 -2307.42140933 -2307.40777332
 -2307.33387842 -2307.09488614 -2306.96107691 -2304.2364631
 -2303.48686623 -2302.54778683 -2302.2799627  -2302.01136046]","[[2.73898964e-01 1.47472780e+04 5.94982568e-02 2.95315962e+01
  2.12118497e+01 5.24538532e+00]
 [2.73898964e-01 1.47472780e+04 5.94982568e-02 2.95315962e+01
  2.12118497e+01 5.24538532e+00]
 [2.73898964e-01 1.47472780e+04 5.94982568e-02 2.95315962e+01
  2.12118497e+01 5.24538532e+00]
 [2.73898964e-01 1.47472780e+04 5.94982568e-02 2.95315962e+01
  2.12118497e+01 5.24538532e+00]
 [2.73898964e-01 1.47472780e+04 5.94982568e-02 2.95315962e+01
  2.12118497e+01 5.24538532e+00]
 [2.73898964e-01 1.47472780e+04 5.94982568e-02 2.95315962e+01
  2.12118497e+01 5.24538532e+00]
 [2.73898964e-01 1.47472780e+04 5.94982568e-02 2.95315962e+01
  2.12118497e+01 5.24538532e+00]
 [2.73898964e-01 1.47472780e+04 5.94982568e-02 2.95315962e+01
  2.12118497e+01 5.24538532e+00]
 [2.73898964e-01 1.47472780e+04 5.94982568e-02 2.95315962e+01
  2.12118497e+01 5.24538532e+00]
 [2.73898964e-01 1.47472780e+04 5.94982568e-02 2.95315962e+01
  2.12118497e+01 5.24538532e+00]
 [2.73898964e-01 1.47472780e+04 5.94982568e-02 2.95315962e+01
  2.12118497e+01 5.24538532e+00]
 [2.73898964e-01 1.47472780e+04 5.94982568e-02 2.95315962e+01
  2.12118497e+01 5.24538532e+00]
 [2.73898964e-01 1.47472780e+04 5.94982568e-02 2.95315962e+01
  2.12118497e+01 5.24538532e+00]
 [2.73898964e-01 1.47472780e+04 5.94982568e-02 2.95315962e+01
  2.12118497e+01 5.24538532e+00]
 [2.73898964e-01 1.47472780e+04 5.94982568e-02 2.95315962e+01
  2.12118497e+01 5.24538532e+00]
 [2.73898964e-01 1.47472780e+04 5.94982568e-02 2.95315962e+01
  2.12118497e+01 5.24538532e+00]
 [2.73898964e-01 1.47472780e+04 5.94982568e-02 2.95315962e+01
  2.12118497e+01 5.24538532e+00]
 [2.73898964e-01 1.47472780e+04 5.94982568e-02 2.95315962e+01
  2.12118497e+01 5.24538532e+00]
 [2.73898964e-01 1.47472780e+04 5.94982568e-02 2.95315962e+01
  2.12118497e+01 5.24538532e+00]
 [2.73898964e-01 1.47472780e+04 5.94982568e-02 2.95315962e+01
  2.12118497e+01 5.24538532e+00]]"
9,10,"[[457.13905218 421.55216182 415.53462983 414.6540866  437.19433146
  416.0439477 ]
 [457.13905218 421.55216182 415.53462983 414.6540866  437.19433146
  416.0439477 ]
 [457.13905218 421.55216182 415.53462983 414.6540866  437.19433146
  416.0439477 ]
 [457.13905218 420.29894431 415.53462983 414.6540866  437.19433146
  416.0439477 ]
 [457.13905218 420.29894431 415.53462983 414.6540866  437.19433146
  416.0439477 ]
 [457.13905218 421.55216182 415.45604941 414.6540866  437.19433146
  416.0439477 ]
 [457.13905218 419.60454319 415.53462983 414.6540866  437.19433146
  416.0439477 ]
 [457.13905218 419.60454319 415.53462983 414.6540866  437.19433146
  416.0439477 ]
 [457.13905218 419.60454319 415.53462983 414.6540866  437.19433146
  416.0439477 ]
 [457.13905218 419.60454319 415.53462983 414.6540866  437.19433146
  416.0439477 ]
 [457.13905218 421.55216182 415.34153311 414.6540866  437.19433146
  416.0439477 ]
 [457.13905218 421.55216182 415.34153311 414.6540866  437.19433146
  416.0439477 ]
 [457.13905218 421.55216182 415.34153311 414.6540866  437.19433146
  416.0439477 ]
 [457.13905218 420.29894431 415.34153311 414.6540866  437.19433146
  416.0439477 ]
 [457.13905218 420.29894431 415.34153311 414.6540866  437.19433146
  416.0439477 ]
 [457.13905218 420.29894431 415.34153311 414.6540866  437.19433146
  416.0439477 ]
 [457.13905218 419.60454319 415.45604941 414.6540866  437.19433146
  416.0439477 ]
 [457.13905218 421.55216182 415.53462983 414.6540866  437.19433146
  415.79700208]
 [457.13905218 420.29894431 415.53462983 414.6540866  437.19433146
  415.79700208]
 [457.13905218 420.29894431 415.53462983 414.6540866  437.19433146
  415.79700208]]","[-2312.11176865 -2312.11176865 -2312.11176865 -2312.09813264
 -2312.09813264 -2312.00389578 -2311.92003846 -2311.92003846
 -2311.92003846 -2311.92003846 -2311.84394451 -2311.84394451
 -2311.84394451 -2311.83030851 -2311.83030851 -2311.83030851
 -2311.8121656  -2311.79888147 -2311.78524546 -2311.78524546]","[[2.32964200e-01 4.89554279e+04 4.18135722e-02 4.50892267e+01
  3.10742646e+01 6.45282030e+00]
 [2.32964200e-01 4.89554279e+04 4.18135722e-02 4.50892267e+01
  3.10742646e+01 6.45282030e+00]
 [2.32964200e-01 4.89554279e+04 4.18135722e-02 4.50892267e+01
  3.10742646e+01 6.45282030e+00]
 [2.32964200e-01 4.89554279e+04 4.18135722e-02 4.50892267e+01
  3.10742646e+01 6.45282030e+00]
 [2.32964200e-01 4.89554279e+04 4.18135722e-02 4.50892267e+01
  3.10742646e+01 6.45282030e+00]
 [2.32964200e-01 4.89554279e+04 4.18135722e-02 4.50892267e+01
  3.10742646e+01 6.45282030e+00]
 [2.32964200e-01 4.89554279e+04 4.18135722e-02 4.50892267e+01
  3.10742646e+01 6.45282030e+00]
 [2.32964200e-01 4.89554279e+04 4.18135722e-02 4.50892267e+01
  3.10742646e+01 6.45282030e+00]
 [2.32964200e-01 4.89554279e+04 4.18135722e-02 4.50892267e+01
  3.10742646e+01 6.45282030e+00]
 [2.32964200e-01 4.89554279e+04 4.18135722e-02 4.50892267e+01
  3.10742646e+01 6.45282030e+00]
 [2.32964200e-01 4.89554279e+04 4.18135722e-02 4.50892267e+01
  3.10742646e+01 6.45282030e+00]
 [2.32964200e-01 4.89554279e+04 4.18135722e-02 4.50892267e+01
  3.10742646e+01 6.45282030e+00]
 [2.32964200e-01 4.89554279e+04 4.18135722e-02 4.50892267e+01
  3.10742646e+01 6.45282030e+00]
 [2.32964200e-01 4.89554279e+04 4.18135722e-02 4.50892267e+01
  3.10742646e+01 6.45282030e+00]
 [2.32964200e-01 4.89554279e+04 4.18135722e-02 4.50892267e+01
  3.10742646e+01 6.45282030e+00]
 [2.32964200e-01 4.89554279e+04 4.18135722e-02 4.50892267e+01
  3.10742646e+01 6.45282030e+00]
 [2.32964200e-01 4.89554279e+04 4.18135722e-02 4.50892267e+01
  3.10742646e+01 6.45282030e+00]
 [2.32964200e-01 4.89554279e+04 4.18135722e-02 4.50892267e+01
  3.10742646e+01 6.45282030e+00]
 [2.32964200e-01 4.89554279e+04 4.18135722e-02 4.50892267e+01
  3.10742646e+01 6.45282030e+00]
 [2.32964200e-01 4.89554279e+04 4.18135722e-02 4.50892267e+01
  3.10742646e+01 6.45282030e+00]]"
10,11,"[[457.13905218 421.55216182 415.53462983 414.6540866  437.19433146
  416.0439477 ]
 [457.13905218 421.55216182 415.53462983 414.6540866  437.19433146
  416.0439477 ]
 [457.13905218 421.55216182 415.53462983 414.6540866  437.19433146
  416.0439477 ]
 [457.13905218 421.55216182 415.53462983 414.6540866  437.19433146
  416.0439477 ]
 [457.13905218 421.55216182 415.53462983 414.6540866  437.19433146
  416.0439477 ]
 [457.13905218 421.55216182 415.53462983 414.6540866  437.19433146
  416.0439477 ]
 [457.13905218 421.55216182 415.53462983 414.6540866  437.19433146
  416.0439477 ]
 [457.13905218 421.55216182 415.53462983 414.6540866  437.19433146
  416.0439477 ]
 [457.13905218 421.55216182 415.53462983 414.6540866  437.19433146
  416.0439477 ]
 [457.13905218 421.55216182 415.53462983 414.6540866  437.19433146
  416.0439477 ]
 [457.13905218 421.55216182 415.53462983 414.6540866  437.19433146
  416.0439477 ]
 [457.13905218 421.55216182 415.53462983 414.6540866  437.19433146
  416.0439477 ]
 [457.13905218 421.55216182 415.53462983 414.6540866  437.19433146
  416.0439477 ]
 [457.13905218 421.55216182 415.53462983 414.6540866  437.19433146
  416.0439477 ]
 [457.13905218 421.55216182 415.53462983 414.6540866  437.19433146
  416.0439477 ]
 [457.13905218 421.55216182 415.53462983 414.6540866  437.19433146
  416.0439477 ]
 [457.13905218 421.55216182 415.53462983 414.6540866  437.19433146
  416.0439477 ]
 [457.13905218 421.55216182 415.53462983 414.6540866  437.19433146
  416.0439477 ]
 [457.13905218 421.55216182 415.53462983 414.6540866  437.19433146
  416.0439477 ]
 [457.13905218 421.55216182 415.53462983 414.6540866  437.19433146
  416.0439477 ]]","[-2312.11176865 -2312.11176865 -2312.11176865 -2312.11176865
 -2312.11176865 -2312.11176865 -2312.11176865 -2312.11176865
 -2312.11176865 -2312.11176865 -2312.11176865 -2312.11176865
 -2312.11176865 -2312.11176865 -2312.11176865 -2312.11176865
 -2312.11176865 -2312.11176865 -2312.11176865 -2312.11176865]","[[1.98147221e-01 1.62513646e+05 2.93853117e-02 6.88428201e+01
  4.55221931e+01 7.93819467e+00]
 [1.98147221e-01 1.62513646e+05 2.93853117e-02 6.88428201e+01
  4.55221931e+01 7.93819467e+00]
 [1.98147221e-01 1.62513646e+05 2.93853117e-02 6.88428201e+01
  4.55221931e+01 7.93819467e+00]
 [1.98147221e-01 1.62513646e+05 2.93853117e-02 6.88428201e+01
  4.55221931e+01 7.93819467e+00]
 [1.98147221e-01 1.62513646e+05 2.93853117e-02 6.88428201e+01
  4.55221931e+01 7.93819467e+00]
 [1.98147221e-01 1.62513646e+05 2.93853117e-02 6.88428201e+01
  4.55221931e+01 7.93819467e+00]
 [1.98147221e-01 1.62513646e+05 2.93853117e-02 6.88428201e+01
  4.55221931e+01 7.93819467e+00]
 [1.98147221e-01 1.62513646e+05 2.93853117e-02 6.88428201e+01
  4.55221931e+01 7.93819467e+00]
 [1.98147221e-01 1.62513646e+05 2.93853117e-02 6.88428201e+01
  4.55221931e+01 7.93819467e+00]
 [1.98147221e-01 1.62513646e+05 2.93853117e-02 6.88428201e+01
  4.55221931e+01 7.93819467e+00]
 [1.98147221e-01 1.62513646e+05 2.93853117e-02 6.88428201e+01
  4.55221931e+01 7.93819467e+00]
 [1.98147221e-01 1.62513646e+05 2.93853117e-02 6.88428201e+01
  4.55221931e+01 7.93819467e+00]
 [1.98147221e-01 1.62513646e+05 2.93853117e-02 6.88428201e+01
  4.55221931e+01 7.93819467e+00]
 [1.98147221e-01 1.62513646e+05 2.93853117e-02 6.88428201e+01
  4.55221931e+01 7.93819467e+00]
 [1.98147221e-01 1.62513646e+05 2.93853117e-02 6.88428201e+01
  4.55221931e+01 7.93819467e+00]
 [1.98147221e-01 1.62513646e+05 2.93853117e-02 6.88428201e+01
  4.55221931e+01 7.93819467e+00]
 [1.98147221e-01 1.62513646e+05 2.93853117e-02 6.88428201e+01
  4.55221931e+01 7.93819467e+00]
 [1.98147221e-01 1.62513646e+05 2.93853117e-02 6.88428201e+01
  4.55221931e+01 7.93819467e+00]
 [1.98147221e-01 1.62513646e+05 2.93853117e-02 6.88428201e+01
  4.55221931e+01 7.93819467e+00]
 [1.98147221e-01 1.62513646e+05 2.93853117e-02 6.88428201e+01
  4.55221931e+01 7.93819467e+00]]"
