,population,best_x,best_energy,ave_energy
0,1,"[-326.09176825   69.45283962 -328.6680653   226.18245684  479.48090611
  207.14539275]",-896.0946525051081,-12.108408387193036
1,2,"[ 213.66394854  471.86343144 -254.81140059 -104.5778477   416.75917026
 -294.48918193]",-1163.3562243771835,-751.6082029076937
2,3,"[ 176.57991009  446.80859809  429.83468095 -310.23205975  417.01758723
 -334.45086251]",-1750.5514241225299,-1392.8903801861834
3,4,"[ 417.16206995 -303.76071372 -305.33402186  426.06762354  444.54040519
  409.57557136]",-2185.688811545419,-1796.4226183637184
4,5,"[ 431.33125878  403.16561062  429.90896747 -310.59404958  440.53104037
  420.1281015 ]",-2276.6959730740523,-2056.796955407627
5,6,"[408.83355442 404.41527283 429.5278163  423.4201215  416.51241734
 413.9061941 ]",-2442.9022638695906,-2290.3391660481784
6,7,"[417.16206995 402.81207767 425.55751735 426.06762354 415.74175315
 420.1281015 ]",-2461.9900301380494,-2413.582933198473
7,8,"[417.16206995 405.54568194 422.45912314 426.50042772 416.94414764
 415.28480371]",-2472.351791210084,-2452.654394572257
8,9,"[417.16206995 405.54568194 419.68120595 421.81109058 416.94414764
 420.1281015 ]",-2480.168974243956,-2472.3177876883938
9,10,"[417.16206995 406.37741502 422.45912314 421.19535196 418.22158791
 420.1281015 ]",-2484.3199335848126,-2481.7364613414825
10,11,"[417.16206995 406.37741502 419.68120595 421.19535196 418.22158791
 420.1281015 ]",-2484.3912838251695,-2484.278333995172
11,12,"[417.16206995 406.37741502 419.68120595 421.19535196 418.22158791
 420.1281015 ]",-2484.3912838251695,-2484.3516448027494
12,13,"[417.16206995 406.37741502 419.68120595 421.19535196 418.22158791
 420.1281015 ]",-2484.3912838251695,-2484.3912838251695
