,population,best_x,best_energy,ave_energy
0,1,"[221.47132999 406.63461233 397.72442035 -46.33809485 455.18286315
 116.20270417]",-1050.572358131163,-28.404347552964982
1,2,"[ 405.05510972 -173.83006108 -252.86156485 -286.41011947  455.61669857
 -280.09181374]",-1118.2039475481918,-771.7545555329718
2,3,"[ 404.89827141 -320.17440773  460.5395656   378.75232586  454.92720356
 -279.43545203]",-1615.4687999246075,-1379.0089486220472
3,4,"[ 405.34314653  406.10628124  398.17948572 -287.82683152 -301.82428837
  394.91268519]",-2047.451240868619,-1747.9618919230318
4,5,"[ 404.94921569  407.30864272  397.81140268 -286.27875154 -301.73653756
  396.10699983]",-2049.4015737798427,-1986.8904910237848
5,6,"[ 404.96467672  408.29159608  398.58708313 -285.83689199 -301.58643788
  399.26268786]",-2072.3115801237423,-2051.1155485364934
6,7,"[ 404.96467672  408.29159608  398.58708313 -285.83689199 -301.58643788
  399.26268786]",-2072.3115801237423,-2064.5655017966665
7,8,"[ 404.9705892   408.10554384  399.14926843 -288.21502806 -300.66895008
  399.32910629]",-2083.6101927517616,-2076.3798527101217
8,9,"[ 404.94873068  408.26774904  399.03454355 -287.75106216 -300.76926521
  401.49731928]",-2092.483236322788,-2086.0400750904328
9,10,"[ 404.97047379  408.36374704  399.22041983 -287.80316924 -302.15841827
  402.81105471]",-2100.33659876358,-2093.844268919821
10,11,"[ 404.95135237  408.38668879  399.05513616 -288.19946234 -301.62617389
  403.66841148]",-2104.465235219614,-2101.2664168032816
11,12,"[ 404.97046187  408.57768938  399.2310088  -288.12030469 -301.64888543
  405.10515474]",-2111.554571155522,-2106.599592524055
12,13,"[ 404.91893531  408.395947    399.23926264 -288.13339038 -301.47734666
  406.3016777 ]",-2115.3011683477303,-2112.2479811656367
13,14,"[ 404.91894099  408.5851676   399.21511072 -287.90504391 -301.51985895
  407.81511511]",-2120.1317687190954,-2117.075388742135
14,15,"[ 404.95126576  408.56769342  399.24094677 -288.08020053 -301.66276532
  409.27594066]",-2125.4651369628828,-2121.6697080942204
15,16,"[ 404.95126642  408.35368728  399.22286294 -288.07524178 -301.52701526
  410.53664854]",-2128.1160820825075,-2125.8662846975285
16,17,"[ 404.95132855  408.56851824  399.26250859 -288.07883145 -300.71173222
  411.99130697]",-2132.2145926139415,-2129.078075439281
17,18,"[ 404.95126637  408.6148038   399.26802024 -288.177071   -301.62745792
  412.45278687]",-2134.047251024721,-2132.271918254292
18,19,"[ 404.9512636   408.56610354  399.24255758 -288.11695855 -300.6682439
  414.2416746 ]",-2136.6284002889215,-2134.8207915692597
19,20,"[ 404.93479854  408.56821342  399.26571829 -288.05241191 -302.59928777
  415.42983599]",-2138.7242733513376,-2137.0254477254834
20,21,"[ 404.95126364  408.59323193  399.28903636 -288.11334816 -302.61195446
  415.88592378]",-2139.8061693475993,-2138.8168195390267
21,22,"[ 404.95126338  408.56343175  399.28676979 -288.17779051 -301.6454426
  417.00035561]",-2141.098447755611,-2140.19536474155
22,23,"[ 404.95132857  408.56381269  399.26530495 -288.17805469 -302.58678666
  418.35670917]",-2142.2105210200048,-2141.3472647958397
23,24,"[ 404.95132857  408.563872    399.28990895 -288.17791087 -302.61025408
  418.96534712]",-2142.6901901534025,-2142.2939860411607
24,25,"[ 404.95126363  408.56794254  399.28947855 -288.17846505 -302.59153037
  420.03608501]",-2143.098708575666,-2142.885331846187
25,26,"[ 404.95132857  408.58796487  399.28912801 -288.17890252 -302.5946546
  420.85033975]",-2143.26777095405,-2143.170370828248
26,27,"[ 404.95126364  408.58897087  399.29036129 -288.17900731 -302.61031283
  420.87655715]",-2143.277688297204,-2143.2717417649387
27,28,"[ 404.95126363  408.59258825  399.29033598 -288.17835097 -302.58630441
  420.85777196]",-2143.2862788779184,-2143.2771929681358
28,29,"[ 404.95126363  408.59252233  399.29051648 -288.17897459 -302.5920708
  420.88244759]",-2143.2897008122773,-2143.2848951585006
