,population,best_x,best_energy,running_time
0,18,"[ 421.19779077  421.03990029  421.30524453 -302.47997028  421.10549422
  421.09084746]",-2395.432943047164,0.809237
1,44,"[424.9586926  427.99743062 421.82098755 403.5611622  424.994638
 421.01985824]",-2466.116952008303,1.609273
2,14,"[-299.31558171  414.28060546  416.89844     398.92747794  420.8826465
  420.9326666 ]",-2327.1715504427893,0.533362
3,25,"[403.92995862 420.66855811 424.10935238 424.46462817 421.16322338
 438.97284926]",-2434.70662433506,0.767263
4,35,"[ 400.23896268  421.12595479  418.06255556  420.97531377 -299.22750853
 -305.88718155]",-2220.529244268323,1.05202
5,18,"[421.2036395  418.41663191 421.34689427 422.09400287 412.56149987
 420.13599757]",-2503.945985123663,0.521054
6,44,"[430.08013064 436.12843248 421.00584884 420.77153098 431.35169838
 401.20524412]",-2413.060425920565,1.384116
7,14,"[392.29309222 400.90814365 410.46289905 421.15608962 419.31704088
 422.27403788]",-2351.8489407516927,0.420789
8,44,"[429.69017393 411.458161   420.07102436 436.77672529 410.36831444
 421.11334055]",-2447.506064399262,1.648993
9,17,"[421.2580556  424.00773575 420.60677704 412.92312181 421.28027192
 420.68732631]",-2504.565638089752,0.661359
10,17,"[-299.73635644  421.49690518  421.18631523  420.67113528  415.96039564
  421.19129144]",-2391.262534852116,0.617111
11,20,"[ 421.7829586  -302.52142009  409.42320482  420.83867111  418.29757814
  418.94743336]",-2377.3266892077377,0.851346
12,12,"[427.94893134 420.46889796 423.75044018 421.06253391 432.79985977
 404.51457011]",-2455.6382808065064,0.4903
13,16,"[427.13366377 421.06161186 421.90173653 421.21994828 431.17786321
 420.9990911 ]",-2495.8454545601944,0.659895
14,16,"[422.73378078 420.91230456 420.82778917 421.01699594 423.03233117
 417.36437149]",-2511.3271913759554,0.539468
15,14,"[421.61752384 421.41772357 421.10178638 420.664499   421.39914669
 420.94408206]",-2513.7813913607015,0.533314
16,22,"[-299.00675774  414.28164805  417.70590847  400.06299253  421.21203835
  420.97250582]",-2333.441312873872,0.716393
17,13,"[420.74881984 421.67808115 419.76330422 421.53378504 430.36281358
 421.6910626 ]",-2502.4116606037583,0.525104
18,44,"[428.51443254 414.40692124 420.27426576 420.10284499 421.04561947
 421.05608602]",-2501.1476122655595,2.110048
19,42,"[ 448.13902626  420.88213416  410.09956441 -302.6382321   398.82871335
  421.01896496]",-2230.1394329736,1.53696
20,14,"[ 421.48748029 -302.26185798  411.11938227  425.76669804  420.62423427
  415.08316184]",-2376.006251832634,0.636253
21,16,"[420.4732998  420.42827745 420.57491454 421.58054601 421.27347217
 404.02566943]",-2478.288335843443,0.503779
22,15,"[421.28198786 420.76008494 420.83450013 416.99223827 421.7975805
 420.06641482]",-2511.6971168101736,0.449356
23,20,"[423.92110769 420.87335078 420.98632213 420.81150731 421.10404706
 425.78523111]",-2509.860776483263,0.660571
24,28,"[-299.32135753  414.71272513  421.02691433  399.11552055  421.03692838
  420.92596709]",-2330.9396731514025,0.959138
25,23,"[421.05503881 405.76010137 420.9037109  420.25590641 420.82943308
 421.1158795 ]",-2485.1513210889775,0.824849
26,13,"[421.04199954 402.63060671 420.49039375 419.74149698 419.22982956
 423.46304689]",-2471.096000146208,0.407768
27,13,"[420.07503395 423.13324904 421.7710465  408.53941604 420.08013786
 419.95538084]",-2493.645984082922,0.446478
28,12,"[421.49394904 420.2987669  421.10517723 422.06949313 422.7129297
 411.01258211]",-2500.869018518301,0.365939
29,14,"[421.45396284 441.00949171 421.561402   423.24127449 421.25252619
 420.94164099]",-2463.096555829153,0.419712
30,16,"[395.24622575 401.26561196 410.61751779 420.97327619 421.40137213
 421.13751428]",-2372.934715786274,0.729934
31,15,"[ 447.05182393  420.8042234   410.34797348 -301.60834175  400.65737731
  422.93912264]",-2246.350533941529,0.489181
32,20,"[-295.95552756  420.32095646  427.84698596  424.31523177  420.90406524
  420.98593164]",-2382.589976271438,0.637818
33,44,"[-302.47864104  414.33996432  416.98492207  407.76925733  421.19683431
  420.97135126]",-2366.256404333764,1.830969
34,27,"[ 420.98946847  421.17754027  442.91522642  433.98549996  417.37140979
 -320.28280579]",-2273.2270457698896,0.880285
35,44,"[ 420.53276706  442.83207458  425.00063102  420.82955791  430.71973109
 -317.30986912]",-2294.510066455984,1.775052
36,17,"[430.94299481 420.62150095 421.23885528 420.4241103  443.23335761
 420.76711929]",-2439.7319904129627,0.600981
37,44,"[ 436.79698855  426.29729834  400.02779487  421.36513357 -303.09947343
  401.97834153]",-2262.3873799138028,1.571243
38,16,"[423.57996652 420.43189731 421.55218462 429.4580013  421.30672591
 414.29660575]",-2498.261643643559,0.53886
39,16,"[402.4708068  421.36994974 424.79027824 423.19211382 420.80025238
 421.62410604]",-2469.226396335798,0.754268
40,14,"[421.26859629 419.57671318 421.5806482  421.39448392 407.6043509
 419.75752319]",-2491.16818680507,0.550562
41,21,"[435.15696415 429.75948496 399.18091905 421.53467472 392.14925557
 420.92393158]",-2321.584648240133,0.856052
42,14,"[420.84011154 421.05823868 420.75501318 415.62758173 421.02334738
 420.67251502]",-2510.289818956436,0.504175
43,44,"[421.04290744 421.1582577  418.00519394 422.73758928 426.24141021
 399.57878401]",-2452.9532743288382,1.600981
44,44,"[424.12089498 419.37629592 420.99909538 420.88218622 423.47187205
 416.22262764]",-2508.6967693957054,1.570031
45,15,"[-299.3568414   414.47237447  420.75236591  403.78419614  420.65451524
  420.69648798]",-2352.400782332978,0.502824
46,14,"[433.30923684 413.5452858  420.04782619 420.94484553 442.79572224
 419.93492357]",-2428.3702957458545,0.400824
47,16,"[421.28395494 421.18380512 420.94897414 420.60246431 420.8906127
 421.09520442]",-2513.8591843159866,0.578297
48,17,"[406.08640965 421.03215563 421.04896112 426.29045784 433.10564213
 414.09111415]",-2458.368482891053,0.744912
49,15,"[428.00595076 420.78876817 420.3047863  419.26674639 420.86835177
 419.0782273 ]",-2506.770220122327,0.557142
