,population,parents,parents_energy,parents_sigma
0,1,"[[ 463.64905624 -246.37050452  409.4156286  -292.56598156 -486.80106313
   167.64300353]
 [-181.23779305  223.21651292  379.82624381  180.74596638  161.45819054
   435.86976137]
 [-191.23144846  384.09137618  220.57426766  438.80072816 -300.9842975
   335.69370608]
 [-254.99705995  -89.3968      -89.75171243 -322.2064303   441.47929813
    81.18492885]
 [ 396.87289048 -479.22600458  344.7037471     5.07275727  437.8205393
  -493.53968392]
 [ 206.52045189  495.8893405   173.79340241  378.22755831  159.59422592
  -314.62108052]
 [ 136.07652418  462.31605403   43.65809769 -497.90526811  203.50483682
   351.69883106]
 [ 296.16698604 -166.70158715  408.05344067  448.59173132  315.45812894
  -342.48423744]
 [-305.58559013  242.80707493 -149.85511977 -479.0470775   499.56156318
   -24.4919637 ]
 [-307.89420978  370.54647918  469.54389964   35.19104137 -434.86100381
  -242.29953355]
 [ 410.26876294 -448.25396111 -460.61338473 -334.38990104 -480.13916673
    45.57052177]
 [ 403.49741084  -60.23153171 -179.19849269 -424.66910918  163.63080275
  -335.97786695]
 [ -50.26895151 -459.82226793  354.85003677  160.42900324  271.72780593
   423.52423314]
 [-477.96041701  404.05022831 -172.38312575  -55.5264906   333.52594646
  -232.74809159]
 [ 118.76923209 -265.72701736  381.57654896 -430.78130049 -450.68934374
  -337.18413685]
 [-136.28835702 -130.6876987  -485.65011748  326.84523722 -223.63613023
  -216.82009823]
 [-411.47153504  300.73301509   30.04381347 -155.80883424  385.02062997
  -257.96473633]
 [ 144.2616341  -202.76770941 -177.33570249   88.12652432  347.28850702
    -9.72107604]
 [-211.46018908 -244.60924432   31.45164417   32.64392865 -163.64639029
  -208.68088898]
 [-404.15973425 -494.50617302   80.8294594   -40.04639277 -448.70751233
  -410.13408294]]","[-990.45009534 -792.90646937 -756.30589526 -724.37319286 -701.6457776
 -671.42784666 -450.65637743 -207.45548883 -175.84596532 -148.75308267
   -5.79242028   23.46499181   36.26699088  107.22448947  288.52409281
  314.12936694  358.40492579  469.37196547  483.77249865  960.10002636]","[[1. 1. 1. 1. 1. 1.]
 [1. 1. 1. 1. 1. 1.]
 [1. 1. 1. 1. 1. 1.]
 [1. 1. 1. 1. 1. 1.]
 [1. 1. 1. 1. 1. 1.]
 [1. 1. 1. 1. 1. 1.]
 [1. 1. 1. 1. 1. 1.]
 [1. 1. 1. 1. 1. 1.]
 [1. 1. 1. 1. 1. 1.]
 [1. 1. 1. 1. 1. 1.]
 [1. 1. 1. 1. 1. 1.]
 [1. 1. 1. 1. 1. 1.]
 [1. 1. 1. 1. 1. 1.]
 [1. 1. 1. 1. 1. 1.]
 [1. 1. 1. 1. 1. 1.]
 [1. 1. 1. 1. 1. 1.]
 [1. 1. 1. 1. 1. 1.]
 [1. 1. 1. 1. 1. 1.]
 [1. 1. 1. 1. 1. 1.]
 [1. 1. 1. 1. 1. 1.]]"
1,2,"[[ 401.58938959  462.66868546  408.14092843  379.44045502  438.53286928
   435.58271514]
 [ 402.22011206  460.69956335  354.37526613  439.47534528  204.26311483
    81.54048743]
 [-310.056263    243.81009356  380.86775129 -154.93431432  203.92501258
   435.10281302]
 [ 207.45237648 -246.67232651  408.23312145    5.76391728  438.58062616
  -257.92107679]
 [ 118.32511545  384.23263409  380.36203203  439.00939127 -301.5624854
   351.57642582]
 [ 463.64905624 -246.37050452  409.4156286  -292.56598156 -486.80106313
   167.64300353]
 [ 400.47399611  242.63860155   80.74509608  160.95421039  439.12015307
  -258.24573417]
 [ 411.18029629 -202.17936047  -89.16459521 -321.73562923  385.90035646
  -258.32117757]
 [ 397.88939754 -128.49387525 -178.79681045  160.76748769 -485.92717849
   423.8586431 ]
 [-181.23779305  223.21651292  379.82624381  180.74596638  161.45819054
   435.86976137]
 [ 403.1475493  -244.70075876   31.74873247  438.9686621  -487.13166292
    45.18020148]
 [-309.01199247 -243.87192657   81.62842004  180.43946635 -302.19735256
    45.19395277]
 [ 203.71036008  403.81792179  379.96118349   35.66720263 -223.97530075
  -493.60669218]
 [-191.23144846  384.09137618  220.57426766  438.80072816 -300.9842975
   335.69370608]
 [-214.15696357  -59.35621381  409.02418993 -292.96221163  161.47751427
  -314.75609509]
 [-254.99705995  -89.3968      -89.75171243 -322.2064303   441.47929813
    81.18492885]
 [-137.39922411  405.11265863  -89.33584206 -320.66934769 -450.48339891
  -314.350374  ]
 [ 206.29928972  371.27876151   45.09856648   32.04228566  384.29884458
  -258.02522421]
 [ 396.87289048 -479.22600458  344.7037471     5.07275727  437.8205393
  -493.53968392]
 [-307.75481999 -245.09819476   80.80601666 -498.86516257  272.38352652
   436.52861911]]","[-1981.5707315  -1208.15233699 -1165.6758445  -1071.39057632
 -1020.14630364  -990.45009534  -922.15725362  -829.09762731
  -808.02754349  -792.90646937  -781.27828085  -761.19764152
  -760.70647647  -756.30589526  -747.70985713  -724.37319286
  -722.81217377  -705.14119269  -701.6457776   -680.62328816]","[[1.57524598 0.93391839 0.58637154 0.66313478 0.87718451 0.50836977]
 [1.57524598 0.93391839 0.58637154 0.66313478 0.87718451 0.50836977]
 [1.57524598 0.93391839 0.58637154 0.66313478 0.87718451 0.50836977]
 [1.57524598 0.93391839 0.58637154 0.66313478 0.87718451 0.50836977]
 [1.57524598 0.93391839 0.58637154 0.66313478 0.87718451 0.50836977]
 [1.         1.         1.         1.         1.         1.        ]
 [1.57524598 0.93391839 0.58637154 0.66313478 0.87718451 0.50836977]
 [1.57524598 0.93391839 0.58637154 0.66313478 0.87718451 0.50836977]
 [1.57524598 0.93391839 0.58637154 0.66313478 0.87718451 0.50836977]
 [1.         1.         1.         1.         1.         1.        ]
 [1.57524598 0.93391839 0.58637154 0.66313478 0.87718451 0.50836977]
 [1.57524598 0.93391839 0.58637154 0.66313478 0.87718451 0.50836977]
 [1.57524598 0.93391839 0.58637154 0.66313478 0.87718451 0.50836977]
 [1.         1.         1.         1.         1.         1.        ]
 [1.57524598 0.93391839 0.58637154 0.66313478 0.87718451 0.50836977]
 [1.         1.         1.         1.         1.         1.        ]
 [1.57524598 0.93391839 0.58637154 0.66313478 0.87718451 0.50836977]
 [1.57524598 0.93391839 0.58637154 0.66313478 0.87718451 0.50836977]
 [1.         1.         1.         1.         1.         1.        ]
 [1.57524598 0.93391839 0.58637154 0.66313478 0.87718451 0.50836977]]"
2,3,"[[ 401.58938959  462.66868546  408.14092843  379.44045502  438.53286928
   435.58271514]
 [ 203.28553555  404.56751973  408.24937078 -322.52278624 -299.93315818
  -314.83114992]
 [ 410.7895172   371.35857689  380.84624086 -320.27062457  440.50024037
   436.88499872]
 [ 411.18029629  403.81792179  409.02418993 -498.86516257  384.29884458
  -258.32117757]
 [ 398.59773239  404.77887286  220.5692057    36.40159305 -301.88693941
   435.70447069]
 [ 399.3192934  -244.35324055  408.15281522 -321.56923671 -301.93961976
  -314.25615802]
 [ 398.30441547  222.65337786   80.39437442 -319.74177039  439.57379799
   435.85198883]
 [ 404.02953879  386.0871824   407.72462299 -154.82925085  437.69661958
  -257.87959933]
 [ 401.4879268   -90.502177    407.9452507  -320.07852126 -487.69400632
   435.19803748]
 [ 398.46863891  460.69238969  -89.18902526  437.908036    438.54108457
  -493.78984842]
 [ 398.40291015  -90.17729256   81.00248746 -320.56082641  438.15404601
   423.6835493 ]
 [-312.40982332  383.78297788  380.84325335  438.61046957  385.51598285
    45.26008614]
 [ 207.55948657  384.99526634  380.45214243 -322.45698663  437.42528753
  -494.22263733]
 [ 402.3234516   404.71240055  381.15696316  160.89110256  161.7802701
   435.89898302]
 [ 202.94325548  461.47516654  380.10896932  439.24864062 -301.3225748
  -258.19528585]
 [ 403.84439472  405.05795727  380.06256593    4.90783166  162.37729051
   435.37968974]
 [ 468.50245615  225.35186641  409.40423652 -292.0210054  -486.74956086
   435.55106296]
 [ 405.81324093  381.9675111   344.64473917  438.30838814  438.87746683
  -494.03795641]
 [ 463.43872114 -245.818981    408.73368064  437.74466527 -486.95632682
   436.42660081]
 [ 396.92617662  242.10207928  408.47177644    6.67682896  203.57433675
   435.0419616 ]]","[-1981.5707315  -1818.24698512 -1812.82195795 -1714.29852485
 -1594.37336038 -1580.63955193 -1579.9352469  -1549.1054082
 -1478.89818683 -1466.95164306 -1456.68460833 -1454.40130375
 -1454.07659774 -1434.85667235 -1424.42722775 -1424.41609001
 -1419.50647197 -1413.722132   -1410.00687649 -1383.61752751]","[[1.57524598 0.93391839 0.58637154 0.66313478 0.87718451 0.50836977]
 [2.48139991 0.87220355 0.34383158 0.43974774 0.76945266 0.25843982]
 [2.02832295 0.90306097 0.46510156 0.55144126 0.82331858 0.3834048 ]
 [2.02832295 0.90306097 0.46510156 0.55144126 0.82331858 0.3834048 ]
 [2.02832295 0.90306097 0.46510156 0.55144126 0.82331858 0.3834048 ]
 [2.02832295 0.90306097 0.46510156 0.55144126 0.82331858 0.3834048 ]
 [2.02832295 0.90306097 0.46510156 0.55144126 0.82331858 0.3834048 ]
 [2.48139991 0.87220355 0.34383158 0.43974774 0.76945266 0.25843982]
 [2.48139991 0.87220355 0.34383158 0.43974774 0.76945266 0.25843982]
 [1.57524598 0.93391839 0.58637154 0.66313478 0.87718451 0.50836977]
 [2.48139991 0.87220355 0.34383158 0.43974774 0.76945266 0.25843982]
 [2.48139991 0.87220355 0.34383158 0.43974774 0.76945266 0.25843982]
 [2.02832295 0.90306097 0.46510156 0.55144126 0.82331858 0.3834048 ]
 [2.48139991 0.87220355 0.34383158 0.43974774 0.76945266 0.25843982]
 [2.02832295 0.90306097 0.46510156 0.55144126 0.82331858 0.3834048 ]
 [2.48139991 0.87220355 0.34383158 0.43974774 0.76945266 0.25843982]
 [2.02832295 0.90306097 0.46510156 0.55144126 0.82331858 0.3834048 ]
 [1.57524598 0.93391839 0.58637154 0.66313478 0.87718451 0.50836977]
 [2.02832295 0.90306097 0.46510156 0.55144126 0.82331858 0.3834048 ]
 [2.48139991 0.87220355 0.34383158 0.43974774 0.76945266 0.25843982]]"
3,4,"[[ 412.72521056  405.0652763   408.42723044  438.18527448  437.75692652
   435.07842383]
 [ 409.84132234  405.86677056  409.50098938  439.31366289 -301.83229366
   435.39009044]
 [ 397.39268666  384.92837966  407.62791179  439.29445091  438.41215803
   435.77730005]
 [ 412.76068159  402.68923525  408.19540478 -321.09640588  384.7509229
   435.94772919]
 [ 407.40125171  406.0541375   381.19122928  438.25519534 -301.5396228
   435.56611277]
 [ 408.39546047  383.83529777  409.28920877 -320.49611665  438.04542418
   435.64386955]
 [ 410.04599043  383.26057275  408.07404965 -323.09461405  436.77016224
   435.10100575]
 [ 400.15657925  382.42533566  408.15484008  438.92206928 -301.56505871
   436.46597374]
 [ 204.47060207  404.15175662  408.25446207  437.46564858 -301.81791458
   436.78279728]
 [ 406.59728965  383.94929639  381.0842721   438.78344284  438.85245385
   436.17794109]
 [ 204.03017714  384.2375626   409.75498474  437.80156385  438.69210079
   435.80308184]
 [ 413.86026477  403.85482092  407.57473964 -498.64284624  439.07163746
  -315.03374283]
 [ 402.23977394  461.49878869  380.14742776  437.8391097   438.87040168
   423.80175655]
 [-312.9255292   385.47985592  408.28757315 -319.72974186  437.21505693
   435.65713199]
 [ 205.10870856  459.38925196  408.80769027  438.30475677  437.73241186
   437.03973246]
 [ 401.58938959  462.66868546  408.14092843  379.44045502  438.53286928
   435.58271514]
 [ 406.41688989  380.82667509  408.60841891 -499.2733056   438.2053103
   436.40704672]
 [ 411.47283652  405.6598787   408.46341592 -320.61714706  438.31153258
  -493.87161046]
 [ 399.65536298  404.88144378  407.65766907  437.74329171 -486.37282681
   436.55645944]
 [ 403.87047441  459.90105012  380.44393983  437.21374198 -301.71932602
   435.48061372]]","[-2357.06786842 -2267.07276956 -2165.63647545 -2101.92263669
 -2099.79292459 -2095.26946989 -2086.73281482 -2080.61884647
 -2057.67167327 -2039.09378857 -2022.26749042 -2016.84660106
 -2010.18155612 -1999.3291151  -1997.10371583 -1981.5707315
 -1971.3211477  -1951.69235579 -1950.07331164 -1932.42208679]","[[2.83825374 0.8577944  0.30827695 0.40271381 0.74582748 0.22667562]
 [3.19510757 0.84338524 0.27272232 0.36567988 0.72220231 0.19491141]
 [3.55196141 0.82897609 0.23716768 0.32864595 0.69857713 0.1631472 ]
 [3.19510757 0.84338524 0.27272232 0.36567988 0.72220231 0.19491141]
 [3.19510757 0.84338524 0.27272232 0.36567988 0.72220231 0.19491141]
 [3.55196141 0.82897609 0.23716768 0.32864595 0.69857713 0.1631472 ]
 [3.55196141 0.82897609 0.23716768 0.32864595 0.69857713 0.1631472 ]
 [3.19510757 0.84338524 0.27272232 0.36567988 0.72220231 0.19491141]
 [3.90881524 0.81456693 0.20161305 0.29161202 0.67495195 0.13138299]
 [3.55196141 0.82897609 0.23716768 0.32864595 0.69857713 0.1631472 ]
 [2.83825374 0.8577944  0.30827695 0.40271381 0.74582748 0.22667562]
 [3.19510757 0.84338524 0.27272232 0.36567988 0.72220231 0.19491141]
 [3.90881524 0.81456693 0.20161305 0.29161202 0.67495195 0.13138299]
 [3.90881524 0.81456693 0.20161305 0.29161202 0.67495195 0.13138299]
 [3.55196141 0.82897609 0.23716768 0.32864595 0.69857713 0.1631472 ]
 [1.57524598 0.93391839 0.58637154 0.66313478 0.87718451 0.50836977]
 [3.90881524 0.81456693 0.20161305 0.29161202 0.67495195 0.13138299]
 [3.55196141 0.82897609 0.23716768 0.32864595 0.69857713 0.1631472 ]
 [2.83825374 0.8577944  0.30827695 0.40271381 0.74582748 0.22667562]
 [3.55196141 0.82897609 0.23716768 0.32864595 0.69857713 0.1631472 ]]"
4,5,"[[ 420.69659958  403.68005591  408.50897211  437.98312267  436.71367309
   423.7621345 ]
 [ 414.45442086  406.44079385  408.29685728  438.16333413  438.02772607
   435.59188089]
 [ 415.41159878  404.77060539  408.15631384  439.02510008  437.14288509
   435.28672437]
 [ 412.72521056  405.0652763   408.42723044  438.18527448  437.75692652
   435.07842383]
 [ 410.29859992  402.42198494  408.91569332  437.78411826  436.26047676
   435.84426875]
 [ 415.05490032  404.2650975   407.66200198  437.73460206  439.44125481
   436.14942749]
 [ 412.00353565  405.41243823  407.87462285  439.18844126  438.65234581
   436.41378587]
 [ 412.1204017   403.04400074  409.39296333  439.37233485  438.8969431
   435.95284915]
 [ 404.29082871  405.23084313  408.80054731  437.88653283  438.58091472
   435.63931557]
 [ 406.65270534  403.67664865  407.65456253  438.12931379  438.5015087
   436.52105084]
 [ 402.09220425  405.6154138   408.28096908  437.40345864  438.99581759
   435.75616451]
 [ 401.40057212  403.62907298  407.99162028  437.48493395  437.90612104
   435.73020405]
 [ 398.27850682  405.76064069  408.16151095  438.71630424  439.96302438
   435.65394539]
 [ 416.55139843  403.88648564  407.71745239  438.83655158 -302.69083958
   435.60138878]
 [ 409.84132234  405.86677056  409.50098938  439.31366289 -301.83229366
   435.39009044]
 [-304.02377115  404.98250744  408.50918238  439.21369503  437.62579117
   423.7807338 ]
 [ 413.5438566   403.5162835   408.2889662   438.30879316 -301.55628973
   435.47203639]
 [ 392.95436591  404.93820488  408.22538561  438.96675288  438.08655811
   436.90817594]
 [ 390.147989    405.77078431  407.32977228  436.90596832  438.22097666
   435.84465291]
 [ 412.20374013  387.42128489  408.0250286   439.15238147  439.06154341
   435.88522502]]","[-2389.33473296 -2362.08240806 -2357.81598118 -2357.06786842
 -2346.69648842 -2346.23116329 -2341.98026317 -2337.07229583
 -2328.72417933 -2323.82368286 -2318.88424931 -2311.35507238
 -2290.5709851  -2268.30767595 -2267.07276956 -2266.84171893
 -2266.77285706 -2258.77455886 -2252.52356684 -2241.04692915]","[[5.59521294 0.77419601 0.13906838 0.21793656 0.61278104 0.08293911]
 [5.31414666 0.7809245  0.14949249 0.2302158  0.62314286 0.09101309]
 [4.75201409 0.79438147 0.17034072 0.25477429 0.6438665  0.10716105]
 [2.83825374 0.8577944  0.30827695 0.40271381 0.74582748 0.22667562]
 [5.03308037 0.78765298 0.1599166  0.24249505 0.63350468 0.09908707]
 [5.87627923 0.76746752 0.12864427 0.20565732 0.60241922 0.07486512]
 [5.87627923 0.76746752 0.12864427 0.20565732 0.60241922 0.07486512]
 [3.47617386 0.83665676 0.2622982  0.35340064 0.71184049 0.18683743]
 [4.75201409 0.79438147 0.17034072 0.25477429 0.6438665  0.10716105]
 [5.59521294 0.77419601 0.13906838 0.21793656 0.61278104 0.08293911]
 [6.15734551 0.76073904 0.11822016 0.19337807 0.5920574  0.06679114]
 [5.03308037 0.78765298 0.1599166  0.24249505 0.63350468 0.09908707]
 [4.03830643 0.82319978 0.24144998 0.32884215 0.69111685 0.17068947]
 [5.03308037 0.78765298 0.1599166  0.24249505 0.63350468 0.09908707]
 [3.19510757 0.84338524 0.27272232 0.36567988 0.72220231 0.19491141]
 [5.59521294 0.77419601 0.13906838 0.21793656 0.61278104 0.08293911]
 [4.31937271 0.81647129 0.23102587 0.31656291 0.68075503 0.16261548]
 [5.03308037 0.78765298 0.1599166  0.24249505 0.63350468 0.09908707]
 [5.03308037 0.78765298 0.1599166  0.24249505 0.63350468 0.09908707]
 [5.59521294 0.77419601 0.13906838 0.21793656 0.61278104 0.08293911]]"
5,6,"[[421.48971127 404.36222226 407.31642605 437.38563509 437.08473515
  423.50037291]
 [420.69659958 403.68005591 408.50897211 437.98312267 436.71367309
  423.7621345 ]
 [414.21765745 404.33017454 409.28224251 437.33705504 439.59738369
  423.80162509]
 [409.88434238 404.24192067 408.44639636 437.95852906 436.41241317
  423.77191288]
 [408.11223791 405.88651128 408.7428662  438.81135993 436.41020706
  423.64069071]
 [420.08531464 403.75823433 407.78206451 439.0199031  439.25357995
  423.77608074]
 [416.7244756  405.20141442 408.84008647 437.98060397 437.1348334
  435.7446787 ]
 [421.99700605 406.5981261  409.28996693 439.39344923 437.97443829
  435.59236251]
 [424.76908482 405.20140675 408.31253597 438.359716   436.72733479
  435.72249645]
 [411.24189854 402.01578112 408.24292867 437.86510167 437.9563058
  423.77749441]
 [414.15269892 406.83763112 408.82432202 436.85974518 439.59902856
  435.47796646]
 [426.38822838 404.03739062 409.43705065 438.05863587 437.02647094
  435.55904788]
 [414.45442086 406.44079385 408.29685728 438.16333413 438.02772607
  435.59188089]
 [413.6526296  404.61097626 407.96142616 437.06109731 436.37396311
  436.54317722]
 [415.60958471 406.61105758 408.06566879 437.80180389 439.12290733
  435.63441084]
 [417.67132299 405.47922856 407.85957256 437.43179463 437.74982757
  436.94099018]
 [417.04969019 405.73660225 407.64896833 439.304363   436.66086323
  436.00250455]
 [416.15885489 406.30983069 408.48751441 439.41446011 437.86101199
  435.60797782]
 [417.57070001 404.50338192 409.46285644 439.19541475 437.35608632
  435.96674226]
 [415.6349564  404.28915212 408.80271194 439.01873209 437.00990881
  435.3985788 ]]","[-2389.46564021 -2389.33473296 -2378.98090414 -2377.39218291
 -2375.85540165 -2372.07154409 -2366.11132163 -2365.6303463
 -2365.02516379 -2364.84235915 -2363.42061326 -2362.57020209
 -2362.08240806 -2360.37326971 -2360.2762623  -2360.20822226
 -2359.87053954 -2359.75908787 -2358.99664392 -2358.34693006]","[[4.75201409 0.79438147 0.17034072 0.25477429 0.6438665  0.10716105]
 [5.59521294 0.77419601 0.13906838 0.21793656 0.61278104 0.08293911]
 [5.97826946 0.77149871 0.14032389 0.21800161 0.60950902 0.08485624]
 [8.59246245 0.72617782 0.08460194 0.14859271 0.54206665 0.04421602]
 [7.14483281 0.75220251 0.11767497 0.18943678 0.58096874 0.06857312]
 [9.03521098 0.71989396 0.07848954 0.14044992 0.53297742 0.04011145]
 [7.58758135 0.74591865 0.11156257 0.18129399 0.57187951 0.06446855]
 [8.03032988 0.73963479 0.10545017 0.1731512  0.56279029 0.06036398]
 [9.25658525 0.71675203 0.07543334 0.13637852 0.5284328  0.03805917]
 [8.59246245 0.72617782 0.08460194 0.14859271 0.54206665 0.04421602]
 [8.37108818 0.72931975 0.08765814 0.15266411 0.54661126 0.0462683 ]
 [7.92833965 0.7356036  0.09377055 0.1608069  0.55570049 0.05037287]
 [5.31414666 0.7809245  0.14949249 0.2302158  0.62314286 0.09101309]
 [6.92345854 0.75534444 0.12073117 0.19350818 0.58551335 0.0706254 ]
 [8.37108818 0.72931975 0.08765814 0.15266411 0.54661126 0.0462683 ]
 [8.81383671 0.72303589 0.08154574 0.14452131 0.53752203 0.04216373]
 [7.92833965 0.7356036  0.09377055 0.1608069  0.55570049 0.05037287]
 [7.80895561 0.74277672 0.10850637 0.17722259 0.5673349  0.06241627]
 [6.48071001 0.76162829 0.12684357 0.20165097 0.59460258 0.07472997]
 [7.92833965 0.7356036  0.09377055 0.1608069  0.55570049 0.05037287]]"
6,7,"[[419.06008508 406.58940961 408.13550927 437.31863078 436.24732069
  423.71743365]
 [418.61570702 405.59379999 409.19607771 436.88930266 436.68478262
  423.83391704]
 [420.42403852 406.83370569 408.5074575  437.78526677 437.36577174
  423.53285632]
 [420.6400604  404.86282411 407.74105851 437.22981163 436.04318821
  423.79330303]
 [419.31492662 407.16431016 408.77629978 439.27506222 437.08598585
  423.76445075]
 [423.60962164 407.59015763 407.64676604 438.12727333 437.9963382
  423.79962932]
 [425.07063471 403.27388632 409.23870942 437.27290835 436.01567246
  423.7833584 ]
 [424.36276808 404.16252486 408.18042589 437.15212532 436.48023464
  423.7937319 ]
 [423.14476133 404.73571461 407.96909668 437.9061879  436.96208253
  423.6687771 ]
 [422.09011843 406.30115254 408.05574656 438.97993144 437.47320054
  423.76920286]
 [416.61851132 406.56292814 409.19723872 438.25222836 438.98464461
  423.76063542]
 [421.48971127 404.36222226 407.31642605 437.38563509 437.08473515
  423.50037291]
 [420.69659958 403.68005591 408.50897211 437.98312267 436.71367309
  423.7621345 ]
 [420.07164845 404.39843193 407.76169691 437.23947108 437.65200484
  423.80081867]
 [415.42229875 406.90385559 408.20580479 438.64781074 438.39656556
  423.70465767]
 [413.30070803 405.10433783 408.8139216  438.97743864 436.1338052
  423.7784802 ]
 [414.89680228 404.79406149 409.49892466 439.07910665 437.21685611
  423.76230175]
 [411.58418749 407.40920763 408.77628828 439.29793689 437.35938261
  423.78965508]
 [422.7110213  404.69033367 408.24827397 439.55315208 436.85834709
  423.77875445]
 [433.22327388 408.05798886 408.19904749 437.62367227 437.48367638
  423.75144389]]","[-2403.52098519 -2402.83055184 -2399.76092552 -2397.35114877
 -2395.90769839 -2394.50821386 -2393.26901819 -2393.16563602
 -2390.75755144 -2390.60430185 -2389.51348114 -2389.46564021
 -2389.33473296 -2389.09579741 -2387.12094305 -2386.54157096
 -2385.40447175 -2384.82804851 -2384.78322616 -2384.05213956]","[[12.91813396  0.68594183  0.05661661  0.10802973  0.48657492  0.02710431]
 [10.067668    0.716323    0.08085796  0.14188614  0.52923032  0.04258233]
 [11.30188399  0.70082098  0.06684109  0.12290067  0.5070654   0.03332988]
 [12.39505557  0.69034328  0.05930471  0.11207956  0.49255462  0.02866929]
 [13.3608825   0.67965797  0.05050421  0.09988694  0.4774857   0.02299975]
 [11.99932185  0.69495236  0.06325695  0.1175009   0.49909247  0.03124324]
 [11.00017987  0.7020805   0.06647299  0.1228791   0.50850048  0.03284257]
 [12.56941504  0.68887613  0.05840868  0.11072961  0.49056139  0.02814763]
 [12.7437745   0.68740898  0.05751264  0.10937967  0.48856816  0.02762597]
 [10.51041654  0.71003914  0.07474556  0.13374334  0.52014109  0.03847776]
 [13.3608825   0.67965797  0.05050421  0.09988694  0.4774857   0.02299975]
 [ 4.75201409  0.79438147  0.17034072  0.25477429  0.6438665   0.10716105]
 [ 5.59521294  0.77419601  0.13906838  0.21793656  0.61278104  0.08293911]
 [11.69761772  0.69621189  0.06288885  0.11747933  0.50052755  0.03075593]
 [ 7.48559111  0.74188746  0.09988295  0.16894969  0.56478972  0.05447744]
 [13.3608825   0.67965797  0.05050421  0.09988694  0.4774857   0.02299975]
 [10.16169761  0.71297344  0.07653763  0.13644323  0.52412755  0.03952108]
 [11.69761772  0.69621189  0.06288885  0.11747933  0.50052755  0.03075593]
 [11.42922865  0.7010286   0.06810522  0.12427218  0.50762355  0.03433884]
 [11.08050973  0.7039629   0.06989729  0.12697206  0.51161001  0.03538216]]"
7,8,"[[415.73524425 407.1909103  409.23986291 436.69305329 435.94499558
  423.73816799]
 [416.5080643  407.09503327 409.49217802 437.21880502 435.9490649
  423.75726372]
 [422.72124057 406.03216771 409.43105171 437.28214521 436.05452714
  423.79605667]
 [414.16457189 407.32011457 409.20262921 437.60070528 435.37174654
  423.72397881]
 [419.94110985 407.79312448 408.77604666 436.87616303 437.72908613
  423.77966666]
 [423.04032789 406.69504687 409.23379246 437.53440051 436.81776693
  423.66001379]
 [419.06008508 406.58940961 408.13550927 437.31863078 436.24732069
  423.71743365]
 [418.61570702 405.59379999 409.19607771 436.88930266 436.68478262
  423.83391704]
 [419.30395744 407.74903934 409.24780616 439.26475376 436.32630587
  423.5243202 ]
 [411.7766322  407.06796235 409.49954019 437.27494658 435.71139192
  423.75385308]
 [417.12088085 408.16125559 408.50293813 437.10477205 438.34258278
  423.80965032]
 [417.6100568  407.11101867 407.78491747 438.16202209 436.16592001
  423.77437352]
 [423.65172575 406.0237855  407.89781892 437.5307632  436.18693521
  423.54532419]
 [420.42403852 406.83370569 408.5074575  437.78526677 437.36577174
  423.53285632]
 [426.25604252 407.54950424 408.7301221  437.25246048 437.76704632
  423.82300496]
 [412.64461208 407.05635124 409.20405764 436.82041305 437.02671465
  423.69056557]
 [426.17103652 406.54913081 409.22914749 438.62338251 436.07857827
  423.77510638]
 [425.43542382 406.9421965  408.19005063 438.17679347 436.46970097
  423.85547406]
 [420.051632   405.97662779 409.16918435 438.71836129 436.46356012
  423.69413156]
 [425.81423817 405.28357281 408.0768779  436.91192606 436.223151
  423.75525357]]","[-2409.57371645 -2408.79681825 -2406.31022229 -2405.99530146
 -2405.72902548 -2404.08969229 -2403.52098519 -2402.83055184
 -2402.41658737 -2401.30584926 -2400.82143745 -2400.00631742
 -2399.76256169 -2399.76092552 -2399.70491564 -2399.13248294
 -2398.84017304 -2398.34403284 -2398.09220068 -2397.72743822]","[[1.76288879e+01 6.55976747e-01 4.00897458e-02 8.28496487e-02
  4.46783144e-01 1.74655608e-02]
 [1.38253505e+01 6.80924779e-01 5.29906627e-02 1.03063026e-01
  4.79828712e-01 2.46711265e-02]
 [1.84528650e+01 6.51866144e-01 3.85135180e-02 8.01640674e-02
  4.41537846e-01 1.66699729e-02]
 [1.95252615e+01 6.44724285e-01 3.47745953e-02 7.43238528e-02
  4.32061284e-01 1.45746022e-02]
 [2.05606280e+01 6.38364477e-01 3.16690026e-02 6.93859837e-02
  4.23703737e-01 1.28682932e-02]
 [1.80408765e+01 6.53921445e-01 3.93016319e-02 8.15068581e-02
  4.44160495e-01 1.70677669e-02]
 [1.29181340e+01 6.85941825e-01 5.66166079e-02 1.08029730e-01
  4.86574925e-01 2.71043149e-02]
 [1.00676680e+01 7.16322996e-01 8.08579619e-02 1.41886137e-01
  5.29230317e-01 4.25823310e-02]
 [1.92506025e+01 6.46094486e-01 3.53000045e-02 7.52190466e-02
  4.33809716e-01 1.48397982e-02]
 [1.33085420e+01 6.88772741e-01 6.03697256e-02 1.13010510e-01
  4.91155972e-01 2.95538178e-02]
 [1.20210413e+01 7.02503034e-01 7.18558083e-02 1.28819778e-01
  5.10524711e-01 3.70191851e-02]
 [1.65935214e+01 6.62336554e-01 4.31953385e-02 8.77875178e-02
  4.55140690e-01 1.91718699e-02]
 [1.42661338e+01 6.88316267e-01 6.47485883e-02 1.17594098e-01
  4.91816386e-01 3.30849073e-02]
 [1.13018840e+01 7.00820975e-01 6.68410871e-02 1.22900666e-01
  5.07065398e-01 3.33298756e-02]
 [1.69052104e+01 6.60184301e-01 4.20365991e-02 8.59899785e-02
  4.52273241e-01 1.85176124e-02]
 [1.85269249e+01 6.50302040e-01 3.72468578e-02 7.83593764e-02
  4.39299814e-01 1.58918497e-02]
 [1.97366509e+01 6.42475080e-01 3.32452304e-02 7.20715649e-02
  4.28949035e-01 1.36638811e-02]
 [1.83525655e+01 6.51769192e-01 3.81428926e-02 7.97093188e-02
  4.41293046e-01 1.64135093e-02]
 [1.94249619e+01 6.44627333e-01 3.44039698e-02 7.38691042e-02
  4.31816484e-01 1.43181386e-02]
 [1.99372501e+01 6.42668984e-01 3.39864814e-02 7.29810622e-02
  4.29438635e-01 1.41768083e-02]]"
8,9,"[[423.93947273 408.14314814 408.15442231 437.17621924 434.58514248
  423.53257562]
 [417.5038303  408.060095   409.23892701 436.93819615 436.15672072
  423.63500034]
 [418.23880765 408.50276535 409.20745871 437.30579951 436.57985942
  423.70619119]
 [415.73524425 407.1909103  409.23986291 436.69305329 435.94499558
  423.73816799]
 [424.84523933 407.92820355 408.73930971 436.81404527 436.49444087
  423.72016372]
 [416.5080643  407.09503327 409.49217802 437.21880502 435.9490649
  423.75726372]
 [421.15563499 406.96603847 408.70293836 437.86949781 435.75961005
  423.82246982]
 [418.79104044 408.21202915 408.09382878 437.2725013  436.85443495
  423.69479069]
 [415.98283968 407.68769128 409.22178069 437.8214056  436.05558243
  423.83470341]
 [422.72124057 406.03216771 409.43105171 437.28214521 436.05452714
  423.79605667]
 [419.31866457 406.30151527 408.23651051 436.90657167 435.8411888
  423.86308055]
 [414.16457189 407.32011457 409.20262921 437.60070528 435.37174654
  423.72397881]
 [413.11150498 407.92980564 409.19405219 437.26699255 435.78204944
  423.77373052]
 [419.94110985 407.79312448 408.77604666 436.87616303 437.72908613
  423.77966666]
 [414.15093864 407.4194015  409.14319865 437.23544464 436.3049457
  423.528496  ]
 [423.04032789 406.69504687 409.23379246 437.53440051 436.81776693
  423.66001379]
 [414.90746031 407.64429533 407.91782047 437.53035572 435.58173491
  423.76530357]
 [430.75650277 408.27731344 409.23200902 437.10764174 435.75656837
  423.70363131]
 [419.06008508 406.58940961 408.13550927 437.31863078 436.24732069
  423.71743365]
 [417.94866151 407.11333649 408.53225852 436.89853009 437.34064381
  423.53668201]]","[-2414.80202038 -2412.6661808  -2411.38877677 -2409.57371645
 -2409.52347394 -2408.79681825 -2406.52221757 -2406.51042166
 -2406.44772788 -2406.31022229 -2406.00233527 -2405.99530146
 -2405.87582091 -2405.72902548 -2404.29668341 -2404.08969229
 -2403.83569433 -2403.53769912 -2403.52098519 -2403.38680451]","[[2.46302656e+01 6.29740009e-01 3.14165594e-02 6.76526209e-02
  4.14177765e-01 1.31817697e-02]
 [2.51710850e+01 6.28140440e-01 3.10314531e-02 6.69105782e-02
  4.12260642e-01 1.30132477e-02]
 [2.96171196e+01 6.06049376e-01 2.15324123e-02 5.13691939e-02
  3.83813293e-01 7.94411841e-03]
 [1.76288879e+01 6.55976747e-01 4.00897458e-02 8.28496487e-02
  4.46783144e-01 1.74655608e-02]
 [2.56443308e+01 6.23328523e-01 2.80490034e-02 6.24107829e-02
  4.05682786e-01 1.12841862e-02]
 [1.38253505e+01 6.80924779e-01 5.29906627e-02 1.03063026e-01
  4.79828712e-01 2.46711265e-02]
 [2.97544491e+01 6.05364275e-01 2.12697076e-02 5.09215970e-02
  3.82939077e-01 7.81152042e-03]
 [2.83398199e+01 6.10663988e-01 2.29366963e-02 5.38992527e-02
  3.89503338e-01 8.61154758e-03]
 [2.50743457e+01 6.25293279e-01 2.86197931e-02 6.34520139e-02
  4.08090700e-01 1.15516018e-02]
 [1.84528650e+01 6.51866144e-01 3.85135180e-02 8.01640674e-02
  4.41537846e-01 1.66699729e-02]
 [2.95089557e+01 6.06369290e-01 2.16094335e-02 5.15176024e-02
  3.84196718e-01 7.97782281e-03]
 [1.95252615e+01 6.44724285e-01 3.47745953e-02 7.43238528e-02
  4.32061284e-01 1.45746022e-02]
 [2.39586028e+01 6.27248228e-01 2.82003667e-02 6.32798167e-02
  4.10070338e-01 1.11442270e-02]
 [2.05606280e+01 6.38364477e-01 3.16690026e-02 6.93859837e-02
  4.23703737e-01 1.28682932e-02]
 [2.23844293e+01 6.38843224e-01 3.48893571e-02 7.34738273e-02
  4.25664030e-01 1.49958509e-02]
 [1.80408765e+01 6.53921445e-01 3.93016319e-02 8.15068581e-02
  4.44160495e-01 1.70677669e-02]
 [2.98334474e+01 6.05409548e-01 2.13783698e-02 5.10723768e-02
  3.83046444e-01 7.87670960e-03]
 [2.03492386e+01 6.40613682e-01 3.31983675e-02 7.16382716e-02
  4.26815986e-01 1.37790144e-02]
 [1.29181340e+01 6.85941825e-01 5.66166079e-02 1.08029730e-01
  4.86574925e-01 2.71043149e-02]
 [3.17390634e+01 5.98099806e-01 1.90319293e-02 4.69027103e-02
  3.73966901e-01 6.74407767e-03]]"
9,10,"[[419.63745506 408.49798011 409.46588814 436.95499054 434.18787916
  423.72127641]
 [420.3264572  408.46869173 408.56617576 437.60526631 434.90972111
  423.52893469]
 [423.93947273 408.14314814 408.15442231 437.17621924 434.58514248
  423.53257562]
 [426.61130035 406.97779615 409.21144056 436.87194635 434.48305658
  423.63424521]
 [417.5038303  408.060095   409.23892701 436.93819615 436.15672072
  423.63500034]
 [419.26950338 409.22086391 408.70700092 437.87204914 436.16252867
  423.72541752]
 [420.94457055 406.98035382 409.25843198 437.11504297 435.64474938
  423.82461716]
 [417.15864561 408.21192957 408.77081481 437.33682421 435.67557557
  423.75793841]
 [418.23880765 408.50276535 409.20745871 437.30579951 436.57985942
  423.70619119]
 [420.34680015 408.62563454 408.10122297 436.78052241 436.68434326
  423.77062721]
 [420.12912282 406.53459872 409.19751814 436.987685   435.51989949
  423.79047546]
 [423.32291347 407.47960753 408.75299868 437.1124383  435.80668539
  423.5356266 ]
 [420.20933113 406.78739768 408.68505292 437.06540848 435.32501862
  423.79657395]
 [412.79366347 408.84846881 409.43391913 437.15711542 435.47896869
  423.79065183]
 [415.73524425 407.1909103  409.23986291 436.69305329 435.94499558
  423.73816799]
 [425.96648714 407.63780988 409.42382013 437.80725735 435.34937376
  423.78453458]
 [424.84523933 407.92820355 408.73930971 436.81404527 436.49444087
  423.72016372]
 [411.70580727 408.6260747  409.45014984 436.91996322 435.30872682
  423.7692945 ]
 [416.5080643  407.09503327 409.49217802 437.21880502 435.9490649
  423.75726372]
 [419.90647645 406.94683383 409.11581718 437.26127228 436.17556392
  423.82076157]]","[-2422.82355664 -2415.29824688 -2414.80202038 -2412.7511054
 -2412.6661808  -2411.87774365 -2411.73145406 -2411.55318
 -2411.38877677 -2410.9386076  -2410.90042476 -2410.83586673
 -2410.6688895  -2410.31763349 -2409.57371645 -2409.52601491
 -2409.52347394 -2408.90284606 -2408.79681825 -2408.49844425]","[[4.73195099e+01 5.64443366e-01 1.23046038e-02 3.34226439e-02
  3.34852133e-01 3.90316785e-03]
 [4.26412955e+01 5.77212601e-01 1.55464665e-02 3.95129600e-02
  3.50160864e-01 5.37844862e-03]
 [2.46302656e+01 6.29740009e-01 3.14165594e-02 6.76526209e-02
  4.14177765e-01 1.31817697e-02]
 [3.43244521e+01 6.00644499e-01 2.17720838e-02 5.10562795e-02
  3.78403269e-01 8.25659789e-03]
 [2.51710850e+01 6.28140440e-01 3.10314531e-02 6.69105782e-02
  4.12260642e-01 1.30132477e-02]
 [3.27552639e+01 5.99213698e-01 2.00216892e-02 4.84517656e-02
  3.75809300e-01 7.27217566e-03]
 [3.78285557e+01 5.89382700e-01 1.84526316e-02 4.50549057e-02
  3.64622274e-01 6.67998824e-03]
 [4.32606136e+01 5.75996366e-01 1.53339560e-02 3.90693069e-02
  3.48768437e-01 5.29334132e-03]
 [2.96171196e+01 6.06049376e-01 2.15324123e-02 5.13691939e-02
  3.83813293e-01 7.94411841e-03]
 [3.88138331e+01 5.83740345e-01 1.64313921e-02 4.15273070e-02
  3.57452845e-01 5.69021403e-03]
 [3.47779084e+01 5.95122818e-01 1.94063046e-02 4.70747689e-02
  3.71153892e-01 7.05525025e-03]
 [2.77698349e+01 6.12628744e-01 2.35074859e-02 5.49404837e-02
  3.91911252e-01 8.87896318e-03]
 [3.88833335e+01 5.85602575e-01 1.73336338e-02 4.30216511e-02
  3.59974612e-01 6.15372420e-03]
 [3.14060731e+01 6.00200380e-01 1.99287054e-02 4.83962808e-02
  3.76696918e-01 7.20706080e-03]
 [1.76288879e+01 6.55976747e-01 4.00897458e-02 8.28496487e-02
  4.46783144e-01 1.74655608e-02]
 [3.43866730e+01 6.00665639e-01 2.18039420e-02 5.11062732e-02
  3.78450360e-01 8.27316799e-03]
 [2.56443308e+01 6.23328523e-01 2.80490034e-02 6.24107829e-02
  4.05682786e-01 1.12841862e-02]
 [4.84959252e+01 5.61989757e-01 1.18477246e-02 3.24853440e-02
  3.32020190e-01 3.71638314e-03]
 [1.38253505e+01 6.80924779e-01 5.29906627e-02 1.03063026e-01
  4.79828712e-01 2.46711265e-02]
 [3.15154086e+01 6.04628089e-01 2.19828059e-02 5.18317671e-02
  3.82648572e-01 8.25120025e-03]]"
10,11,"[[419.63745506 408.49798011 409.46588814 436.95499054 434.18787916
  423.72127641]
 [421.97565196 409.06876418 408.68912744 437.15093914 434.99546818
  423.6981621 ]
 [417.92424254 408.97039512 408.76241231 436.86382769 435.80197223
  423.53318196]
 [416.5080643  408.50276535 409.20745871 437.60526631 434.58514248
  423.5356266 ]
 [420.3264572  408.46869173 408.56617576 437.60526631 434.90972111
  423.52893469]
 [423.93947273 408.14314814 408.15442231 437.17621924 434.58514248
  423.53257562]
 [420.34680015 407.09503327 409.11581718 437.30579951 434.58514248
  423.72016372]
 [414.90580507 408.09908739 408.58040426 436.88425268 434.44376584
  423.63049486]
 [421.50271187 408.71274315 408.56295659 437.30845773 435.85038859
  423.73470188]
 [423.93947273 407.09503327 409.46588814 436.987685   435.30872682
  423.72127641]
 [420.12912282 407.63780988 409.46588814 437.30579951 435.80668539
  423.63424521]
 [415.73524425 408.6260747  409.11581718 437.21880502 435.64474938
  423.72127641]
 [426.61130035 406.97779615 409.21144056 436.87194635 434.48305658
  423.63424521]
 [417.5038303  408.060095   409.23892701 436.93819615 436.15672072
  423.63500034]
 [419.26950338 409.22086391 408.70700092 437.87204914 436.16252867
  423.72541752]
 [420.94457055 406.98035382 409.25843198 437.11504297 435.64474938
  423.82461716]
 [426.41885723 408.67918353 408.74243663 437.190813   435.66861481
  423.75160918]
 [417.15864561 408.21192957 408.77081481 437.33682421 435.67557557
  423.75793841]
 [418.23880765 408.50276535 409.20745871 437.30579951 436.57985942
  423.70619119]
 [419.27795415 407.25031397 408.69660369 437.09683259 435.52575581
  423.75696869]]","[-2422.82355664 -2418.84039231 -2416.08456562 -2415.97613957
 -2415.29824688 -2414.80202038 -2414.70329317 -2414.05900827
 -2413.74566868 -2413.4011543  -2413.21249174 -2412.85837436
 -2412.7511054  -2412.6661808  -2411.87774365 -2411.73145406
 -2411.60798482 -2411.55318    -2411.38877677 -2411.17984546]","[[4.73195099e+01 5.64443366e-01 1.23046038e-02 3.34226439e-02
  3.34852133e-01 3.90316785e-03]
 [6.11567881e+01 5.49453140e-01 1.08883032e-02 2.98992818e-02
  3.18952531e-01 3.44840162e-03]
 [7.63930114e+01 5.24852566e-01 6.94716851e-03 2.15421615e-02
  2.91242967e-01 1.88929685e-03]
 [4.66542487e+01 5.66000655e-01 1.26259937e-02 3.40646992e-02
  3.36675075e-01 4.03854966e-03]
 [4.26412955e+01 5.77212601e-01 1.55464665e-02 3.95129600e-02
  3.50160864e-01 5.37844862e-03]
 [2.46302656e+01 6.29740009e-01 3.14165594e-02 6.76526209e-02
  4.14177765e-01 1.31817697e-02]
 [6.46437213e+01 5.41549719e-01 9.31314801e-03 2.67232090e-02
  3.09743184e-01 2.79185376e-03]
 [4.00233899e+01 5.84384937e-01 1.73215491e-02 4.28787463e-02
  3.58743652e-01 6.17604047e-03]
 [5.07687319e+01 5.63651904e-01 1.30410190e-02 3.44624813e-02
  3.34705377e-01 4.31463599e-03]
 [4.56241243e+01 5.73124298e-01 1.49680548e-02 3.82503913e-02
  3.45641372e-01 5.15624803e-03]
 [6.30187661e+01 5.44762928e-01 9.91863013e-03 2.79568045e-02
  3.13448183e-01 3.04197882e-03]
 [6.79911459e+01 5.37643953e-01 8.88363325e-03 2.57098183e-02
  3.05541988e-01 2.64260047e-03]
 [3.43244521e+01 6.00644499e-01 2.17720838e-02 5.10562795e-02
  3.78403269e-01 8.25659789e-03]
 [2.51710850e+01 6.28140440e-01 3.10314531e-02 6.69105782e-02
  4.12260642e-01 1.30132477e-02]
 [3.27552639e+01 5.99213698e-01 2.00216892e-02 4.84517656e-02
  3.75809300e-01 7.27217566e-03]
 [3.78285557e+01 5.89382700e-01 1.84526316e-02 4.50549057e-02
  3.64622274e-01 6.67998824e-03]
 [4.51992848e+01 5.69072951e-01 1.32050572e-02 3.52488224e-02
  3.40226777e-01 4.27617307e-03]
 [4.32606136e+01 5.75996366e-01 1.53339560e-02 3.90693069e-02
  3.48768437e-01 5.29334132e-03]
 [2.96171196e+01 6.06049376e-01 2.15324123e-02 5.13691939e-02
  3.83813293e-01 7.94411841e-03]
 [6.33799050e+01 5.44752400e-01 9.96805174e-03 2.80399466e-02
  3.13498348e-01 3.06507240e-03]]"
11,12,"[[419.63745506 408.49798011 409.46588814 436.95499054 434.18787916
  423.72127641]
 [417.92424254 408.6260747  409.25843198 436.88425268 434.48305658
  423.52893469]
 [425.85124589 409.15351345 409.23492534 436.84802032 434.88831576
  423.72156058]
 [421.97565196 409.06876418 408.68912744 437.15093914 434.99546818
  423.6981621 ]
 [420.12912282 408.50276535 409.20745871 437.15093914 434.99546818
  423.75793841]
 [420.34680015 408.6260747  409.25843198 436.87194635 435.80197223
  423.5356266 ]
 [421.50271187 408.71274315 409.21144056 436.88425268 435.80668539
  423.70619119]
 [420.3264572  408.50276535 409.23892701 436.93819615 435.67557557
  423.63500034]
 [416.5080643  408.71274315 408.69660369 437.15093914 434.48305658
  423.75793841]
 [426.41885723 408.46869173 409.46588814 437.30845773 434.58514248
  423.63424521]
 [417.15864561 408.49798011 408.77081481 437.30845773 434.58514248
  423.6981621 ]
 [417.15864561 408.71274315 409.46588814 436.95499054 435.80197223
  423.72127641]
 [419.27795415 409.22086391 408.69660369 437.17621924 435.80668539
  423.53318196]
 [417.92424254 408.97039512 408.76241231 436.86382769 435.80197223
  423.53318196]
 [416.5080643  408.50276535 409.20745871 437.60526631 434.58514248
  423.5356266 ]
 [414.90580507 408.50276535 408.56617576 436.987685   434.18787916
  423.52893469]
 [421.50271187 408.6260747  408.76241231 436.93819615 435.80197223
  423.72541752]
 [420.34680015 408.49798011 409.20745871 437.190813   435.85038859
  423.63049486]
 [420.12912282 408.49798011 409.11581718 437.33682421 435.66861481
  423.53257562]
 [420.3264572  408.46869173 408.56617576 437.60526631 434.90972111
  423.52893469]]","[-2422.82355664 -2421.09952627 -2419.38790617 -2418.84039231
 -2418.67443475 -2417.60047176 -2417.5597105  -2417.30056946
 -2417.14517939 -2416.51643204 -2416.45067257 -2416.22627887
 -2416.16537277 -2416.08456562 -2415.97613957 -2415.78587041
 -2415.75849739 -2415.54728498 -2415.38367168 -2415.29824688]","[[4.73195099e+01 5.64443366e-01 1.23046038e-02 3.34226439e-02
  3.34852133e-01 3.90316785e-03]
 [5.55934392e+01 5.55026015e-01 1.12801233e-02 3.10037630e-02
  3.24747553e-01 3.54642919e-03]
 [5.03618521e+01 5.63476798e-01 1.26962620e-02 3.39609470e-02
  3.34302280e-01 4.11797722e-03]
 [6.11567881e+01 5.49453140e-01 1.08883032e-02 2.98992818e-02
  3.18952531e-01 3.44840162e-03]
 [1.00155513e+02 5.08287169e-01 5.86025212e-03 1.85693133e-02
  2.74536095e-01 1.57694596e-03]
 [3.96506506e+01 5.86631906e-01 1.81959609e-02 4.43707317e-02
  3.61628649e-01 6.61554178e-03]
 [8.63809881e+01 5.18681266e-01 6.60976288e-03 2.05643082e-02
  2.85139025e-01 1.79976332e-03]
 [1.13720282e+02 4.96142517e-01 4.64136579e-03 1.56672157e-02
  2.61745259e-01 1.15193980e-03]
 [7.08190129e+01 5.33266007e-01 8.19745937e-03 2.42488516e-02
  3.00630215e-01 2.37202564e-03]
 [9.63369849e+01 5.13144390e-01 6.38459109e-03 1.98272537e-02
  2.79780219e-01 1.75306314e-03]
 [8.45001459e+01 5.22416350e-01 7.28848521e-03 2.19617537e-02
  2.89428804e-01 2.07676738e-03]
 [7.79496088e+01 5.33358090e-01 9.11374760e-03 2.57891421e-02
  3.01815704e-01 2.80834942e-03]
 [1.00834352e+02 5.07258761e-01 5.65297338e-03 1.81576766e-02
  2.73348908e-01 1.48874211e-03]
 [7.63930114e+01 5.24852566e-01 6.94716851e-03 2.15421615e-02
  2.91242967e-01 1.88929685e-03]
 [4.66542487e+01 5.66000655e-01 1.26259937e-02 3.40646992e-02
  3.36675075e-01 4.03854966e-03]
 [7.40596744e+01 5.32169237e-01 8.31913887e-03 2.43807432e-02
  2.99766321e-01 2.44220261e-03]
 [7.97141106e+01 5.29594811e-01 8.33253991e-03 2.42358694e-02
  2.97418452e-01 2.47704712e-03]
 [8.71366545e+01 5.20592517e-01 7.16255759e-03 2.16257464e-02
  2.87586192e-01 2.03882945e-03]
 [6.43046616e+01 5.44048489e-01 9.99079986e-03 2.80104562e-02
  3.12828295e-01 3.09082867e-03]
 [4.26412955e+01 5.77212601e-01 1.55464665e-02 3.95129600e-02
  3.50160864e-01 5.37844862e-03]]"
12,13,"[[419.63745506 408.49798011 409.46588814 436.95499054 434.18787916
  423.72127641]
 [419.63745506 408.6260747  409.23892701 436.93819615 434.18787916
  423.53318196]
 [421.97565196 408.6260747  409.25843198 436.88425268 434.58514248
  423.53318196]
 [417.92424254 408.6260747  409.25843198 436.88425268 434.48305658
  423.52893469]
 [420.12912282 408.50276535 409.25843198 436.987685   434.58514248
  423.53257562]
 [420.34680015 408.71274315 408.76241231 436.987685   434.48305658
  423.53318196]
 [419.27795415 409.22086391 409.20745871 437.30845773 434.99546818
  423.75793841]
 [417.92424254 409.22086391 409.23492534 437.60526631 434.48305658
  423.53318196]
 [421.34679534 408.79194648 409.2643984  436.92468983 435.29617522
  423.72576198]
 [414.50143454 409.14415059 409.47004378 436.89590979 434.31431218
  423.70610328]
 [425.85124589 409.15351345 409.23492534 436.84802032 434.88831576
  423.72156058]
 [421.69964477 408.46996365 408.69008284 436.95994618 434.61672684
  423.5299283 ]
 [416.5080643  408.46869173 409.46588814 436.987685   434.58514248
  423.75793841]
 [421.50271187 408.49798011 408.76241231 436.88425268 434.90972111
  423.53318196]
 [416.5080643  408.49798011 409.46588814 437.15093914 434.48305658
  423.5356266 ]
 [421.97565196 409.06876418 408.68912744 437.15093914 434.99546818
  423.6981621 ]
 [416.5080643  408.50276535 409.46588814 437.190813   434.48305658
  423.63049486]
 [420.12912282 408.50276535 409.20745871 437.15093914 434.99546818
  423.75793841]
 [417.15864561 408.6260747  408.77081481 436.87194635 434.58514248
  423.63500034]
 [420.12912282 408.97039512 409.11581718 436.86382769 435.66861481
  423.72127641]]","[-2422.82355664 -2422.75662697 -2421.79063975 -2421.09952627
 -2421.04270131 -2420.60354368 -2419.91357584 -2419.88581641
 -2419.6513673  -2419.56791589 -2419.38790617 -2419.28418151
 -2418.9657919  -2418.90930107 -2418.89966364 -2418.84039231
 -2418.69139906 -2418.67443475 -2418.63253693 -2418.57726894]","[[4.73195099e+01 5.64443366e-01 1.23046038e-02 3.34226439e-02
  3.34852133e-01 3.90316785e-03]
 [1.33355380e+02 4.90852810e-01 4.66795403e-03 1.54745746e-02
  2.57231204e-01 1.19425439e-03]
 [1.22332940e+02 4.92960581e-01 4.54025857e-03 1.53219298e-02
  2.58795315e-01 1.13081595e-03]
 [5.55934392e+01 5.55026015e-01 1.12801233e-02 3.10037630e-02
  3.24747553e-01 3.54642919e-03]
 [1.47899811e+02 4.80179627e-01 3.79983553e-03 1.32785972e-02
  2.46274629e-01 9.13576680e-04]
 [1.24045717e+02 4.96189685e-01 5.06416680e-03 1.64876977e-02
  2.62599547e-01 1.32213373e-03]
 [9.69148511e+01 5.09383940e-01 5.73857262e-03 1.84374217e-02
  2.75399989e-01 1.50676899e-03]
 [1.57604361e+02 4.73881295e-01 3.29867081e-03 1.20131918e-02
  2.39859211e-01 7.50278322e-04]
 [9.86648381e+01 5.12628482e-01 6.27955582e-03 1.96326974e-02
  2.79237582e-01 1.70596625e-03]
 [1.31415499e+02 4.90394627e-01 4.54294208e-03 1.52062163e-02
  2.56578505e-01 1.14786757e-03]
 [5.03618521e+01 5.63476798e-01 1.26962620e-02 3.39609470e-02
  3.34302280e-01 4.11797722e-03]
 [1.26525054e+02 4.93665934e-01 4.80103159e-03 1.58614247e-02
  2.59913504e-01 1.23124409e-03]
 [1.57604361e+02 4.73881295e-01 3.29867081e-03 1.20131918e-02
  2.39859211e-01 7.50278322e-04]
 [1.12042734e+02 5.03104907e-01 5.60118144e-03 1.78381924e-02
  2.69578097e-01 1.49948191e-03]
 [1.18550937e+02 5.00470037e-01 5.44050586e-03 1.74173213e-02
  2.67031795e-01 1.44756340e-03]
 [6.11567881e+01 5.49453140e-01 1.08883032e-02 2.98992818e-02
  3.18952531e-01 3.44840162e-03]
 [1.55296678e+02 4.76486632e-01 3.52924260e-03 1.25945642e-02
  2.42598151e-01 8.24017897e-04]
 [1.00155513e+02 5.08287169e-01 5.86025212e-03 1.85693133e-02
  2.74536095e-01 1.57694596e-03]
 [1.51754449e+02 4.79234980e-01 3.74374250e-03 1.31481416e-02
  2.45418874e-01 8.91204310e-04]
 [1.18499995e+02 4.93586048e-01 4.47586407e-03 1.52265377e-02
  2.59212095e-01 1.10100170e-03]]"
13,14,"[[421.97565196 409.22086391 409.46588814 436.88425268 434.48305658
  423.53318196]
 [421.69964477 408.79194648 409.46588814 437.190813   434.18787916
  423.52893469]
 [421.69964477 409.22086391 409.46588814 436.93819615 434.88831576
  423.6981621 ]
 [419.63745506 408.49798011 409.46588814 436.95499054 434.18787916
  423.72127641]
 [419.63745506 408.6260747  409.23892701 436.93819615 434.18787916
  423.53318196]
 [421.50271187 409.06876418 409.11581718 436.95994618 434.48305658
  423.70610328]
 [419.63745506 408.46996365 409.2643984  436.86382769 434.18787916
  423.53318196]
 [421.34679534 408.6260747  409.46588814 436.87194635 434.58514248
  423.75793841]
 [425.85124589 409.15351345 409.46588814 436.86382769 434.18787916
  423.72127641]
 [421.97565196 409.22086391 409.25843198 436.86382769 434.99546818
  423.70610328]
 [421.34679534 409.22086391 409.25843198 436.987685   434.88831576
  423.72576198]
 [420.12912282 408.6260747  409.23492534 436.89590979 434.48305658
  423.53318196]
 [421.50271187 408.79194648 409.47004378 436.88425268 434.88831576
  423.53318196]
 [421.34679534 408.50276535 409.25843198 436.89590979 434.48305658
  423.53318196]
 [421.97565196 408.6260747  409.25843198 436.88425268 434.58514248
  423.53318196]
 [419.63745506 408.49798011 409.46588814 436.987685   434.48305658
  423.75793841]
 [420.12912282 409.06876418 408.76241231 436.987685   434.48305658
  423.53318196]
 [420.34680015 408.71274315 409.46588814 436.87194635 434.90972111
  423.75793841]
 [421.97565196 408.97039512 409.46588814 436.987685   434.99546818
  423.75793841]
 [420.12912282 408.6260747  409.46588814 436.86382769 434.90972111
  423.53257562]]","[-2424.5008103  -2423.05967506 -2422.84967663 -2422.82355664
 -2422.75662697 -2422.72223018 -2422.64644169 -2422.39257959
 -2422.36272365 -2422.10898789 -2422.08806155 -2422.06133434
 -2421.94959999 -2421.8230695  -2421.79063975 -2421.68223018
 -2421.62505679 -2421.50844204 -2421.44264723 -2421.38972811]","[[1.96839189e+02 4.59478822e-01 2.64418562e-03 1.00905088e-02
  2.26221762e-01 5.71628578e-04]
 [2.00465183e+02 4.59144740e-01 2.64959117e-03 1.00964305e-02
  2.25988694e-01 5.73707313e-04]
 [2.01386000e+02 4.59400707e-01 2.69971690e-03 1.02111166e-02
  2.26325234e-01 5.90997737e-04]
 [4.73195099e+01 5.64443366e-01 1.23046038e-02 3.34226439e-02
  3.34852133e-01 3.90316785e-03]
 [1.33355380e+02 4.90852810e-01 4.66795403e-03 1.54745746e-02
  2.57231204e-01 1.19425439e-03]
 [1.81366128e+02 4.67069745e-01 3.05104552e-03 1.12441121e-02
  2.33607916e-01 6.86559318e-04]
 [2.12380252e+02 4.56212688e-01 2.60931003e-03 9.89774559e-03
  2.23435257e-01 5.71855047e-04]
 [2.23031161e+02 4.52777459e-01 2.42953799e-03 9.40138047e-03
  2.20172162e-01 5.18301253e-04]
 [2.02735022e+02 4.60908567e-01 2.85331933e-03 1.05976472e-02
  2.27993741e-01 6.39627825e-04]
 [1.18550937e+02 5.00470037e-01 5.44050586e-03 1.74173213e-02
  2.67031795e-01 1.44756340e-03]
 [1.86746888e+02 4.67398169e-01 3.19015779e-03 1.15500316e-02
  2.34236154e-01 7.35897474e-04]
 [1.41487929e+02 4.90874835e-01 4.79191327e-03 1.57466197e-02
  2.57605888e-01 1.23751511e-03]
 [1.67132218e+02 4.72278828e-01 3.36032921e-03 1.20715417e-02
  2.38644270e-01 7.81981466e-04]
 [2.14190550e+02 4.55924626e-01 2.59879934e-03 9.86953273e-03
  2.23188272e-01 5.68283794e-04]
 [1.22332940e+02 4.92960581e-01 4.54025857e-03 1.53219298e-02
  2.58795315e-01 1.13081595e-03]
 [1.82390653e+02 4.66343646e-01 3.05006849e-03 1.11988642e-02
  2.32942750e-01 6.92606416e-04]
 [1.72258228e+02 4.71048451e-01 3.31322142e-03 1.19319946e-02
  2.37527482e-01 7.68784566e-04]
 [2.43658111e+02 4.45066407e-01 2.06473536e-03 8.34267767e-03
  2.12839209e-01 4.17240075e-04]
 [1.56155444e+02 4.87344962e-01 4.83642104e-03 1.56630924e-02
  2.54636535e-01 1.27894495e-03]
 [2.27638687e+02 4.50277506e-01 2.29904931e-03 9.02506814e-03
  2.17733737e-01 4.82479997e-04]]"
14,15,"[[419.63745506 409.22086391 409.46588814 436.88425268 434.18787916
  423.53318196]
 [421.50271187 409.22086391 409.46588814 436.88425268 434.48305658
  423.53318196]
 [421.34679534 409.22086391 409.46588814 436.86382769 434.48305658
  423.75793841]
 [421.97565196 409.22086391 409.46588814 436.88425268 434.48305658
  423.53318196]
 [421.34679534 409.22086391 409.46588814 436.95994618 434.48305658
  423.75793841]
 [420.12912282 409.22086391 409.25843198 436.88425268 434.48305658
  423.72127641]
 [421.50271187 409.15351345 409.11581718 436.987685   434.18787916
  423.75793841]
 [420.12912282 408.6260747  409.46588814 436.87194635 434.18787916
  423.53318196]
 [425.66790311 409.65633824 409.2579875  436.89760533 434.04648857
  423.75826012]
 [421.69964477 408.71274315 409.25843198 436.86382769 434.18787916
  423.6981621 ]
 [419.63745506 408.6260747  409.46588814 436.95499054 434.18787916
  423.53318196]
 [420.12912282 409.15351345 409.25843198 436.86382769 434.58514248
  423.75793841]
 [419.63745506 408.49798011 409.46588814 436.89590979 434.18787916
  423.53318196]
 [419.63745506 408.79194648 409.46588814 436.88425268 434.48305658
  423.53318196]
 [419.63745506 408.6260747  409.25843198 436.86382769 434.18787916
  423.53318196]
 [421.69964477 408.79194648 409.46588814 437.190813   434.18787916
  423.52893469]
 [421.50271187 409.15351345 409.11581718 436.89590979 434.58514248
  423.52893469]
 [421.50271187 408.79194648 409.46588814 436.93819615 434.48305658
  423.72576198]
 [419.63745506 409.22086391 409.46588814 436.88425268 434.90972111
  423.53318196]
 [421.69964477 409.06876418 409.25843198 436.95499054 434.58514248
  423.53257562]]","[-2425.39103429 -2424.59280142 -2424.53947916 -2424.5008103
 -2424.15890348 -2423.81823177 -2423.80984245 -2423.80524585
 -2423.7309799  -2423.41617329 -2423.34182407 -2423.33133457
 -2423.18397352 -2423.13806708 -2423.10739312 -2423.05967506
 -2422.99698498 -2422.98259023 -2422.94306356 -2422.89600619]","[[2.90267188e+02 4.40602919e-01 2.18298239e-03 8.47514037e-03
  2.09678585e-01 4.70445387e-04]
 [2.88262967e+02 4.38020325e-01 1.93649023e-03 7.84641217e-03
  2.06855249e-01 3.93492443e-04]
 [3.27585272e+02 4.27788255e-01 1.57674040e-03 6.72242017e-03
  1.97527342e-01 3.01469538e-04]
 [1.96839189e+02 4.59478822e-01 2.64418562e-03 1.00905088e-02
  2.26221762e-01 5.71628578e-04]
 [3.05702386e+02 4.32777255e-01 1.72682744e-03 7.21528714e-03
  2.01998657e-01 3.37276708e-04]
 [2.64712527e+02 4.44433724e-01 2.20513032e-03 8.64469858e-03
  2.12815902e-01 4.66145140e-04]
 [2.88262967e+02 4.38020325e-01 1.93649023e-03 7.84641217e-03
  2.06855249e-01 3.93492443e-04]
 [3.14713835e+02 4.29783352e-01 1.61179022e-03 6.85951793e-03
  1.99215401e-01 3.07883070e-04]
 [2.52119905e+02 4.47464104e-01 2.30388656e-03 8.96047817e-03
  2.15553776e-01 4.90615430e-04]
 [3.10070141e+02 4.29115720e-01 1.55047519e-03 6.69136738e-03
  1.98438225e-01 2.90598690e-04]
 [2.94172285e+02 4.36511744e-01 1.87061773e-03 7.65922768e-03
  2.05468325e-01 3.74108031e-04]
 [1.80925006e+02 4.81335471e-01 4.50177140e-03 1.47950370e-02
  2.49030437e-01 1.16817636e-03]
 [3.35343235e+02 4.26654089e-01 1.54885859e-03 6.63102543e-03
  1.96562094e-01 2.94328070e-04]
 [1.68907112e+02 4.84106959e-01 4.59273543e-03 1.50843884e-02
  2.51531080e-01 1.19089414e-03]
 [3.11339012e+02 4.31389001e-01 1.68369533e-03 7.07345150e-03
  2.00743518e-01 3.27157762e-04]
 [2.00465183e+02 4.59144740e-01 2.64959117e-03 1.00964305e-02
  2.25988694e-01 5.73707313e-04]
 [1.42303697e+02 4.92780250e-01 4.97611242e-03 1.62127232e-02
  2.59683165e-01 1.29568769e-03]
 [3.54957934e+02 4.21689818e-01 1.38635450e-03 6.10960949e-03
  1.92062135e-01 2.54383468e-04]
 [1.98407207e+02 4.62907316e-01 2.96365659e-03 1.09058801e-02
  2.29937691e-01 6.71510152e-04]
 [3.12356474e+02 4.30661648e-01 1.65616766e-03 6.98559341e-03
  2.00055533e-01 3.20499234e-04]]"
15,16,"[[421.69964477 409.65633824 409.46588814 436.86382769 434.18787916
  423.53318196]
 [421.69964477 409.22086391 409.46588814 436.89760533 434.04648857
  423.53257562]
 [421.34679534 409.06876418 409.46588814 436.89760533 434.04648857
  423.53257562]
 [421.50271187 409.65633824 409.46588814 436.95499054 434.48305658
  423.52893469]
 [421.69964477 409.22086391 409.46588814 436.89760533 434.18787916
  423.52893469]
 [421.97565196 409.22086391 409.46588814 436.88425268 434.18787916
  423.53318196]
 [418.06299828 409.85601176 409.11422373 436.86057859 434.12923217
  423.75797775]
 [421.69964477 409.22086391 409.46588814 436.87194635 434.18787916
  423.72576198]
 [421.69964477 409.22086391 409.46588814 436.87194635 434.18787916
  423.75793841]
 [419.63745506 409.22086391 409.46588814 436.88425268 434.18787916
  423.53318196]
 [419.63745506 409.65633824 409.46588814 437.190813   434.18787916
  423.75793841]
 [421.69964477 409.22086391 409.46588814 436.93819615 434.18787916
  423.75793841]
 [421.69964477 409.22086391 409.25843198 436.88425268 434.18787916
  423.53318196]
 [421.50271187 409.22086391 409.25843198 436.88425268 434.18787916
  423.75826012]
 [419.63745506 409.06876418 409.46588814 436.93819615 434.18787916
  423.52893469]
 [421.69964477 409.65633824 409.25843198 436.88425268 434.58514248
  423.75793841]
 [419.63745506 409.15351345 409.25843198 436.88425268 434.18787916
  423.53318196]
 [421.50271187 409.22086391 409.46588814 436.88425268 434.48305658
  423.53318196]
 [421.69964477 409.22086391 409.46588814 436.88425268 434.48305658
  423.53257562]
 [421.34679534 409.22086391 409.46588814 436.86382769 434.48305658
  423.75793841]]","[-2426.86951601 -2425.95937958 -2425.56440862 -2425.55705233
 -2425.4970598  -2425.48656412 -2425.46632175 -2425.46632049
 -2425.44378348 -2425.39103429 -2425.25781839 -2425.18157868
 -2424.95178221 -2424.83104012 -2424.73584524 -2424.70994435
 -2424.59961824 -2424.59280142 -2424.56175236 -2424.53947916]","[[3.84933528e+02 4.18939475e-01 1.34457380e-03 5.94926152e-03
  1.89842001e-01 2.45847559e-04]
 [4.56369525e+02 4.08223701e-01 1.11906678e-03 5.14069262e-03
  1.80713738e-01 1.96746272e-04]
 [5.37586722e+02 3.96671595e-01 8.68737257e-04 4.25468259e-03
  1.70870927e-01 1.41289433e-04]
 [3.52859891e+02 4.32197586e-01 1.96520658e-03 7.76796425e-03
  2.02490071e-01 4.15074869e-04]
 [4.67820768e+02 4.06626936e-01 1.07403261e-03 4.99396834e-03
  1.79320156e-01 1.85750473e-04]
 [4.85056232e+02 4.04297276e-01 1.03002922e-03 4.83054973e-03
  1.77359072e-01 1.76648832e-04]
 [3.82077611e+02 4.19095478e-01 1.34298897e-03 5.94729810e-03
  1.89944223e-01 2.45319176e-04]
 [4.89436136e+02 4.01820590e-01 9.48212772e-04 4.56396508e-03
  1.75078021e-01 1.57024353e-04]
 [5.23791402e+02 3.97291467e-01 8.61036672e-04 4.24438650e-03
  1.71270433e-01 1.38526227e-04]
 [2.90267188e+02 4.40602919e-01 2.18298239e-03 8.47514037e-03
  2.09678585e-01 4.70445387e-04]
 [4.40190528e+02 4.11365585e-01 1.19495133e-03 5.40585029e-03
  1.83456222e-01 2.13579656e-04]
 [5.27448882e+02 3.97603224e-01 8.79013366e-04 4.30013974e-03
  1.71611297e-01 1.42919656e-04]
 [2.69972651e+02 4.44510126e-01 2.23574777e-03 8.72325743e-03
  2.13011916e-01 4.75171955e-04]
 [3.52859891e+02 4.32197586e-01 1.96520658e-03 7.76796425e-03
  2.02490071e-01 4.15074869e-04]
 [4.58739396e+02 4.08370789e-01 1.11618987e-03 5.14116455e-03
  1.80841926e-01 1.95112439e-04]
 [3.83656181e+02 4.20301443e-01 1.41525696e-03 6.15576387e-03
  1.91182516e-01 2.64879452e-04]
 [4.86634802e+02 4.05503242e-01 1.10229722e-03 5.03901550e-03
  1.78597365e-01 1.96209107e-04]
 [2.88262967e+02 4.38020325e-01 1.93649023e-03 7.84641217e-03
  2.06855249e-01 3.93492443e-04]
 [5.10143182e+02 4.00331465e-01 9.39668085e-04 4.51482678e-03
  1.73953419e-01 1.56279808e-04]
 [3.27585272e+02 4.27788255e-01 1.57674040e-03 6.72242017e-03
  1.97527342e-01 3.01469538e-04]]"
16,17,"[[422.36335999 410.03337294 409.46587515 436.88844724 433.98860906
  423.52899615]
 [421.69964477 409.85601176 409.46588814 436.87194635 434.04648857
  423.75793841]
 [419.63745506 409.85601176 409.46588814 436.87194635 434.12923217
  423.52893469]
 [421.69964477 409.65633824 409.46588814 436.86057859 434.18787916
  423.53318196]
 [421.69964477 409.65633824 409.46588814 436.86382769 434.18787916
  423.53318196]
 [421.34679534 409.65633824 409.46588814 436.88425268 434.18787916
  423.53318196]
 [421.69964477 409.65633824 409.46588814 436.88425268 434.18787916
  423.52893469]
 [421.69964477 409.65633824 409.46588814 436.88425268 434.18787916
  423.53257562]
 [421.34679534 409.65633824 409.46588814 436.86057859 434.18787916
  423.75797775]
 [421.34679534 409.65633824 409.46588814 436.86057859 434.18787916
  423.75826012]
 [421.97565196 409.65633824 409.46588814 436.87194635 434.18787916
  423.53318196]
 [421.50271187 409.65633824 409.46588814 436.86382769 434.18787916
  423.75793841]
 [421.69964477 409.65633824 409.46588814 436.89760533 434.18787916
  423.53318196]
 [421.69964477 409.65633824 409.46588814 436.86382769 434.18787916
  423.75793841]
 [421.34679534 409.65633824 409.25843198 436.88425268 434.12923217
  423.75793841]
 [421.69964477 409.85601176 409.46588814 436.88425268 434.48305658
  423.75793841]
 [421.69964477 409.85601176 409.46588814 436.88425268 434.48305658
  423.75793841]
 [421.69964477 409.65633824 409.25843198 436.88425268 434.18787916
  423.53318196]
 [421.34679534 409.22086391 409.46588814 436.86057859 434.04648857
  423.53318196]
 [421.69964477 409.22086391 409.46588814 436.89760533 434.04648857
  423.53257562]]","[-2428.28874031 -2427.70436122 -2427.43164389 -2426.88234217
 -2426.86951601 -2426.83821773 -2426.79157726 -2426.78922122
 -2426.77974646 -2426.77954752 -2426.77690633 -2426.74900058
 -2426.73602612 -2426.71755883 -2426.28426104 -2426.20530442
 -2426.20530442 -2426.19349725 -2426.15469213 -2425.95937958]","[[5.73950362e+02 3.98260584e-01 9.82740417e-04 4.59699022e-03
  1.72741244e-01 1.70376162e-04]
 [6.81429354e+02 3.84989106e-01 7.16979247e-04 3.63964932e-03
  1.61576627e-01 1.12542638e-04]
 [6.41298451e+02 3.89113125e-01 7.85455703e-04 3.89970854e-03
  1.64965383e-01 1.26502390e-04]
 [6.25186818e+02 3.93086992e-01 9.07933129e-04 4.29964787e-03
  1.68543262e-01 1.55992802e-04]
 [3.84933528e+02 4.18939475e-01 1.34457380e-03 5.94926152e-03
  1.89842001e-01 2.45847559e-04]
 [6.19327387e+02 3.90452152e-01 7.89528833e-04 3.93357783e-03
  1.65949830e-01 1.26223633e-04]
 [7.70119842e+02 3.77320389e-01 6.05044125e-04 3.20311768e-03
  1.55405143e-01 9.02023589e-05]
 [6.61205322e+02 3.91172102e-01 8.99348459e-04 4.24637686e-03
  1.67141998e-01 1.55379148e-04]
 [6.70642823e+02 3.86141808e-01 7.29824278e-04 3.69688762e-03
  1.62499602e-01 1.14543316e-04]
 [5.35934255e+02 4.01578294e-01 1.03844845e-03 4.80453896e-03
  1.75444539e-01 1.82134758e-04]
 [4.54085081e+02 4.09075235e-01 1.13550275e-03 5.20322882e-03
  1.81450220e-01 2.00039663e-04]
 [7.70266893e+02 3.76816643e-01 5.90388387e-04 3.15280639e-03
  1.54943054e-01 8.69389280e-05]
 [5.59340848e+02 3.99659031e-01 1.00583215e-03 4.68475138e-03
  1.73887854e-01 1.75070250e-04]
 [7.51751152e+02 3.79231652e-01 6.38068933e-04 3.32661027e-03
  1.56979853e-01 9.70883522e-05]
 [7.71997282e+02 3.76142713e-01 5.80538154e-04 3.11178620e-03
  1.54377531e-01 8.52212020e-05]
 [6.09083981e+02 3.93327947e-01 8.69741287e-04 4.20326718e-03
  1.68513425e-01 1.44921295e-04]
 [8.46831324e+02 3.70458896e-01 5.09402802e-04 2.82142801e-03
  1.49885330e-01 7.18272767e-05]
 [8.46831324e+02 3.70458896e-01 5.09402802e-04 2.82142801e-03
  1.49885330e-01 7.18272767e-05]
 [5.04963104e+02 4.06356254e-01 1.14392198e-03 5.17721805e-03
  1.79535687e-01 2.05525590e-04]
 [4.56369525e+02 4.08223701e-01 1.11906678e-03 5.14069262e-03
  1.80713738e-01 1.96746272e-04]]"
17,18,"[[421.69964477 410.03337294 409.46588814 436.87194635 434.04648857
  423.53318196]
 [422.36335999 410.03337294 409.46587515 436.88844724 433.98860906
  423.52899615]
 [421.69964477 409.85601176 409.46588814 436.89760533 434.04648857
  423.53318196]
 [421.69964477 409.85601176 409.46588814 436.87194635 434.04648857
  423.75793841]
 [421.69964477 410.03337294 409.46588814 436.88425268 434.18787916
  423.75793841]
 [421.69964477 409.85601176 409.46588814 436.88425268 434.04648857
  423.75797775]
 [421.69964477 409.85601176 409.46588814 436.87194635 434.12923217
  423.52893469]
 [421.34679534 409.65633824 409.46588814 436.86057859 433.98860906
  423.53318196]
 [421.97565196 409.65633824 409.46588814 436.86382769 433.98860906
  423.53257562]
 [421.34679534 409.65633824 409.46588814 436.89760533 433.98860906
  423.53257562]
 [419.63745506 409.85601176 409.46588814 436.87194635 434.12923217
  423.52893469]
 [419.63745506 409.85601176 409.46588814 436.87194635 434.12923217
  423.52893469]
 [421.34679534 409.65633824 409.46588814 436.86057859 434.04648857
  423.52899615]
 [421.34679534 409.85601176 409.46588814 436.88425268 434.18787916
  423.53318196]
 [421.69964477 409.65633824 409.46588814 436.86057859 434.04648857
  423.52893469]
 [421.69964477 409.65633824 409.46588814 436.86057859 434.04648857
  423.53318196]
 [421.69964477 409.85601176 409.46588814 436.88425268 434.18787916
  423.53318196]
 [421.34679534 409.65633824 409.46588814 436.88425268 433.98860906
  423.75797775]
 [421.50271187 409.65633824 409.46588814 436.87194635 434.04648857
  423.52899615]
 [421.69964477 409.85601176 409.46588814 436.88844724 434.18787916
  423.53318196]]","[-2428.34056428 -2428.28874031 -2427.75488882 -2427.70436122
 -2427.67530411 -2427.65570633 -2427.58772309 -2427.58522301
 -2427.46285098 -2427.43929965 -2427.43164389 -2427.43164389
 -2427.39911616 -2427.39240461 -2427.34976671 -2427.34701799
 -2427.34301542 -2427.33972448 -2427.33628225 -2427.3264328 ]","[[8.45444340e+02 3.73346664e-01 5.64391866e-04 3.02946714e-03
  1.52366971e-01 8.29311987e-05]
 [5.73950362e+02 3.98260584e-01 9.82740417e-04 4.59699022e-03
  1.72741244e-01 1.70376162e-04]
 [8.31396203e+02 3.75940106e-01 6.08183996e-04 3.19834850e-03
  1.54534298e-01 9.16059135e-05]
 [6.81429354e+02 3.84989106e-01 7.16979247e-04 3.63964932e-03
  1.61576627e-01 1.12542638e-04]
 [8.39891923e+02 3.75401842e-01 6.04418016e-04 3.17937015e-03
  1.54129488e-01 9.10973715e-05]
 [9.64211944e+02 3.67214666e-01 5.10303575e-04 2.78727038e-03
  1.47742153e-01 7.37751353e-05]
 [1.18776434e+03 3.55650596e-01 4.13025822e-04 2.34345362e-03
  1.39045730e-01 5.77524390e-05]
 [9.11225306e+02 3.71270937e-01 5.64415429e-04 3.00434795e-03
  1.50972020e-01 8.41526753e-05]
 [9.72140060e+02 3.67223686e-01 5.21188841e-04 2.81928936e-03
  1.47830452e-01 7.64878154e-05]
 [1.14671237e+03 3.56657288e-01 4.04345420e-04 2.32915986e-03
  1.39647228e-01 5.50942109e-05]
 [6.41298451e+02 3.89113125e-01 7.85455703e-04 3.89970854e-03
  1.64965383e-01 1.26502390e-04]
 [1.11166550e+03 3.57893175e-01 4.07674761e-04 2.35506556e-03
  1.40512031e-01 5.50830717e-05]
 [8.49777052e+02 3.75723229e-01 6.23507150e-04 3.24080873e-03
  1.54505933e-01 9.55485438e-05]
 [1.21335983e+03 3.51915991e-01 3.46186946e-04 2.09073558e-03
  1.35913646e-01 4.41971230e-05]
 [9.27215546e+02 3.69220627e-01 5.34742741e-04 2.88604463e-03
  1.49301155e-01 7.84508981e-05]
 [9.09746591e+02 3.71820864e-01 5.71600231e-04 3.03463049e-03
  1.51422723e-01 8.54188101e-05]
 [1.11166550e+03 3.57893175e-01 4.07674761e-04 2.35506556e-03
  1.40512031e-01 5.50830717e-05]
 [1.21324401e+03 3.52151220e-01 3.50483800e-04 2.10741716e-03
  1.36116315e-01 4.50266378e-05]
 [7.55238998e+02 3.81599080e-01 6.82335409e-04 3.49679317e-03
  1.59026203e-01 1.05797779e-04]
 [9.67489939e+02 3.66267107e-01 4.98299981e-04 2.73625287e-03
  1.46968435e-01 7.16718703e-05]]"
18,19,"[[421.34679534 410.03337294 409.46588814 436.86057859 433.98860906
  423.53318196]
 [421.69964477 410.03337294 409.46588814 436.86057859 433.98860906
  423.53318196]
 [421.34679534 410.03337294 409.46588814 436.88844724 433.98860906
  423.53318196]
 [421.69964477 410.03337294 409.46587515 436.88844724 433.98860906
  423.53318196]
 [421.34679534 410.03337294 409.46588814 436.87194635 434.04648857
  423.52893469]
 [421.69964477 410.03337294 409.46588814 436.86057859 434.04648857
  423.52893469]
 [421.69964477 410.03337294 409.46588814 436.86057859 434.04648857
  423.53318196]
 [421.69964477 410.03337294 409.46588814 436.87194635 434.04648857
  423.52893469]
 [421.69964477 410.03337294 409.46588814 436.87194635 434.04648857
  423.52899615]
 [421.69964477 410.03337294 409.46588814 436.87194635 434.04648857
  423.52899615]
 [421.69964477 410.03337294 409.46588814 436.87194635 434.04648857
  423.53318196]
 [421.69964477 410.03337294 409.46588814 436.87194635 434.04648857
  423.53318196]
 [422.36335999 410.03337294 409.46587515 436.88844724 433.98860906
  423.52899615]
 [421.50271187 409.85601176 409.46588814 436.86057859 433.98860906
  423.52893469]
 [421.69964477 410.03337294 409.46588814 436.87194635 434.12923217
  423.53257562]
 [421.69964477 409.85601176 409.46587515 436.87194635 433.98860906
  423.53318196]
 [421.69964477 410.03337294 409.46588814 436.88844724 434.12923217
  423.53318196]
 [421.69964477 410.03337294 409.46588814 436.88844724 434.12923217
  423.53318196]
 [421.69964477 409.85601176 409.46588814 436.88425268 433.98860906
  423.52893469]
 [421.69964477 409.85601176 409.46588814 436.88425268 433.98860906
  423.53318196]]","[-2428.62365577 -2428.57426658 -2428.51355952 -2428.46413338
 -2428.39270219 -2428.38819946 -2428.38545074 -2428.343313
 -2428.34327326 -2428.34327326 -2428.34056428 -2428.34056428
 -2428.28874031 -2428.12421118 -2428.06961293 -2428.0450973
 -2428.00401045 -2428.00401045 -2427.9992558  -2427.99650707]","[[1.85875590e+03 3.30984649e-01 2.21305186e-04 1.47102427e-03
  1.20947754e-01 2.54492065e-05]
 [1.19153619e+03 3.55322891e-01 3.88519005e-04 2.26725710e-03
  1.38643803e-01 5.18914763e-05]
 [1.89108938e+03 3.30514565e-01 2.23850156e-04 1.47576361e-03
  1.20683942e-01 2.61248879e-05]
 [1.10688327e+03 3.61520129e-01 4.66436398e-04 2.58468012e-03
  1.43540518e-01 6.65918840e-05]
 [1.54487725e+03 3.42568924e-01 3.02327862e-04 1.85540944e-03
  1.29392594e-01 3.82882800e-05]
 [1.13155303e+03 3.57965401e-01 4.10259144e-04 2.36621162e-03
  1.40613918e-01 5.54988341e-05]
 [1.32413071e+03 3.50996105e-01 3.61114316e-04 2.13501457e-03
  1.35542651e-01 4.75718344e-05]
 [1.70119036e+03 3.37552791e-01 2.73898444e-04 1.71179722e-03
  1.25821671e-01 3.41218437e-05]
 [1.71768742e+03 3.35362200e-01 2.47591549e-04 1.60047196e-03
  1.24069890e-01 2.94521468e-05]
 [1.52769718e+03 3.42510269e-01 2.98899614e-04 1.84203664e-03
  1.29296508e-01 3.76599528e-05]
 [8.45444340e+02 3.73346664e-01 5.64391866e-04 3.02946714e-03
  1.52366971e-01 8.29311987e-05]
 [1.09994500e+03 3.59891149e-01 4.30335466e-04 2.45243877e-03
  1.42100200e-01 5.90471918e-05]
 [5.73950362e+02 3.98260584e-01 9.82740417e-04 4.59699022e-03
  1.72741244e-01 1.70376162e-04]
 [1.16859383e+03 3.59596611e-01 4.55710558e-04 2.53039657e-03
  1.42175805e-01 6.50192158e-05]
 [1.38359340e+03 3.47706034e-01 3.30950235e-04 2.00061633e-03
  1.33042132e-01 4.24701954e-05]
 [1.69752782e+03 3.37106108e-01 2.67187756e-04 1.68426503e-03
  1.25443598e-01 3.28977033e-05]
 [1.41426226e+03 3.47022953e-01 3.27924639e-04 1.98463604e-03
  1.32576110e-01 4.20373630e-05]
 [1.22163874e+03 3.55325121e-01 3.97869488e-04 2.29920070e-03
  1.38765373e-01 5.38671659e-05]
 [1.47597283e+03 3.45099435e-01 3.17198800e-04 1.93035248e-03
  1.31211397e-01 4.04646948e-05]
 [1.62147028e+03 3.38777906e-01 2.68228526e-04 1.70322333e-03
  1.26526535e-01 3.25249480e-05]]"
19,20,"[[421.34679534 410.03337294 409.46588814 436.86057859 433.98860906
  423.52893469]
 [421.34679534 410.03337294 409.46588814 436.86057859 433.98860906
  423.53318196]
 [421.34679534 410.03337294 409.46588814 436.86057859 433.98860906
  423.53318196]
 [421.50271187 410.03337294 409.46588814 436.86057859 433.98860906
  423.53318196]
 [421.34679534 410.03337294 409.46588814 436.87194635 433.98860906
  423.53318196]
 [421.34679534 410.03337294 409.46588814 436.87194635 433.98860906
  423.53318196]
 [421.69964477 410.03337294 409.46588814 436.86057859 433.98860906
  423.52893469]
 [421.69964477 410.03337294 409.46588814 436.86057859 433.98860906
  423.53257562]
 [421.69964477 410.03337294 409.46588814 436.86057859 433.98860906
  423.53318196]
 [421.69964477 410.03337294 409.46588814 436.86057859 433.98860906
  423.53318196]
 [421.69964477 410.03337294 409.46588814 436.86057859 433.98860906
  423.53318196]
 [421.69964477 410.03337294 409.46588814 436.86057859 433.98860906
  423.53318196]
 [421.69964477 410.03337294 409.46588814 436.86057859 433.98860906
  423.53318196]
 [421.69964477 410.03337294 409.46588814 436.86057859 433.98860906
  423.53318196]
 [421.69964477 410.03337294 409.46588814 436.86057859 433.98860906
  423.53318196]
 [421.50271187 410.03337294 409.46588814 436.87194635 433.98860906
  423.53318196]
 [421.69964477 410.03337294 409.46588814 436.87194635 433.98860906
  423.52893469]
 [421.34679534 410.03337294 409.46587515 436.88425268 433.98860906
  423.53257562]
 [421.69964477 410.03337294 409.46588814 436.87194635 433.98860906
  423.53318196]
 [421.69964477 410.03337294 409.46588814 436.87194635 433.98860906
  423.53318196]]","[-2428.62640449 -2428.62365577 -2428.62365577 -2428.60570832
 -2428.57876931 -2428.57876931 -2428.5770153  -2428.57465927
 -2428.57426658 -2428.57426658 -2428.57426658 -2428.57426658
 -2428.57426658 -2428.57426658 -2428.57426658 -2428.56082186
 -2428.53212884 -2428.53049788 -2428.52938011 -2428.52938011]","[[2.19751864e+03 3.26112401e-01 2.12248637e-04 1.40373030e-03
  1.17850765e-01 2.47942521e-05]
 [1.85875590e+03 3.30984649e-01 2.21305186e-04 1.47102427e-03
  1.20947754e-01 2.54492065e-05]
 [1.94152197e+03 3.40308255e-01 3.53755185e-04 2.01352714e-03
  1.28694014e-01 4.99475969e-05]
 [1.75757915e+03 3.35209715e-01 2.46450377e-04 1.59770734e-03
  1.23996222e-01 2.91158685e-05]
 [2.08292151e+03 3.29064297e-01 2.26606025e-04 1.47903892e-03
  1.19905509e-01 2.68124158e-05]
 [2.00290334e+03 3.31752453e-01 2.43807311e-04 1.56291988e-03
  1.21845563e-01 2.94419562e-05]
 [2.17897160e+03 3.25888040e-01 2.05287898e-04 1.37753324e-03
  1.17612007e-01 2.34245215e-05]
 [2.20365545e+03 3.24410087e-01 1.93172737e-04 1.32137973e-03
  1.16498103e-01 2.14805441e-05]
 [1.19153619e+03 3.55322891e-01 3.88519005e-04 2.26725710e-03
  1.38643803e-01 5.18914763e-05]
 [2.07609623e+03 3.27967890e-01 2.12792509e-04 1.42038057e-03
  1.19008272e-01 2.43774817e-05]
 [2.61700391e+03 3.15818837e-01 1.58943913e-04 1.13230945e-03
  1.10677969e-01 1.69406072e-05]
 [2.55374886e+03 3.16920854e-01 1.61913430e-04 1.15108281e-03
  1.11397997e-01 1.72640854e-05]
 [2.19751864e+03 3.26112401e-01 2.12248637e-04 1.40373030e-03
  1.17850765e-01 2.47942521e-05]
 [1.49497229e+03 3.49872298e-01 3.93999083e-04 2.23211326e-03
  1.35210929e-01 5.53990866e-05]
 [2.36575956e+03 3.21085672e-01 1.80631287e-04 1.25080122e-03
  1.14256750e-01 1.98581046e-05]
 [1.77979687e+03 3.36383215e-01 2.61614501e-04 1.66251311e-03
  1.24973828e-01 3.17651196e-05]
 [2.62650902e+03 3.15703678e-01 1.57881705e-04 1.12778561e-03
  1.10595050e-01 1.67543175e-05]
 [1.93415297e+03 3.31056092e-01 2.26155721e-04 1.49245982e-03
  1.21120132e-01 2.61990061e-05]
 [2.70624631e+03 3.14302523e-01 1.54267907e-04 1.10450836e-03
  1.09681632e-01 1.63728537e-05]
 [1.60437270e+03 3.40258947e-01 2.79379907e-04 1.75622104e-03
  1.27635071e-01 3.42698863e-05]]"
20,21,"[[421.34679534 410.03337294 409.46588814 436.86057859 433.98860906
  423.52893469]
 [421.34679534 410.03337294 409.46588814 436.86057859 433.98860906
  423.52893469]
 [421.34679534 410.03337294 409.46588814 436.86057859 433.98860906
  423.53257562]
 [421.34679534 410.03337294 409.46588814 436.86057859 433.98860906
  423.53318196]
 [421.34679534 410.03337294 409.46588814 436.86057859 433.98860906
  423.53318196]
 [421.34679534 410.03337294 409.46588814 436.86057859 433.98860906
  423.53318196]
 [421.34679534 410.03337294 409.46588814 436.86057859 433.98860906
  423.53318196]
 [421.34679534 410.03337294 409.46588814 436.86057859 433.98860906
  423.53318196]
 [421.34679534 410.03337294 409.46588814 436.86057859 433.98860906
  423.53318196]
 [421.34679534 410.03337294 409.46588814 436.86057859 433.98860906
  423.53318196]
 [421.34679534 410.03337294 409.46588814 436.86057859 433.98860906
  423.53318196]
 [421.34679534 410.03337294 409.46588814 436.86057859 433.98860906
  423.53318196]
 [421.34679534 410.03337294 409.46588814 436.86057859 433.98860906
  423.53318196]
 [421.34679534 410.03337294 409.46588814 436.86057859 433.98860906
  423.53318196]
 [421.34679534 410.03337294 409.46588814 436.86057859 433.98860906
  423.53318196]
 [421.34679534 410.03337294 409.46588814 436.86057859 433.98860906
  423.53318196]
 [421.34679534 410.03337294 409.46588814 436.86057859 433.98860906
  423.53318196]
 [421.34679534 410.03337294 409.46588814 436.86057859 433.98860906
  423.53318196]
 [421.34679534 410.03337294 409.46588814 436.86057859 433.98860906
  423.53318196]
 [421.34679534 410.03337294 409.46588814 436.86057859 433.98860906
  423.53318196]]","[-2428.62640449 -2428.62640449 -2428.62404846 -2428.62365577
 -2428.62365577 -2428.62365577 -2428.62365577 -2428.62365577
 -2428.62365577 -2428.62365577 -2428.62365577 -2428.62365577
 -2428.62365577 -2428.62365577 -2428.62365577 -2428.62365577
 -2428.62365577 -2428.62365577 -2428.62365577 -2428.62365577]","[[3.65488517e+03 3.01356138e-01 1.11534794e-04 8.61069963e-04
  1.01227866e-01 1.08211233e-05]
 [2.19751864e+03 3.26112401e-01 2.12248637e-04 1.40373030e-03
  1.17850765e-01 2.47942521e-05]
 [4.26300364e+03 2.93532905e-01 9.04583098e-05 7.32437909e-04
  9.62110280e-02 8.32346391e-06]
 [1.94152197e+03 3.40308255e-01 3.53755185e-04 2.01352714e-03
  1.28694014e-01 4.99475969e-05]
 [3.24617344e+03 3.10796821e-01 1.61803593e-04 1.11403290e-03
  1.07808598e-01 1.83403048e-05]
 [3.31318242e+03 3.06401130e-01 1.28116331e-04 9.56339695e-04
  1.04535686e-01 1.29437299e-05]
 [3.70388002e+03 3.00568356e-01 1.08676405e-04 8.44888813e-04
  1.00702239e-01 1.04550817e-05]
 [3.86231803e+03 2.99047636e-01 1.07457435e-04 8.31650148e-04
  9.97939466e-02 1.04640561e-05]
 [2.93099628e+03 3.15987303e-01 1.80417635e-04 1.21885508e-03
  1.11256751e-01 2.07701375e-05]
 [3.12696745e+03 3.08820950e-01 1.34868736e-04 9.97030524e-04
  1.06091879e-01 1.37585172e-05]
 [3.79202866e+03 2.99755693e-01 1.08828373e-04 8.40868085e-04
  1.00230932e-01 1.06083704e-05]
 [2.94987262e+03 3.13910396e-01 1.61378957e-04 1.13341005e-03
  1.09666397e-01 1.75782986e-05]
 [2.80180792e+03 3.15855197e-01 1.66866766e-04 1.16647342e-03
  1.10920223e-01 1.82376590e-05]
 [3.19481509e+03 3.06837508e-01 1.27111811e-04 9.53174872e-04
  1.04735181e-01 1.27711278e-05]
 [2.91349710e+03 3.15439326e-01 1.75971729e-04 1.19736760e-03
  1.10827980e-01 2.00967379e-05]
 [3.50388349e+03 3.03593505e-01 1.19396184e-04 9.05125974e-04
  1.02701753e-01 1.18629409e-05]
 [3.57953475e+03 3.02110323e-01 1.13146013e-04 8.71470000e-04
  1.01695841e-01 1.10017894e-05]
 [3.25419956e+03 3.06870869e-01 1.28533919e-04 9.60282203e-04
  1.04810784e-01 1.29617155e-05]
 [3.13262515e+03 3.09358418e-01 1.38929929e-04 1.01666633e-03
  1.06500986e-01 1.43765374e-05]
 [3.10091607e+03 3.09504543e-01 1.37786473e-04 1.01306427e-03
  1.06562872e-01 1.41430916e-05]]"
