,population,best_x,best_energy,running_time
0,11,"[456.92817151 415.14584659 418.46523711 419.59095599 419.49417422
 426.36358825]",-2349.4042405655796,0.126999
1,13,"[ 385.65164622  422.49803691  427.97312481  419.39422962 -302.41783137
 -304.6657981 ]",-2124.1857529575973,0.131011
2,76,"[ 420.99392546  421.08583026  392.70350105 -300.08868903  404.64011765
  405.95722877]",-2238.10763648839,1.130902
3,30,"[420.75875761 442.77225681 420.96878228 421.68925766 421.02250962
 420.66918263]",-2454.730276756052,0.377081
4,48,"[ 418.36049522  428.21653942  418.13716054  417.00724071 -305.12202929
  433.94298806]",-2362.9627600891185,0.6288
5,14,"[420.30107989 397.16036877 453.46522435 422.80869552 421.07012041
 423.48498946]",-2315.688523851068,0.146984
6,20,"[ 421.3468662   421.25535394  429.57486631  418.43629855 -305.99156515
  412.59581353]",-2374.970315105686,0.231032
7,14,"[ 422.67808535  421.92259088  422.02039785  434.05421565 -286.09957226
  437.2846567 ]",-2306.7276736352273,0.152974
8,39,"[ 394.04211974  420.42015219  410.3003108  -302.49572245  414.42668808
  420.87786469]",-2288.6161650267813,0.520009
9,28,"[ 420.87572118 -302.54744057  387.63057968  420.99929297  181.07623609
  188.61540676]",-1741.0317700133328,0.294989
10,13,"[ 423.65794203 -304.26818078  411.01014325  420.73936187  422.08348179
  419.77222037]",-2381.413122785586,0.125006
11,11,"[ 394.54370917  421.36482219  431.00954316  417.4991958  -307.37480502
  427.47440461]",-2288.768364008176,0.106995
12,15,"[ 384.33150696 -302.79328223  419.71830861  420.00342659  397.64428777
  422.39607521]",-2173.070524408482,0.160995
13,28,"[ 421.36970313  411.80152055  436.69177881  420.86646781 -291.12841189
  434.93362209]",-2313.2156555961174,0.325005
14,21,"[ 420.91778608 -313.92032639 -302.58782689  429.84327001  421.76956771
 -302.2282101 ]",-2132.1607116571818,0.223994
15,77,"[ 421.59684261  437.39940585  419.7233514  -336.13316318  427.59406641
  421.13165218]",-2221.0395712713357,0.832867
16,20,"[442.65668428 420.9275242  420.87519195 385.95121215 393.96017458
 422.00665662]",-2224.398666410551,0.205025
17,60,"[ 446.5052096   413.11838758  420.99640215 -302.57736655  428.94572992
  420.97883636]",-2299.238487327298,0.629978
18,14,"[-325.77336413  429.01990045  425.42521598  421.03198426  201.38034854
  423.02319363]",-2099.5802407880187,0.140025
19,18,"[421.06615681 420.81477205 423.61742959 420.80576435 421.26737776
 420.54516552]",-2512.9700590671896,0.186976
20,11,"[ 408.66601258  413.52155467  419.53371031  420.14810697  420.65760626
 -295.05196158]",-2362.2644056064496,0.114999
21,19,"[428.27280755 432.02881242 421.44754729 440.95849008 420.14614131
 401.82479294]",-2396.7793368115867,0.193014
22,39,"[ 435.32496841  399.99027326 -302.41369997  424.21333833  433.03405635
  428.99036443]",-2287.9519626940732,0.438988
23,40,"[429.04139845 407.66292987 410.65578921 401.9020159  418.83804107
 421.42072104]",-2425.060434092422,0.431999
24,29,"[ 421.04874467  409.92056196  434.4903918   394.93021449 -331.42418574
 -302.53376003]",-2055.5904845959603,0.301999
25,11,"[ 398.911842    429.38238621  440.43430557 -327.11955114  421.32688754
 -124.54804219]",-1909.3089831399518,0.116021
26,18,"[ 425.62706604  422.97003289 -315.14410823  428.06692829 -304.27292664
  420.89438101]",-2246.949035481547,0.17803
27,29,"[421.42193771 420.08821698 420.95402205 411.26133763 421.42823064
 214.8250589 ]",-2269.4307873735547,0.306971
28,18,"[ 418.9631982   421.56379837  427.47080103 -302.15320874  422.27089488
  421.06694023]",-2389.337823198647,0.187985
29,32,"[ 389.67904507 -285.19111423  411.54863612  392.75380387 -307.33996404
  420.90307088]",-2014.7379421400146,0.35202
30,10,"[420.14653669 208.29110485 412.87888895 419.91479497 421.03201521
 410.68587476]",-2272.550669352559,0.092973
31,34,"[ 405.52050668  420.9171977  -282.30171101  420.15111341  435.40525254
  443.45682498]",-2227.1106207241833,0.367034
32,17,"[ 422.42705803  450.8343478  -302.99952544 -272.90263831  419.86202718
  412.35242929]",-2055.768192518968,0.169024
33,63,"[438.14569389 397.12624133 420.99328573 432.93477376 420.87526475
 419.83196392]",-2389.7586980872816,0.662661
34,19,"[ 421.74946539 -302.77419125  421.52791104  420.943426    421.24984116
  428.76303959]",-2387.6592105377194,0.195643
35,19,"[-301.67438931  400.95717284  420.94621956 -291.28659989 -315.15695027
  418.58588481]",-2072.775469765433,0.190815
36,46,"[ 373.07715843  413.27928043  421.16628054 -302.58143622 -298.91947984
  426.81705276]",-2012.1688627387991,0.491003
37,26,"[ 466.33039333  421.1898307   415.91096013 -305.82930293  403.94378445
  227.12417616]",-1832.3126886365492,0.265992
38,16,"[ 425.82622983 -299.97700946  409.63305078 -295.19450853  421.12521644
  420.4107548 ]",-2250.3867455683962,0.161991
39,88,"[ 421.01681898  420.80334951  443.94291514  399.09499073 -303.18185821
  400.78453609]",-2221.5769489762793,0.94608
40,12,"[219.53088223 420.46478067 407.42631054 432.89414274 387.02621975
 421.4203824 ]",-2089.8249416465683,0.120031
41,108,"[ 421.00409204  465.37810423  421.10972545  453.98604239  393.30339739
 -283.69709531]",-1898.4102200725754,1.300168
42,18,"[418.92647069 401.37429668 426.95620887 421.39646482 439.83695311
 392.4267431 ]",-2319.7573719991865,0.189001
43,13,"[ 437.54173298  429.67758935  432.65201111  421.24572364  437.73963616
 -302.12225538]",-2299.0472919983863,0.134
44,17,"[-302.79918728  446.35763843  425.97639265  415.81560208  420.83997046
 -291.15102386]",-2174.8077539133305,0.176999
45,13,"[-303.12626579  420.74625054  421.80871496  391.61000019  431.14501723
 -303.70767115]",-2160.82006882827,0.124002
46,27,"[ 414.89035251  420.91241279  421.50811156  420.92923798  421.19847424
 -293.87992422]",-2381.400913917617,0.280012
47,108,"[400.58969678 420.96843732 204.03284052 421.1483596  398.06491444
 434.10230811]",-2160.299282414661,1.170062
48,22,"[-306.9737211   420.98162132  421.01519802  420.87347804  428.3930191
  419.9855524 ]",-2385.8707949228133,0.226994
49,108,"[421.01277299 402.13193821 420.69605002 420.46513931 421.04412913
 420.99318499]",-2470.2072020554374,1.184022
