,population,best_x,best_energy,running_time
0,11,[391.11900232 420.66640728],-731.8378460351771,0.103885
1,13,[445.13509158 204.26688442],-548.536676420985,0.089973
2,9,[420.23910557 418.61739242],-837.2017918295137,0.060003
3,15,[ 420.75337905 -321.11572438],-676.3617322814914,0.110005
4,14,[398.27180319 412.82094067],-766.8931934395632,0.108
5,9,[-310.63539942  390.98553348],-604.1825842275541,0.081997
6,12,[431.31862999 462.82195173],-618.3235974928255,0.090003
7,43,[390.89919141 408.53697552],-711.1087422272644,0.332992
8,27,[423.49565379 410.97086117],-824.6586441276015,0.291458
9,19,[422.6065163  420.41518834],-837.588488858564,0.173955
10,10,[420.77384867 430.41326552],-826.7148100515631,0.080024
11,30,[-280.05095605 -292.88775332],-528.5386526894941,0.271772
12,18,[421.36211941 421.55292212],-837.903175305323,0.143885
13,11,[-302.06533653  420.49781481],-719.4727163640466,0.078997
14,7,[411.86496821 421.08241829],-827.5865621180042,0.053014
15,11,[421.56907117 420.90987046],-837.9198522075401,0.085988
16,47,[420.36422515 415.03812547],-833.4995093624656,0.372002
17,9,[421.10180906 198.69598581],-617.5079388231144,0.065999
18,49,[ 416.40869432 -271.69034179],-606.4857984841062,0.396025
19,17,[421.3016286 417.2770365],-836.2356936900771,0.138489
20,13,[-276.03457825 -292.70608402],-505.7877678742027,0.093728
21,12,[420.9119666  462.91294923],-630.9935757592777,0.091022
22,27,[413.07325537 422.8341414 ],-829.7089565808346,0.208
23,17,[445.79248507 421.47515992],-761.7862521542362,0.126017
24,11,[421.65266562 420.20030466],-837.8322511524522,0.077002
25,20,[402.21892965 393.72548289],-705.5316056039937,0.150984
26,12,[419.71301131 416.80295374],-835.5825687416082,0.085021
27,15,[394.13703055 391.30045407],-646.4473582366105,0.113067
28,10,[421.01630217 420.69793648],-837.9562361206597,0.07001
29,28,[420.8455463  386.66164605],-700.1411584668776,0.209074
30,18,[421.52767581 421.49712537],-837.891111543962,0.131007
31,43,[441.35555129 416.03176534],-783.1202790464916,0.342993
32,16,[-291.46382773  442.03198502],-649.0467834744095,0.115
33,16,[-301.63150886  419.25349351],-719.0554606542486,0.124064
34,19,[421.16873656 421.18838464],-837.9546396039918,0.145
35,10,[420.94162116 442.66109733],-779.4709150465898,0.073999
36,18,[422.3487586  421.63389969],-837.6695214662132,0.141
37,20,[432.85593584 206.61258619],-602.0405367295463,0.158999
38,18,[389.32250491 401.94182183],-674.957090673644,0.134001
39,39,[ 441.0292695  -319.97512852],-631.2550479663107,0.303022
40,20,[406.05745412 420.94417664],-810.3849032544134,0.156001
41,18,[433.06610734 429.18103865],-811.0398398633757,0.143982
42,9,[411.37029071 420.82215296],-826.4346961598817,0.064961
43,12,[ 420.9649203 -292.5845301],-707.1667845659234,0.092004
44,6,[412.59140488 447.27956675],-743.896026740626,0.04
45,63,[422.2531988  415.88261074],-834.5039395818319,0.486
46,8,[ 393.88756021 -301.10192096],-631.1029168982196,0.062994
47,37,[420.46941452 430.15757101],-827.2873685922241,0.281034
48,12,[408.84846027 420.94202327],-819.6529932763113,0.084998
49,25,[ 420.91146328 -273.87547139],-623.1448500697536,0.185002
