,population,best_x,best_energy,running_time
0,51,"[-499.00266034  421.23154489 -300.42611538  421.07266289 -321.37483412
  413.08157746]",-1975.12418703148,0.613047
1,14,"[421.44982075 403.71289339 393.46341561 421.09177025 421.02386073
 421.61116431]",-2386.2283985369127,0.159999
2,16,"[-301.55018715  417.89848521  418.95871209  226.75652679  420.85544989
  416.27239156]",-2109.0268838672973,0.171988
3,16,"[ 412.97413125 -303.22974637  451.77758264  457.18225433  390.08291259
  422.2324496 ]",-2001.000787322582,0.227148
4,18,"[-301.54140584  414.42123673  420.33445316  425.68493291  420.85009032
  420.03859843]",-2386.982155395936,0.275097
5,30,"[-312.05888983 -280.18328819  440.85918488  402.21262652  421.22671157
 -297.21132233]",-1990.6671258563179,0.360235
6,14,"[ 423.27969676  420.85810677  422.90836829 -293.78354569  419.56485223
  380.52498662]",-2198.048790025892,0.144982
7,22,"[ 411.9874252   442.39793704 -294.29570785  432.74274857  420.21299429
 -312.670901  ]",-2170.774381584001,0.219792
8,27,"[ 415.4482073  -306.38406844 -324.62287407  414.19915006  420.64378485
  415.32208746]",-2201.0252722005303,0.28299
9,14,"[404.18991954 434.64054185 429.07867686 411.0957795  392.33916949
 423.77011306]",-2336.1016141188907,0.145025
10,22,"[ 421.29550863  420.91008654  422.14123086  188.06977495 -303.37343843
  421.56328096]",-2147.6222148638585,0.223
11,13,"[ 420.60818408  423.72478619  420.18813639  427.03196303  420.08139191
 -261.52252922]",-2206.089130748925,0.131004
12,70,"[419.98884289 410.08400456 421.52592474 429.3823454  441.65867546
 408.23940664]",-2416.5261429362913,0.754
13,13,"[420.21947021 399.87448814 416.69383825 404.06069643 439.09414268
 424.38926894]",-2379.227263627029,0.14101
14,19,"[ 444.20084054  420.62625555 -304.03721118  397.21352274 -337.58598789
  424.00731042]",-1994.2705000696994,0.204984
15,27,"[-302.64096364 -302.55430778  419.77788003  434.54487832  421.66777149
  422.77079679]",-2253.2031440858045,0.278031
16,13,"[ 423.38879648  389.70471503  422.44190686  419.87705259  421.53751159
 -303.75774933]",-2278.246671612288,0.129997
17,13,"[424.39909134 419.29013229 458.012561   411.93078528 423.73829758
 401.94639973]",-2292.173457123663,0.124979
18,13,"[444.59814542 421.19279866 447.0886406  425.25705437 420.77672981
 432.85425081]",-2340.5461983077143,0.128002
19,27,"[ 424.5950074   428.84834514 -301.00961121 -300.98143429  407.93016453
 -299.35405191]",-2126.0655008731464,0.285998
20,21,"[-303.5419858   421.02283333  437.59532425  414.45285127  453.76555337
  439.18570912]",-2183.524423129899,0.214014
21,13,"[ 426.74790615  418.80673208  421.07740403 -302.13949424  421.33610098
 -297.68091631]",-2269.218339845741,0.12998
22,16,"[425.33882411 420.84917355 426.05908486 429.40598181 434.56186087
 425.94655835]",-2472.880854659346,0.156009
23,18,"[422.02141378 427.97172293 420.54833483 420.6413549  420.88954161
 411.93701298]",-2497.316159025183,0.171022
24,15,"[ 419.93141206  420.93365178 -295.87535678  413.17253917  421.83254845
 -318.06239079]",-2233.2905239375777,0.153991
25,12,"[422.16030199 421.31735511 418.39077083 446.44670189 420.98055585
 420.24005111]",-2432.693801832055,0.115991
26,15,"[ 422.30553096  420.10507252  468.04982874 -299.98190403  423.17396565
  203.67969071]",-1921.0136620401033,0.161006
27,79,"[-292.80102825  414.27857663  424.4904805   431.49183724  421.30492825
  421.40565178]",-2362.4485999754925,0.883987
28,31,"[ 420.93457083  440.92797384 -274.08538833 -321.04930988 -311.77310387
  438.11847453]",-1923.3526096068301,0.32
29,19,"[419.88968938 413.54976212 421.55802279 430.71061673 424.70182532
 203.81945631]",-2275.9375526373824,0.197009
30,88,"[420.78529403 443.97435506 390.97446085 425.81083252 417.03623454
 419.70679763]",-2336.057972485077,1.145869
31,75,"[ 428.72991794 -305.28369505  420.27118711 -300.24777957  419.12014004
  203.6864557 ]",-2050.1657087863855,0.931997
32,19,"[421.14116524 407.24024955 415.67066666 421.98007571 439.88318411
 416.65347785]",-2439.7885157533005,0.292056
33,13,"[-299.52010268  417.8475667  -499.78812969  421.05658635  421.06523087
  414.38133335]",-2146.958541213304,0.129972
34,9,"[425.40884355 423.10195002 402.75212639 453.78313681 404.68505118
 426.06719709]",-2303.3739927864945,0.091002
35,18,"[ 392.37510767  420.91589785  427.04406152  416.28862714 -296.66211046
  458.12980554]",-2120.743653591733,0.192009
36,18,"[418.25653794 447.99069407 422.86628349 420.7868309  393.60050403
 420.26935886]",-2332.6830828406382,0.273004
37,18,"[420.12523583 421.79143987 421.41051151 421.99399068 421.64875675
 416.19193692]",-2510.635833046027,0.197999
38,34,"[ 401.1842738   391.40427034  423.42856968 -288.65369798  450.93617418
  419.49215391]",-2108.6500868003754,0.36398
39,28,"[ 374.08908315 -286.3776554  -294.87349778  421.04510133  412.20650671
 -301.883424  ]",-1867.1043167116804,0.396035
40,32,"[-318.33503191 -304.50177175  406.83834702 -303.94780688  423.20453033
  421.06282101]",-2101.020445569081,0.362818
41,15,"[ 421.114294   -305.74832081  425.4171415  -335.60157298 -330.95271487
  421.54113495]",-1925.5724409206828,0.160996
42,21,"[421.43598649 435.84110025 446.10156523 447.96848056 435.63613594
 219.71566175]",-2042.5118113293129,0.246002
43,17,"[ 395.54273018  413.77918164  428.10860295  421.55471598  422.23178711
 -307.22942235]",-2301.361854305075,0.239006
44,17,"[421.94577207 431.39037258 420.43599133 422.04348139 436.93428741
 420.59944106]",-2467.9380063590156,0.176994
45,13,"[-312.33805825  421.63751203  421.12350429 -300.88712289  433.91511993
  412.40885073]",-2234.1855031409955,0.143
46,16,"[420.69781249 433.21842795 421.10498264 444.89423261 430.20609978
 421.51473646]",-2413.342839099275,0.173025
47,16,"[ 431.59860567  420.73297505 -303.31888866  420.20513234  410.65779908
  421.121111  ]",-2367.7696586466536,0.171977
48,18,"[ 421.74089192  403.85024155  413.04845775  412.51843075 -284.54746627
  429.51463443]",-2293.5636093722596,0.20261
49,17,"[428.68133056 418.4120195  423.02301926 416.93615784 434.34628477
 421.04152008]",-2480.4904928354213,0.175979
