,population,best_x,best_energy,running_time
0,13,[420.95408071 433.55758069],-818.0293757585075,0.120984
1,12,[421.35445972 194.41556696],-609.7375474865021,0.095002
2,31,[420.92985121 423.9298678 ],-836.8584026293325,0.235009
3,16,[455.71062601 432.29082391],-676.3643953137293,0.140994
4,15,[421.0269804  421.00251109],-837.9652027630027,0.164001
5,7,[397.01843327 420.64975683],-768.3280314359099,0.057009
6,8,[435.61533611 421.77854088],-810.9499519756528,0.06199
7,14,[420.98209331 424.45208751],-836.4335636612586,0.113031
8,8,[420.97326086 420.31525477],-837.9118998452763,0.060978
9,10,[421.13193719 421.07088512],-837.9610974748052,0.095991
10,20,[420.97093641 420.92043605],-837.9654794471687,0.3051
11,40,[420.95428164 420.9820519 ],-837.9657258045356,0.430004
12,9,[431.00394153 420.52304904],-825.2482287546773,0.070013
13,9,[421.60236586 419.2175657 ],-837.5284656571334,0.070988
14,69,[421.00887073 405.70075731],-809.0694577698541,0.623006
15,15,[421.13186648 420.96072326],-837.9624087027316,0.19399
16,54,[ 420.9572577  -499.59142525],-595.1599479733304,0.413004
17,42,[440.11102522 203.85356614],-575.0863495562879,0.406997
18,19,[420.49933027 425.30290053],-835.5659118375074,0.136057
19,14,[421.81545009 408.11048847],-817.2900110290576,0.096997
20,108,[-302.48552861  420.93508915],-719.5271003267893,0.908022
21,20,[420.564146   424.21882916],-836.6112799852443,0.14498
22,10,[420.12293249 419.23343711],-837.4958704112922,0.066
23,10,[417.15518493 422.03783398],-835.990420866335,0.063311
24,9,[421.07786759 411.7367019 ],-827.294010734262,0.056689
25,40,[414.58904942 442.26324539],-776.4455894447544,0.402008
26,32,[414.05032843 434.12646135],-810.1888656645422,0.348998
27,13,[420.97806097 420.88367343],-837.9648503860175,0.089015
28,30,[387.80167574 420.93447569],-708.5640222896933,0.254975
29,10,[421.49909825 388.09455245],-710.6585148457038,0.087002
30,108,[420.83815709 203.87348414],-620.8235062755928,0.82001
31,8,[421.97324167 417.8929913 ],-836.6466626185546,0.050006
32,11,[-304.64993659  420.95364576],-718.9550690372762,0.081986
33,16,[-295.58827622  421.16083295],-713.4720962793893,0.12802
34,9,[421.39383519 419.85025862],-837.7851900009334,0.06098
35,81,[-302.60094267  420.9504156 ],-719.5266658665242,0.637035
36,8,[420.27251519 420.19140768],-837.8284045332211,0.055989
37,34,[420.88204573 420.9104361 ],-837.9643970300049,0.254989
38,25,[416.80699656 421.0702566 ],-835.7843621711764,0.174001
39,78,[421.09357271 403.72845885],-801.2695780580327,0.585948
40,28,[-301.05070502  420.89661446],-719.2517965774637,0.204756
41,7,[420.89131666 427.46336926],-832.6405251480153,0.043993
42,14,[421.00545488 418.34293861],-837.0967670282118,0.094927
43,17,[421.13139945 410.59482229],-824.5107134985192,0.116884
44,17,[-302.42518265  420.04403411],-719.4183242127783,0.122917
45,9,[420.98522191 420.99293332],-837.9656664736913,0.064935
46,10,[422.12942449 420.62558581],-837.7808617831499,0.079977
47,13,[420.86045607 212.21843585],-611.8318315804554,0.093939
48,12,[ 431.3749843 -309.281161 ],-700.0991107351535,0.079
49,7,[420.95946522 427.65393105],-832.3245240073893,0.044255
