,population,parents,parents_energy,parents_sigma
0,1,"[[-280.85743767  178.53634109]
 [-459.29423027  428.15423681]
 [ 373.98923088  -49.58565689]
 [-157.7448879  -260.32460755]
 [  84.19863297   66.54921249]
 [ 195.669123   -176.35696577]
 [ -26.19881205 -483.30803937]
 [-397.30571035  391.10348464]
 [-464.12396389 -130.55519709]
 [-219.86149679  171.3073779 ]
 [ 493.4320953  -485.68980778]
 [ -85.59957253  107.80696154]
 [-175.15991263  264.02393058]
 [-366.60621265  496.1605234 ]
 [  63.18692557 -394.23575837]
 [ 130.32343177 -221.95968664]
 [ 498.96251753 -184.40944787]
 [-357.33855717 -410.3489885 ]
 [-411.53227587  249.05586241]
 [ 320.58621959 -448.04677287]]","[-371.23727768 -168.49685941 -141.65240814 -108.77970066  -84.23481888
  -78.06856281  -20.74272751   38.2000816    82.23648445   84.0615015
   85.80534217  102.92123028  244.4926148   246.22202229  270.06921337
  279.6872796   325.86106744  424.12263676  426.13709491  588.58313327]","[[1. 1.]
 [1. 1.]
 [1. 1.]
 [1. 1.]
 [1. 1.]
 [1. 1.]
 [1. 1.]
 [1. 1.]
 [1. 1.]
 [1. 1.]
 [1. 1.]
 [1. 1.]
 [1. 1.]
 [1. 1.]
 [1. 1.]
 [1. 1.]
 [1. 1.]
 [1. 1.]
 [1. 1.]
 [1. 1.]]"
1,2,"[[  84.3883698   429.57644178]
 [ -85.35958999  428.40365496]
 [-357.41596496  428.42288458]
 [-357.6770925   429.17179454]
 [  63.08351016  391.36520067]
 [  63.22353186  391.31992854]
 [-281.10573572  179.13434173]
 [-281.04841051 -131.08555508]
 [-281.44101837 -260.86154551]
 [ 374.29717056  178.29412401]
 [ 493.42482437  429.09472358]
 [-357.30278934  391.2248552 ]
 [ 499.00708228  428.75538098]
 [ 499.41027839  427.91012263]
 [-463.83926285  428.96945779]
 [ 374.40411869 -485.95008384]
 [ 130.124862    391.46407345]
 [ 195.75512826  248.9599791 ]
 [-458.98581183  427.67393967]
 [ 373.90942103  248.14995255]]","[-429.57070119 -396.2423356  -392.00466267 -388.04749372 -377.35544187
 -377.14016593 -375.679011   -362.52126038 -358.51872127 -304.71703527
 -302.00024797 -294.68627565 -241.48190391 -238.68358285 -207.39159248
 -205.29365192 -195.92533282 -176.13714997 -166.70951608 -163.92439379]","[[0.29848468 0.50711285]
 [0.29848468 0.50711285]
 [0.29848468 0.50711285]
 [0.29848468 0.50711285]
 [0.29848468 0.50711285]
 [0.29848468 0.50711285]
 [0.29848468 0.50711285]
 [0.29848468 0.50711285]
 [0.29848468 0.50711285]
 [0.29848468 0.50711285]
 [0.29848468 0.50711285]
 [0.29848468 0.50711285]
 [0.29848468 0.50711285]
 [0.29848468 0.50711285]
 [0.29848468 0.50711285]
 [0.29848468 0.50711285]
 [0.29848468 0.50711285]
 [0.29848468 0.50711285]
 [0.29848468 0.50711285]
 [0.29848468 0.50711285]]"
2,3,"[[-281.42359706  428.25295119]
 [-281.35378483  428.50107331]
 [-281.47676333  428.92379713]
 [-281.40132858  428.86665702]
 [-281.09737843  428.71116914]
 [-281.06201858  428.72645669]
 [-281.03638009  428.75127314]
 [-280.91154083  429.06621001]
 [-280.83478272  429.09207506]
 [-281.01435845  429.56644304]
 [-280.90849587  429.48459442]
 [ 195.80465885  428.70386517]
 [ 195.75255019  429.18120063]
 [ 195.8834233   429.3956865 ]
 [ 374.42910637  428.61130451]
 [ 374.3123857   428.55027743]
 [ 374.39524015  428.9946797 ]
 [ 374.36132639  429.1017853 ]
 [ 374.16700393  428.92954037]
 [ 374.27060912  429.43496478]]","[-658.84305653 -658.03576718 -657.81618293 -657.55937676 -656.35986492
 -656.15364636 -655.97702865 -654.72180362 -654.28302126 -654.18541559
 -653.83128669 -605.20718159 -604.14405007 -603.95529061 -591.32539764
 -590.39515713 -590.26489273 -589.74263082 -588.34640124 -588.23181512]","[[0.08909311 0.25716344]
 [0.08909311 0.25716344]
 [0.08909311 0.25716344]
 [0.08909311 0.25716344]
 [0.08909311 0.25716344]
 [0.08909311 0.25716344]
 [0.08909311 0.25716344]
 [0.08909311 0.25716344]
 [0.08909311 0.25716344]
 [0.08909311 0.25716344]
 [0.08909311 0.25716344]
 [0.08909311 0.25716344]
 [0.08909311 0.25716344]
 [0.08909311 0.25716344]
 [0.08909311 0.25716344]
 [0.08909311 0.25716344]
 [0.08909311 0.25716344]
 [0.08909311 0.25716344]
 [0.08909311 0.25716344]
 [0.08909311 0.25716344]]"
3,4,"[[-281.44147252  428.55463199]
 [-281.40250073  428.45867823]
 [-281.45108642  428.62449115]
 [-281.4058539   428.51735424]
 [-281.43331025  428.6263576 ]
 [-281.38308307  428.55995772]
 [-281.51151967  428.93813527]
 [-281.36223047  428.6129023 ]
 [-281.39304153  428.72218712]
 [-281.34797039  428.61161235]
 [-281.33069129  428.59103191]
 [-281.42063333  429.01317627]
 [-281.43141097  429.04200209]
 [-281.33386903  428.86229957]
 [-281.4277553   429.10351977]
 [-281.09455357  428.2555932 ]
 [-281.38535502  429.02584417]
 [-281.4044523   429.1066017 ]
 [-281.36831776  429.07488851]
 [-281.50003142  429.39698395]]","[-658.36561122 -658.35614729 -658.27870191 -658.26145945 -658.18770596
 -658.06801556 -657.95794074 -657.8635691  -657.80342322 -657.79570056
 -657.74998517 -657.36017353 -657.3546771  -657.23539419 -657.2111171
 -657.2086272  -657.1607675  -657.0901142  -656.97694421 -656.95408104]","[[0.02659293 0.13041088]
 [0.02659293 0.13041088]
 [0.02659293 0.13041088]
 [0.02659293 0.13041088]
 [0.02659293 0.13041088]
 [0.02659293 0.13041088]
 [0.02659293 0.13041088]
 [0.02659293 0.13041088]
 [0.02659293 0.13041088]
 [0.02659293 0.13041088]
 [0.02659293 0.13041088]
 [0.02659293 0.13041088]
 [0.02659293 0.13041088]
 [0.02659293 0.13041088]
 [0.02659293 0.13041088]
 [0.02659293 0.13041088]
 [0.02659293 0.13041088]
 [0.02659293 0.13041088]
 [0.02659293 0.13041088]
 [0.02659293 0.13041088]]"
4,5,"[[-281.52185531  428.26174538]
 [-281.48736611  428.18067209]
 [-281.46507008  428.33157198]
 [-281.42753573  428.24966843]
 [-281.49601789  428.47666542]
 [-281.4978462   428.48541527]
 [-281.43853626  428.33799909]
 [-281.42950949  428.31752227]
 [-281.40814571  428.2836684 ]
 [-281.45495176  428.50669288]
 [-281.43055868  428.45398736]
 [-281.38994115  428.36805325]
 [-281.42281619  428.47837964]
 [-281.42328723  428.49549299]
 [-281.49989849  428.70482943]
 [-281.46181072  428.61118246]
 [-281.388628    428.42642187]
 [-281.43145893  428.5452083 ]
 [-281.42192386  428.52290062]
 [-281.45240758  428.61127708]]","[-659.3093813  -659.28847235 -658.90179348 -658.86846019 -658.78178721
 -658.77418931 -658.75945958 -658.75305051 -658.71048801 -658.52322677
 -658.50308597 -658.46433789 -658.41890397 -658.38879423 -658.36255776
 -658.35705056 -658.34857862 -658.33437421 -658.32999984 -658.31066655]","[[0.00793758 0.06613304]
 [0.00793758 0.06613304]
 [0.00793758 0.06613304]
 [0.00793758 0.06613304]
 [0.00793758 0.06613304]
 [0.00793758 0.06613304]
 [0.00793758 0.06613304]
 [0.00793758 0.06613304]
 [0.00793758 0.06613304]
 [0.00793758 0.06613304]
 [0.00793758 0.06613304]
 [0.00793758 0.06613304]
 [0.00793758 0.06613304]
 [0.00793758 0.06613304]
 [0.00793758 0.06613304]
 [0.00793758 0.06613304]
 [0.00793758 0.06613304]
 [0.00793758 0.06613304]
 [0.00793758 0.06613304]
 [0.00793758 0.06613304]]"
5,6,"[[-281.50249722  428.16559804]
 [-281.52347089  428.29206268]
 [-281.48635172  428.20834332]
 [-281.52546302  428.31825428]
 [-281.48429517  428.22848859]
 [-281.50067608  428.29400387]
 [-281.4953168   428.28200666]
 [-281.51964913  428.34651012]
 [-281.4878545   428.26438921]
 [-281.49917269  428.30888111]
 [-281.49846892  428.32122015]
 [-281.48178916  428.27704238]
 [-281.42481403  428.12919993]
 [-281.50480838  428.35219341]
 [-281.49828595  428.33653135]
 [-281.46588912  428.26476413]
 [-281.42961303  428.16766644]
 [-281.46136282  428.27263473]
 [-281.45324336  428.25226296]
 [-281.46506334  428.28404232]]","[-659.39008368 -659.26144577 -659.23308743 -659.22277015 -659.18617627
 -659.14610847 -659.14195475 -659.14183171 -659.13777976 -659.11123508
 -659.0849332  -659.08472031 -659.0743665  -659.05850098 -659.05562902
 -659.02925036 -659.02834676 -658.99253282 -658.99009517 -658.9896907 ]","[[0.00236925 0.03353691]
 [0.00236925 0.03353691]
 [0.00236925 0.03353691]
 [0.00236925 0.03353691]
 [0.00236925 0.03353691]
 [0.00236925 0.03353691]
 [0.00236925 0.03353691]
 [0.00236925 0.03353691]
 [0.00236925 0.03353691]
 [0.00236925 0.03353691]
 [0.00236925 0.03353691]
 [0.00236925 0.03353691]
 [0.00236925 0.03353691]
 [0.00236925 0.03353691]
 [0.00236925 0.03353691]
 [0.00236925 0.03353691]
 [0.00236925 0.03353691]
 [0.00236925 0.03353691]
 [0.00236925 0.03353691]
 [0.00236925 0.03353691]]"
6,7,"[[-281.52575692  428.11598021]
 [-281.52378693  428.16308683]
 [-281.50539557  428.11533325]
 [-281.52236674  428.18806779]
 [-281.51977517  428.18560791]
 [-281.49821001  428.13848041]
 [-281.49490019  428.1432813 ]
 [-281.50040145  428.17100766]
 [-281.52495716  428.23761783]
 [-281.48662867  428.14092475]
 [-281.4880832   428.15188583]
 [-281.49970716  428.18388038]
 [-281.52283741  428.24675809]
 [-281.48262673  428.14373775]
 [-281.52599415  428.26070826]
 [-281.51946661  428.24992362]
 [-281.50183824  428.20694779]
 [-281.48176842  428.16213035]
 [-281.49525011  428.1985989 ]
 [-281.51949871  428.26780016]]","[-659.59382416 -659.49900911 -659.49518094 -659.44666202 -659.43843752
 -659.41816509 -659.39324739 -659.36998579 -659.36886635 -659.35692259
 -659.34422572 -659.34318603 -659.34171973 -659.33219356 -659.33156916
 -659.31939109 -659.31161307 -659.29466763 -659.29452248 -659.28669581]","[[0.00070718 0.017007  ]
 [0.00070718 0.017007  ]
 [0.00070718 0.017007  ]
 [0.00070718 0.017007  ]
 [0.00070718 0.017007  ]
 [0.00070718 0.017007  ]
 [0.00070718 0.017007  ]
 [0.00070718 0.017007  ]
 [0.00070718 0.017007  ]
 [0.00070718 0.017007  ]
 [0.00070718 0.017007  ]
 [0.00070718 0.017007  ]
 [0.00070718 0.017007  ]
 [0.00070718 0.017007  ]
 [0.00070718 0.017007  ]
 [0.00070718 0.017007  ]
 [0.00070718 0.017007  ]
 [0.00070718 0.017007  ]
 [0.00070718 0.017007  ]
 [0.00070718 0.017007  ]]"
7,8,"[[-281.52576617  428.11575536]
 [-281.51961797  428.10798342]
 [-281.5226435   428.12842339]
 [-281.52381999  428.13224693]
 [-281.52483065  428.13561014]
 [-281.52554743  428.13817044]
 [-281.51991461  428.12455019]
 [-281.52373141  428.13721215]
 [-281.51926268  428.12580798]
 [-281.52474584  428.14703036]
 [-281.52365187  428.14441629]
 [-281.5239562   428.14897283]
 [-281.51951973  428.13783393]
 [-281.51961148  428.13810958]
 [-281.52537035  428.15653129]
 [-281.52535819  428.15653703]
 [-281.52597352  428.16005708]
 [-281.51980795  428.1451865 ]
 [-281.52354815  428.16158122]
 [-281.52230805  428.1585034 ]]","[-659.59427462 -659.57814225 -659.55612642 -659.55498808 -659.55386498
 -659.55275019 -659.5497423  -659.54558358 -659.54427781 -659.53279819
 -659.53216744 -659.52541299 -659.52381965 -659.52377113 -659.51865276
 -659.5185828  -659.51521753 -659.51193622 -659.50056956 -659.50007261]","[[0.00021108 0.00862447]
 [0.00021108 0.00862447]
 [0.00021108 0.00862447]
 [0.00021108 0.00862447]
 [0.00021108 0.00862447]
 [0.00021108 0.00862447]
 [0.00021108 0.00862447]
 [0.00021108 0.00862447]
 [0.00021108 0.00862447]
 [0.00021108 0.00862447]
 [0.00021108 0.00862447]
 [0.00021108 0.00862447]
 [0.00021108 0.00862447]
 [0.00021108 0.00862447]
 [0.00021108 0.00862447]
 [0.00021108 0.00862447]
 [0.00021108 0.00862447]
 [0.00021108 0.00862447]
 [0.00021108 0.00862447]
 [0.00021108 0.00862447]]"
8,9,"[[-281.52582738  428.10702519]
 [-281.52489952  428.10635274]
 [-281.52357877  428.10303655]
 [-281.52545229  428.10908443]
 [-281.52481967  428.11064663]
 [-281.52599668  428.11452082]
 [-281.52467513  428.11104165]
 [-281.52603894  428.1151064 ]
 [-281.5259479   428.11567758]
 [-281.52556499  428.11677922]
 [-281.52600343  428.11994558]
 [-281.52358927  428.11512776]
 [-281.52393525  428.11861971]
 [-281.52580214  428.12474399]
 [-281.52548456  428.12479393]
 [-281.52595896  428.12622524]
 [-281.52549893  428.1251402 ]
 [-281.52548924  428.12543201]
 [-281.5192605   428.10870325]
 [-281.5255854   428.12646982]]","[-659.61029585 -659.60695959 -659.60645391 -659.60475143 -659.59883896
 -659.59762845 -659.59741942 -659.59678046 -659.59530524 -659.59144386
 -659.58788462 -659.58473846 -659.58014074 -659.57824417 -659.57659798
 -659.57633988 -659.57604362 -659.57546964 -659.57509447 -659.57406815]","[[6.30051998e-05 4.37357835e-03]
 [6.30051998e-05 4.37357835e-03]
 [6.30051998e-05 4.37357835e-03]
 [6.30051998e-05 4.37357835e-03]
 [6.30051998e-05 4.37357835e-03]
 [6.30051998e-05 4.37357835e-03]
 [6.30051998e-05 4.37357835e-03]
 [6.30051998e-05 4.37357835e-03]
 [6.30051998e-05 4.37357835e-03]
 [6.30051998e-05 4.37357835e-03]
 [6.30051998e-05 4.37357835e-03]
 [6.30051998e-05 4.37357835e-03]
 [6.30051998e-05 4.37357835e-03]
 [6.30051998e-05 4.37357835e-03]
 [6.30051998e-05 4.37357835e-03]
 [6.30051998e-05 4.37357835e-03]
 [6.30051998e-05 4.37357835e-03]
 [6.30051998e-05 4.37357835e-03]
 [6.30051998e-05 4.37357835e-03]
 [6.30051998e-05 4.37357835e-03]]"
9,10,"[[-281.5257988   428.10238873]
 [-281.52595195  428.10301199]
 [-281.52481063  428.10130007]
 [-281.52579626  428.10411276]
 [-281.5259252   428.10458491]
 [-281.52600646  428.10505692]
 [-281.52552609  428.1040618 ]
 [-281.52603791  428.1059183 ]
 [-281.52550183  428.10496354]
 [-281.52601557  428.10672054]
 [-281.52597579  428.10672071]
 [-281.52554807  428.10556723]
 [-281.52598274  428.1068037 ]
 [-281.52541903  428.10572426]
 [-281.52596093  428.10731631]
 [-281.52606378  428.10761831]
 [-281.52597221  428.1074474 ]
 [-281.52581386  428.10702084]
 [-281.52579139  428.10728891]
 [-281.52603616  428.10862908]]","[-659.61849741 -659.61812684 -659.6156133  -659.61538389 -659.61516623
 -659.61471518 -659.61415175 -659.61331938 -659.61241058 -659.61176625
 -659.61157106 -659.61155096 -659.61145572 -659.6106361  -659.61042631
 -659.61038672 -659.61024564 -659.61023746 -659.60964492 -659.60843202]","[[1.88060871e-05 2.21789777e-03]
 [1.88060871e-05 2.21789777e-03]
 [1.88060871e-05 2.21789777e-03]
 [1.88060871e-05 2.21789777e-03]
 [1.88060871e-05 2.21789777e-03]
 [1.88060871e-05 2.21789777e-03]
 [1.88060871e-05 2.21789777e-03]
 [1.88060871e-05 2.21789777e-03]
 [1.88060871e-05 2.21789777e-03]
 [1.88060871e-05 2.21789777e-03]
 [1.88060871e-05 2.21789777e-03]
 [1.88060871e-05 2.21789777e-03]
 [1.88060871e-05 2.21789777e-03]
 [1.88060871e-05 2.21789777e-03]
 [1.88060871e-05 2.21789777e-03]
 [1.88060871e-05 2.21789777e-03]
 [1.88060871e-05 2.21789777e-03]
 [1.88060871e-05 2.21789777e-03]
 [1.88060871e-05 2.21789777e-03]
 [1.88060871e-05 2.21789777e-03]]"
10,11,"[[-281.52599895  428.10043424]
 [-281.52606938  428.10111524]
 [-281.52595322  428.10086988]
 [-281.52579807  428.10071449]
 [-281.52603878  428.10166989]
 [-281.52606282  428.10236763]
 [-281.52602857  428.10227842]
 [-281.52548978  428.10088207]
 [-281.52555516  428.10139365]
 [-281.52582193  428.10222732]
 [-281.52603479  428.10282647]
 [-281.52579865  428.10232139]
 [-281.52597591  428.10285978]
 [-281.52594918  428.10299441]
 [-281.52555268  428.10223714]
 [-281.52603448  428.10383775]
 [-281.52596297  428.10379142]
 [-281.52597313  428.10383607]
 [-281.52481471  428.10076524]
 [-281.52603653  428.10413102]]","[-659.62299291 -659.62211348 -659.62198551 -659.62150473 -659.62096611
 -659.61982905 -659.61982165 -659.6196928  -659.61909319 -659.61890108
 -659.61886645 -659.61861782 -659.618518   -659.61814491 -659.61756413
 -659.61704584 -659.61677879 -659.61674823 -659.61659501 -659.61652828]","[[5.61332892e-06 1.12472446e-03]
 [5.61332892e-06 1.12472446e-03]
 [5.61332892e-06 1.12472446e-03]
 [5.61332892e-06 1.12472446e-03]
 [5.61332892e-06 1.12472446e-03]
 [5.61332892e-06 1.12472446e-03]
 [5.61332892e-06 1.12472446e-03]
 [5.61332892e-06 1.12472446e-03]
 [5.61332892e-06 1.12472446e-03]
 [5.61332892e-06 1.12472446e-03]
 [5.61332892e-06 1.12472446e-03]
 [5.61332892e-06 1.12472446e-03]
 [5.61332892e-06 1.12472446e-03]
 [5.61332892e-06 1.12472446e-03]
 [5.61332892e-06 1.12472446e-03]
 [5.61332892e-06 1.12472446e-03]
 [5.61332892e-06 1.12472446e-03]
 [5.61332892e-06 1.12472446e-03]
 [5.61332892e-06 1.12472446e-03]
 [5.61332892e-06 1.12472446e-03]]"
