,population,parents,parents_energy,parents_sigma
0,1,"[[ 378.37533991 -249.12352391  271.33543954  403.14712863  452.62646885
  -309.35278028]
 [  49.31970639  436.07923956 -336.99291486  411.1392939   295.45757626
   222.05274373]
 [ 400.13321265  129.25317346 -309.07693814   86.01769701 -129.08708195
  -104.82341189]
 [ 419.07429172  -75.92782903  156.79537322 -148.19194442 -235.11001545
   226.76006818]
 [  52.50749454 -239.15135837  204.85937443  358.59854342 -135.79485771
  -131.27467424]
 [-400.80270791    0.49892075  391.85510244 -479.78804211  219.79745645
   474.52159146]
 [  -9.13856289  151.38196355   35.94385467   40.74105604  165.93682396
   477.11563509]
 [ 276.02847094 -316.06359304  128.51965625  232.47624383 -160.70752351
   481.36241716]
 [ 302.44228837  127.31760769 -291.36838415 -166.97893467  466.2158192
  -242.58316411]
 [  28.69597235   73.42899154   36.52086664  234.58446375   28.30548783
  -196.40551095]
 [-463.98716006 -149.46596253  135.24953804 -328.8004665   271.97280071
   229.66435765]
 [ 299.59369637 -177.87346401 -171.66239935  426.34273456   26.4609681
   -67.15167647]
 [-157.42968211  205.7988836  -195.53107849  -21.18509086  -66.43470388
   326.99679059]
 [ 265.47712215  164.60722533 -365.96654411  240.40078771 -466.62202055
   168.46670918]
 [ 162.58846701  329.96984319 -178.47501947 -373.01329853 -264.24074915
    33.2527639 ]
 [-288.1882203  -416.44052876 -223.8512728   106.4034168   231.2704442
  -369.08227901]
 [-405.22969043 -382.59811126 -366.14972899  221.83154814   66.51680143
  -254.83005568]
 [ 494.6113564  -406.00343633  395.33161802 -490.97777108 -421.41446207
    56.10566892]
 [ -78.90501437  305.65814042  -74.48249847  208.42064797 -211.41169058
  -466.59300504]
 [ 341.12994365  334.62439959 -377.80031292  286.6733273    11.96854445
   -90.25981597]]","[-1017.02980903  -855.75031784  -750.18330539  -469.81719627
  -443.36915231  -174.81293789   -75.35656356   -49.31881887
    46.71693596   104.76158484   116.45531622   182.95744384
   258.12934226   266.36453402   351.74986786   395.74288675
   451.80282741   458.32079067   566.05266053   779.2132778 ]","[[1. 1. 1. 1. 1. 1.]
 [1. 1. 1. 1. 1. 1.]
 [1. 1. 1. 1. 1. 1.]
 [1. 1. 1. 1. 1. 1.]
 [1. 1. 1. 1. 1. 1.]
 [1. 1. 1. 1. 1. 1.]
 [1. 1. 1. 1. 1. 1.]
 [1. 1. 1. 1. 1. 1.]
 [1. 1. 1. 1. 1. 1.]
 [1. 1. 1. 1. 1. 1.]
 [1. 1. 1. 1. 1. 1.]
 [1. 1. 1. 1. 1. 1.]
 [1. 1. 1. 1. 1. 1.]
 [1. 1. 1. 1. 1. 1.]
 [1. 1. 1. 1. 1. 1.]
 [1. 1. 1. 1. 1. 1.]
 [1. 1. 1. 1. 1. 1.]
 [1. 1. 1. 1. 1. 1.]
 [1. 1. 1. 1. 1. 1.]
 [1. 1. 1. 1. 1. 1.]]"
1,2,"[[ 377.87926324  436.59432095  205.85953245 -328.28918524   28.06932896
  -308.56085733]
 [ 418.83272722  206.21159157 -172.06288071  411.2106892   466.3091125
  -103.8127864 ]
 [-288.54374951  128.18081101  393.17951149  411.2721514    28.69305628
  -309.40479315]
 [ 265.49524741  435.68804619 -291.66635649  402.96031859 -136.17300346
  -105.02356212]
 [  28.2070252  -316.26004669  206.34402678  403.37019838  219.24974355
   -90.54998855]
 [ 418.92182632  128.82839794  -74.04155623  403.61913015  166.28791935
   222.08622114]
 [ 417.99323679 -150.13555994   35.21761594  358.61461759   11.99771487
  -309.59361895]
 [ 419.51055348 -383.89955453  391.84521563  235.18735591 -129.01694492
  -104.61117933]
 [  53.99611718 -315.49921369 -179.73215223  403.77018667  230.58273734
  -254.98536012]
 [ 400.42242678  130.54247594  133.38263733  410.94831286 -136.05464291
   474.23447131]
 [-288.44227765 -249.67926102  135.29485864  231.80299522  452.41311819
  -131.47533244]
 [ 162.89376176 -149.56919393 -293.16260069 -147.86061965 -264.4307575
   226.43045049]
 [ 417.61374825 -178.65897415  393.7081465   234.63011127 -235.10213535
    55.92128709]
 [ 399.23089854 -382.22703257  205.7593086  -491.12038089 -128.85802648
   225.45205979]
 [-463.95861214 -316.11528298 -312.03088771 -491.11129749  166.20281454
   226.26529875]
 [  49.22603052  437.33937826  202.81409421  286.50861729  465.93368647
   475.83259406]
 [  -8.44488098  165.2639712   -74.42077505  403.03098536  466.43677363
  -255.11444994]
 [ 163.06095183  206.11547998  134.28921725 -327.95580145 -128.70298546
   229.35575704]
 [  49.16239063 -149.23236477 -291.57561083 -328.89506149 -235.01572568
  -255.20925401]
 [ 341.88322828  150.11095713 -309.24343084  240.6946839   452.36619225
    56.50269837]]","[-1291.43012856 -1188.62727856 -1160.07368404 -1093.22206728
 -1015.38644285  -839.19853323  -773.89625557  -757.89305622
  -755.98438577  -749.14171733  -713.90224498  -707.11559944
  -674.29704495  -664.00742219  -639.95262201  -619.04320818
  -616.8985699   -587.2660612   -565.65271804  -526.82022177]","[[0.83929696 0.6861229  1.73534782 0.3908882  0.29504977 0.4882486 ]
 [0.83929696 0.6861229  1.73534782 0.3908882  0.29504977 0.4882486 ]
 [0.83929696 0.6861229  1.73534782 0.3908882  0.29504977 0.4882486 ]
 [0.83929696 0.6861229  1.73534782 0.3908882  0.29504977 0.4882486 ]
 [0.83929696 0.6861229  1.73534782 0.3908882  0.29504977 0.4882486 ]
 [0.83929696 0.6861229  1.73534782 0.3908882  0.29504977 0.4882486 ]
 [0.83929696 0.6861229  1.73534782 0.3908882  0.29504977 0.4882486 ]
 [0.83929696 0.6861229  1.73534782 0.3908882  0.29504977 0.4882486 ]
 [0.83929696 0.6861229  1.73534782 0.3908882  0.29504977 0.4882486 ]
 [0.83929696 0.6861229  1.73534782 0.3908882  0.29504977 0.4882486 ]
 [0.83929696 0.6861229  1.73534782 0.3908882  0.29504977 0.4882486 ]
 [0.83929696 0.6861229  1.73534782 0.3908882  0.29504977 0.4882486 ]
 [0.83929696 0.6861229  1.73534782 0.3908882  0.29504977 0.4882486 ]
 [0.83929696 0.6861229  1.73534782 0.3908882  0.29504977 0.4882486 ]
 [0.83929696 0.6861229  1.73534782 0.3908882  0.29504977 0.4882486 ]
 [0.83929696 0.6861229  1.73534782 0.3908882  0.29504977 0.4882486 ]
 [0.83929696 0.6861229  1.73534782 0.3908882  0.29504977 0.4882486 ]
 [0.83929696 0.6861229  1.73534782 0.3908882  0.29504977 0.4882486 ]
 [0.83929696 0.6861229  1.73534782 0.3908882  0.29504977 0.4882486 ]
 [0.83929696 0.6861229  1.73534782 0.3908882  0.29504977 0.4882486 ]]"
2,3,"[[ 398.89590278 -316.01117089  395.20932264  411.01764509  452.48861377
   226.30441013]
 [ 418.5427279   435.26426628 -287.87991045  403.42028139  466.00465367
   229.27833773]
 [ 419.09173462  437.23668595 -287.71061709  411.03934159   28.13939491
   222.07053548]
 [ 418.76146917  164.89304172  392.40594746  403.81725028 -264.43967519
  -309.64171766]
 [ 418.90221588 -315.97764025 -290.59239801  411.42698594  166.43425712
   226.1523802 ]
 [ 419.56339483  206.27314498 -310.44488063  411.28201706  166.4259311
   226.46096933]
 [ 418.6852098  -150.32986896 -312.8175705   403.45224831  466.12675235
   229.99514725]
 [ 399.62210667 -178.54677636  392.76420542  411.4657884  -128.92215273
  -309.57674127]
 [ 419.60734968  165.64969652 -294.71582438  403.57479542 -235.1161803
  -309.57718025]
 [ 162.167961    436.03888003 -293.5301788   403.37568001 -136.02268298
   226.83603308]
 [ 418.38400872 -148.73005956  203.0785117   403.76043134 -264.38113572
   229.3494551 ]
 [  -7.52672725  436.28347307  385.76855368  411.22649715 -264.56693704
  -255.10500118]
 [ 419.75904812  436.42219891   40.00957934  240.51486949  230.5334437
  -309.72823863]
 [ 419.39996658 -315.22645914  200.44140889  234.65246744 -128.98536987
  -131.46956441]
 [ 418.67304822 -148.8581367  -291.81499085 -328.20327282  219.30692594
  -103.5813055 ]
 [ 398.44074373 -316.13912823  395.41189769  231.66876367  230.53912139
   -91.06440183]
 [ 419.36481926  437.58419624  130.09598312  403.95656468  166.2310804
  -255.34537759]
 [ 398.77433115 -315.34508775  385.08290265 -490.94341219 -128.98348721
  -255.23995605]
 [ 418.79297532  436.40419371 -173.17387609  231.44658609  452.28027281
    56.29591772]
 [  27.63853777  436.08383917  395.46651477 -328.86473693 -136.10358114
   229.03270328]]","[-1820.35875811 -1772.69958849 -1621.28081153 -1600.30722884
 -1581.60863547 -1512.97753291 -1432.55640616 -1382.06163633
 -1351.13035154 -1332.38959873 -1317.38537585 -1274.73429776
 -1266.60296202 -1226.23203753 -1219.85889834 -1209.05640467
 -1188.84171885 -1177.35973378 -1173.07947685 -1153.68100718]","[[0.70441938 0.47076463 3.01143205 0.15279359 0.08705436 0.23838669]
 [0.70441938 0.47076463 3.01143205 0.15279359 0.08705436 0.23838669]
 [0.70441938 0.47076463 3.01143205 0.15279359 0.08705436 0.23838669]
 [0.70441938 0.47076463 3.01143205 0.15279359 0.08705436 0.23838669]
 [0.70441938 0.47076463 3.01143205 0.15279359 0.08705436 0.23838669]
 [0.70441938 0.47076463 3.01143205 0.15279359 0.08705436 0.23838669]
 [0.70441938 0.47076463 3.01143205 0.15279359 0.08705436 0.23838669]
 [0.70441938 0.47076463 3.01143205 0.15279359 0.08705436 0.23838669]
 [0.70441938 0.47076463 3.01143205 0.15279359 0.08705436 0.23838669]
 [0.70441938 0.47076463 3.01143205 0.15279359 0.08705436 0.23838669]
 [0.70441938 0.47076463 3.01143205 0.15279359 0.08705436 0.23838669]
 [0.70441938 0.47076463 3.01143205 0.15279359 0.08705436 0.23838669]
 [0.70441938 0.47076463 3.01143205 0.15279359 0.08705436 0.23838669]
 [0.70441938 0.47076463 3.01143205 0.15279359 0.08705436 0.23838669]
 [0.70441938 0.47076463 3.01143205 0.15279359 0.08705436 0.23838669]
 [0.70441938 0.47076463 3.01143205 0.15279359 0.08705436 0.23838669]
 [0.70441938 0.47076463 3.01143205 0.15279359 0.08705436 0.23838669]
 [0.70441938 0.47076463 3.01143205 0.15279359 0.08705436 0.23838669]
 [0.70441938 0.47076463 3.01143205 0.15279359 0.08705436 0.23838669]
 [0.70441938 0.47076463 3.01143205 0.15279359 0.08705436 0.23838669]]"
3,4,"[[ 419.32183444 -315.64690505  382.80999503  411.44672053  452.29204252
  -309.61209511]
 [ 418.63035438  435.90326212 -301.56069101  411.5869455   230.5155138
  -309.60797329]
 [ 419.42122628  436.17038781  394.2303275   411.13961223  166.23469445
  -309.63814263]
 [ 418.06368955  437.8939455  -318.30621978  403.57076193 -264.57079452
  -309.68813269]
 [ 418.74412436  437.52322316  403.0708781   403.80389318  219.26191752
   226.15121939]
 [ 399.12974863  435.93058871  400.75825378  403.52108271  452.55277584
  -255.27000034]
 [ 419.90978097 -316.09073701  394.34332862  411.0143799   230.5595226
  -309.46646252]
 [ 418.74553301 -315.80235893 -314.72778336  411.22622782  452.31099883
   226.43898555]
 [ 419.03627129  437.53771148  391.12371969  403.46473062 -264.37959522
   222.06591148]
 [ 421.23254451  436.20842987  393.33658965  411.33583283 -128.98702384
   229.18233462]
 [ 418.99592932  436.1091309   199.49857857  411.14178936  166.44697135
  -309.46423593]
 [ 398.84135081  436.21053057  193.7764247   403.77195952  452.28697835
   226.11488811]
 [ 419.08089438  437.59500105 -294.91925834  403.55883102 -128.90840063
   222.06873177]
 [ 417.89337196  436.31002091 -312.68924709  411.24404631  230.50300655
   229.25080737]
 [ 419.53822363 -314.99170405 -292.00185907  411.26312876  466.12780678
   229.00492765]
 [ 417.42291506 -316.05986795  213.00896974  411.2403132  -136.08954778
  -309.65610219]
 [ 399.02166338  435.45588499 -295.96733708  411.18160993  466.0980624
    56.37557461]
 [ 418.80963625  206.66054363 -303.79128134  411.45869156  166.23277841
  -309.50082383]
 [ 419.90414669  435.83631646 -287.44186879  403.42597816 -264.59746095
  -255.02199005]
 [ 418.14035444 -314.8345337   400.23849242  411.40214953  166.40715164
   226.66390312]]","[-1950.15368767 -1927.44742376 -1896.00746144 -1886.00291762
 -1877.29780331 -1867.53177203 -1846.18766712 -1823.85907709
 -1796.01252333 -1787.70618015 -1764.27281214 -1760.98541979
 -1758.69812765 -1740.66079158 -1700.14079264 -1693.86103775
 -1690.29423073 -1674.94697437 -1669.64782133 -1665.41971085]","[[0.59121704 0.32300239 5.22588204 0.05972521 0.02568537 0.11639197]
 [0.59121704 0.32300239 5.22588204 0.05972521 0.02568537 0.11639197]
 [0.59121704 0.32300239 5.22588204 0.05972521 0.02568537 0.11639197]
 [0.59121704 0.32300239 5.22588204 0.05972521 0.02568537 0.11639197]
 [0.59121704 0.32300239 5.22588204 0.05972521 0.02568537 0.11639197]
 [0.59121704 0.32300239 5.22588204 0.05972521 0.02568537 0.11639197]
 [0.59121704 0.32300239 5.22588204 0.05972521 0.02568537 0.11639197]
 [0.59121704 0.32300239 5.22588204 0.05972521 0.02568537 0.11639197]
 [0.59121704 0.32300239 5.22588204 0.05972521 0.02568537 0.11639197]
 [0.59121704 0.32300239 5.22588204 0.05972521 0.02568537 0.11639197]
 [0.59121704 0.32300239 5.22588204 0.05972521 0.02568537 0.11639197]
 [0.59121704 0.32300239 5.22588204 0.05972521 0.02568537 0.11639197]
 [0.59121704 0.32300239 5.22588204 0.05972521 0.02568537 0.11639197]
 [0.59121704 0.32300239 5.22588204 0.05972521 0.02568537 0.11639197]
 [0.59121704 0.32300239 5.22588204 0.05972521 0.02568537 0.11639197]
 [0.59121704 0.32300239 5.22588204 0.05972521 0.02568537 0.11639197]
 [0.59121704 0.32300239 5.22588204 0.05972521 0.02568537 0.11639197]
 [0.59121704 0.32300239 5.22588204 0.05972521 0.02568537 0.11639197]
 [0.59121704 0.32300239 5.22588204 0.05972521 0.02568537 0.11639197]
 [0.59121704 0.32300239 5.22588204 0.05972521 0.02568537 0.11639197]]"
4,5,"[[ 419.4366623   435.56358232  400.69904658  411.21786785  452.31354715
  -309.7089636 ]
 [ 419.37015654  436.18599898  395.21661932  403.58258906  452.30264859
  -309.59473748]
 [ 418.27474196  435.53027721 -299.77377988  411.59740876  452.28703732
  -309.58097939]
 [ 419.8212889   436.04371364  387.62321917  411.23433333  452.28303299
  -309.66668915]
 [ 421.0345217   435.96264655  402.96716643  411.34949989  219.25523071
  -309.6817449 ]
 [ 418.73209021  436.16138641 -316.66908536  403.56031753  452.28843409
  -309.62371474]
 [ 399.40616585  435.96410161 -306.23308445  411.34996889  452.56145327
  -309.64088196]
 [ 419.57287495  435.79366621  403.97564199  403.79981703 -264.60587151
  -309.54926549]
 [ 418.14087465  435.92021667 -333.21893195  411.25919668  452.31369026
  -309.57674686]
 [ 418.73184255  435.62121921  390.74203394  411.34576587  219.26629836
  -309.51023389]
 [ 418.71625619  435.7395515  -296.99699667  411.28822707  466.11794817
  -309.56474735]
 [ 418.86517736  436.04968634  410.92273399  411.25028791  452.29178785
  -255.30134598]
 [ 417.49089299  435.91795384  392.01162236  403.40741986  466.12975719
  -309.46562805]
 [ 419.80545316 -316.49268423 -313.30722272  411.45588608  452.27766133
  -309.49664429]
 [ 418.25821379 -315.99078254  410.75005877  411.14224707  452.31133245
   221.96655137]
 [ 399.52813269  437.53038944  401.17691345  411.44844712  452.30941078
   226.61930309]
 [ 416.97375424 -315.17670435  415.85857093  411.62013591  452.29486739
   226.35007602]
 [ 399.66587609  436.78122078  400.53388288  411.16266886 -264.37781093
  -309.46957574]
 [ 417.6675856   436.25805879 -313.76556655  411.31954815  452.31122434
   222.16430068]
 [ 419.06388415  436.32664646 -301.58577538  403.77193985  452.55610764
   222.18570491]]","[-2180.06873931 -2122.91070804 -2111.86877949 -2098.42425347
 -2062.09833773 -2059.10321199 -2050.88940081 -2010.60107158
 -1996.61190961 -1994.25600271 -1990.26547854 -1990.12988179
 -1984.57420749 -1982.39544371 -1968.7211904  -1963.31227842
 -1959.96598015 -1958.91050609 -1958.43675616 -1948.18134155]","[[4.96206664e-01 2.21619339e-01 9.06872301e+00 2.33458807e-02
  7.57846246e-03 5.68282149e-02]
 [4.96206664e-01 2.21619339e-01 9.06872301e+00 2.33458807e-02
  7.57846246e-03 5.68282149e-02]
 [4.96206664e-01 2.21619339e-01 9.06872301e+00 2.33458807e-02
  7.57846246e-03 5.68282149e-02]
 [4.96206664e-01 2.21619339e-01 9.06872301e+00 2.33458807e-02
  7.57846246e-03 5.68282149e-02]
 [4.96206664e-01 2.21619339e-01 9.06872301e+00 2.33458807e-02
  7.57846246e-03 5.68282149e-02]
 [4.96206664e-01 2.21619339e-01 9.06872301e+00 2.33458807e-02
  7.57846246e-03 5.68282149e-02]
 [4.96206664e-01 2.21619339e-01 9.06872301e+00 2.33458807e-02
  7.57846246e-03 5.68282149e-02]
 [4.96206664e-01 2.21619339e-01 9.06872301e+00 2.33458807e-02
  7.57846246e-03 5.68282149e-02]
 [4.96206664e-01 2.21619339e-01 9.06872301e+00 2.33458807e-02
  7.57846246e-03 5.68282149e-02]
 [4.96206664e-01 2.21619339e-01 9.06872301e+00 2.33458807e-02
  7.57846246e-03 5.68282149e-02]
 [4.96206664e-01 2.21619339e-01 9.06872301e+00 2.33458807e-02
  7.57846246e-03 5.68282149e-02]
 [4.96206664e-01 2.21619339e-01 9.06872301e+00 2.33458807e-02
  7.57846246e-03 5.68282149e-02]
 [4.96206664e-01 2.21619339e-01 9.06872301e+00 2.33458807e-02
  7.57846246e-03 5.68282149e-02]
 [4.96206664e-01 2.21619339e-01 9.06872301e+00 2.33458807e-02
  7.57846246e-03 5.68282149e-02]
 [4.96206664e-01 2.21619339e-01 9.06872301e+00 2.33458807e-02
  7.57846246e-03 5.68282149e-02]
 [4.96206664e-01 2.21619339e-01 9.06872301e+00 2.33458807e-02
  7.57846246e-03 5.68282149e-02]
 [4.96206664e-01 2.21619339e-01 9.06872301e+00 2.33458807e-02
  7.57846246e-03 5.68282149e-02]
 [4.96206664e-01 2.21619339e-01 9.06872301e+00 2.33458807e-02
  7.57846246e-03 5.68282149e-02]
 [4.96206664e-01 2.21619339e-01 9.06872301e+00 2.33458807e-02
  7.57846246e-03 5.68282149e-02]
 [4.96206664e-01 2.21619339e-01 9.06872301e+00 2.33458807e-02
  7.57846246e-03 5.68282149e-02]]"
5,6,"[[ 418.06628687  435.94190534  420.27837592  411.62232182  452.31154119
  -309.38557887]
 [ 420.45038166  436.09381054  421.33842367  411.22651068  452.28171585
  -309.6151564 ]
 [ 418.16648258  435.41579041  415.75469321  411.44469026  452.3153471
  -309.50438381]
 [ 418.39618119  435.91936605  416.5108272   411.35121842  452.27579766
  -309.4845041 ]
 [ 419.20913332  436.48529876  418.51647341  411.34001971  452.28700038
  -309.46388361]
 [ 418.30822626  436.25847281  413.95692964  411.34338033  452.31384578
  -309.46363052]
 [ 419.15053009  436.43677486  412.43348607  411.63767476  452.27615542
  -309.63034091]
 [ 419.12949903  435.24397358  410.43269103  411.14861419  452.31384601
  -309.51679703]
 [ 416.6018981   436.44368213  430.354628    411.34350615  452.55529418
  -309.45874043]
 [ 419.128424    436.00749847  409.20422499  411.46454768  452.56007795
  -309.55230972]
 [ 418.50864028  435.76662442  405.84190356  411.26953871  452.31133379
  -309.53911336]
 [ 418.36367389  435.84274138  417.65993736  403.77118694  452.56064886
  -309.64563542]
 [ 417.76455025  436.23324068  415.83295229  403.77130752  452.29104562
  -309.56867576]
 [ 418.03098867  435.8789376   402.68937804  411.45584043  452.31357564
  -309.50481734]
 [ 419.02610971  435.66895678  402.43766266  411.16716254  452.28238295
  -309.5017211 ]
 [ 419.09295813  437.76305463  410.8190541   403.80001664  452.31067654
  -309.5750112 ]
 [ 419.78442869  435.77074643  407.53035707  403.81126129  452.28627098
  -309.59286301]
 [ 419.14038644  435.61232371  406.92624175  403.39984693  452.27389771
  -309.54954823]
 [ 418.91489582  436.04643323  401.09838772  411.44653962  452.55956565
  -309.66771358]
 [ 419.6227693   435.94764471  397.44146137  411.23511161  452.55952626
  -309.67331898]]","[-2229.76574982 -2229.14049892 -2227.75410043 -2227.08521152
 -2227.0546008  -2221.82037282 -2219.32964486 -2217.75606218
 -2212.90710041 -2210.46702305 -2201.29871433 -2201.15399132
 -2199.42749345 -2188.26456204 -2188.07380821 -2184.59030466
 -2183.28769379 -2180.02342984 -2178.78508353 -2160.12223811]","[[4.16464743e-01 1.52058103e-01 1.57373887e+01 9.12562937e-03
  2.23602358e-03 2.77462962e-02]
 [4.16464743e-01 1.52058103e-01 1.57373887e+01 9.12562937e-03
  2.23602358e-03 2.77462962e-02]
 [4.16464743e-01 1.52058103e-01 1.57373887e+01 9.12562937e-03
  2.23602358e-03 2.77462962e-02]
 [4.16464743e-01 1.52058103e-01 1.57373887e+01 9.12562937e-03
  2.23602358e-03 2.77462962e-02]
 [4.16464743e-01 1.52058103e-01 1.57373887e+01 9.12562937e-03
  2.23602358e-03 2.77462962e-02]
 [4.16464743e-01 1.52058103e-01 1.57373887e+01 9.12562937e-03
  2.23602358e-03 2.77462962e-02]
 [4.16464743e-01 1.52058103e-01 1.57373887e+01 9.12562937e-03
  2.23602358e-03 2.77462962e-02]
 [4.16464743e-01 1.52058103e-01 1.57373887e+01 9.12562937e-03
  2.23602358e-03 2.77462962e-02]
 [4.16464743e-01 1.52058103e-01 1.57373887e+01 9.12562937e-03
  2.23602358e-03 2.77462962e-02]
 [4.16464743e-01 1.52058103e-01 1.57373887e+01 9.12562937e-03
  2.23602358e-03 2.77462962e-02]
 [4.16464743e-01 1.52058103e-01 1.57373887e+01 9.12562937e-03
  2.23602358e-03 2.77462962e-02]
 [4.16464743e-01 1.52058103e-01 1.57373887e+01 9.12562937e-03
  2.23602358e-03 2.77462962e-02]
 [4.16464743e-01 1.52058103e-01 1.57373887e+01 9.12562937e-03
  2.23602358e-03 2.77462962e-02]
 [4.16464743e-01 1.52058103e-01 1.57373887e+01 9.12562937e-03
  2.23602358e-03 2.77462962e-02]
 [4.16464743e-01 1.52058103e-01 1.57373887e+01 9.12562937e-03
  2.23602358e-03 2.77462962e-02]
 [4.16464743e-01 1.52058103e-01 1.57373887e+01 9.12562937e-03
  2.23602358e-03 2.77462962e-02]
 [4.16464743e-01 1.52058103e-01 1.57373887e+01 9.12562937e-03
  2.23602358e-03 2.77462962e-02]
 [4.16464743e-01 1.52058103e-01 1.57373887e+01 9.12562937e-03
  2.23602358e-03 2.77462962e-02]
 [4.16464743e-01 1.52058103e-01 1.57373887e+01 9.12562937e-03
  2.23602358e-03 2.77462962e-02]
 [4.16464743e-01 1.52058103e-01 1.57373887e+01 9.12562937e-03
  2.23602358e-03 2.77462962e-02]]"
6,7,"[[ 419.55987212  435.51916611  421.19848071  411.26933208  452.2760948
  -309.67620317]
 [ 419.21748885  435.63204426  421.52915557  411.44443852  452.28637255
  -309.55689224]
 [ 417.93521807  435.79226187  421.43863996  411.46397954  452.28171239
  -309.52152816]
 [ 419.58372976  435.84201407  423.50343771  411.34533649  452.31405764
  -309.61121877]
 [ 419.09204869  436.01182341  421.74056109  411.23619405  452.27542871
  -309.58492352]
 [ 419.03666417  436.08662875  421.17039446  411.44616245  452.31425605
  -309.60143141]
 [ 420.33141794  436.09434798  419.37572769  411.35806046  452.31079157
  -309.59245305]
 [ 419.02689513  435.48022952  425.55139914  411.34593232  452.28746465
  -309.48878062]
 [ 418.831949    435.6968248   416.6077401   411.61974009  452.28341185
  -309.61706504]
 [ 420.76112787  435.86104367  421.66735124  411.2231159   452.5593693
  -309.55232558]
 [ 419.50760454  436.17750932  417.40139311  411.33982924  452.31596111
  -309.59400097]
 [ 419.36551728  436.51252003  418.34686674  411.46690653  452.2833291
  -309.62386378]
 [ 419.01895462  436.47118643  422.84222308  411.27116736  452.28992319
  -309.58492636]
 [ 419.6511579   435.95750268  415.14898289  411.22980216  452.27695916
  -309.37799063]
 [ 415.79312594  436.50355873  421.22587538  411.46464527  452.31176056
  -309.53016797]
 [ 418.98570102  435.94751519  414.65209689  411.34209461  452.31391369
  -309.57517187]
 [ 418.92820688  435.91812911  427.00590682  411.64173772  452.55606238
  -309.4990258 ]
 [ 419.25475553  436.06961031  415.64709695  411.15250378  452.55913142
  -309.55907377]
 [ 418.95275254  435.72142949  412.58651712  411.63867019  452.291315
  -309.49421004]
 [ 418.43342491  437.77531508  420.63871178  411.24257961  452.56020355
  -309.47564065]]","[-2231.09252379 -2231.06977011 -2229.86357253 -2229.13546806
 -2229.10367275 -2229.05580552 -2228.96307753 -2228.79881829
 -2228.61550169 -2228.06338523 -2227.06450219 -2226.95195825
 -2226.93381528 -2225.68759074 -2224.75387843 -2224.34616291
 -2223.90353082 -2223.23844117 -2222.3807376  -2219.94705951]","[[3.49537592e-01 1.04330547e-01 2.73098431e+01 3.56710088e-03
  6.59738237e-04 1.35470902e-02]
 [3.49537592e-01 1.04330547e-01 2.73098431e+01 3.56710088e-03
  6.59738237e-04 1.35470902e-02]
 [3.49537592e-01 1.04330547e-01 2.73098431e+01 3.56710088e-03
  6.59738237e-04 1.35470902e-02]
 [3.49537592e-01 1.04330547e-01 2.73098431e+01 3.56710088e-03
  6.59738237e-04 1.35470902e-02]
 [3.49537592e-01 1.04330547e-01 2.73098431e+01 3.56710088e-03
  6.59738237e-04 1.35470902e-02]
 [3.49537592e-01 1.04330547e-01 2.73098431e+01 3.56710088e-03
  6.59738237e-04 1.35470902e-02]
 [3.49537592e-01 1.04330547e-01 2.73098431e+01 3.56710088e-03
  6.59738237e-04 1.35470902e-02]
 [3.49537592e-01 1.04330547e-01 2.73098431e+01 3.56710088e-03
  6.59738237e-04 1.35470902e-02]
 [3.49537592e-01 1.04330547e-01 2.73098431e+01 3.56710088e-03
  6.59738237e-04 1.35470902e-02]
 [3.49537592e-01 1.04330547e-01 2.73098431e+01 3.56710088e-03
  6.59738237e-04 1.35470902e-02]
 [3.49537592e-01 1.04330547e-01 2.73098431e+01 3.56710088e-03
  6.59738237e-04 1.35470902e-02]
 [3.49537592e-01 1.04330547e-01 2.73098431e+01 3.56710088e-03
  6.59738237e-04 1.35470902e-02]
 [3.49537592e-01 1.04330547e-01 2.73098431e+01 3.56710088e-03
  6.59738237e-04 1.35470902e-02]
 [3.49537592e-01 1.04330547e-01 2.73098431e+01 3.56710088e-03
  6.59738237e-04 1.35470902e-02]
 [3.49537592e-01 1.04330547e-01 2.73098431e+01 3.56710088e-03
  6.59738237e-04 1.35470902e-02]
 [3.49537592e-01 1.04330547e-01 2.73098431e+01 3.56710088e-03
  6.59738237e-04 1.35470902e-02]
 [3.49537592e-01 1.04330547e-01 2.73098431e+01 3.56710088e-03
  6.59738237e-04 1.35470902e-02]
 [3.49537592e-01 1.04330547e-01 2.73098431e+01 3.56710088e-03
  6.59738237e-04 1.35470902e-02]
 [3.49537592e-01 1.04330547e-01 2.73098431e+01 3.56710088e-03
  6.59738237e-04 1.35470902e-02]
 [3.49537592e-01 1.04330547e-01 2.73098431e+01 3.56710088e-03
  6.59738237e-04 1.35470902e-02]]"
7,8,"[[ 417.98378227  435.50440363  421.12746802  411.44623807  452.27622178
  -309.67708445]
 [ 418.51815254  435.63322537  418.84244542  411.46383695  452.31381625
  -309.52824064]
 [ 419.09204869  435.84201407  423.50343771  411.64173772  452.31079157
  -309.55907377]
 [ 419.08357861  435.54282592  416.74781716  411.6415532   452.29117184
  -309.5542351 ]
 [ 417.84944728  435.83027764  418.66691384  411.63678743  452.2835016
  -309.55671046]
 [ 419.21748885  435.86104367  421.22587538  411.15250378  452.31596111
  -309.59400097]
 [ 419.60193698  435.77606563  424.85616885  411.33641863  452.31077349
  -309.57934992]
 [ 419.02689513  436.47118643  421.43863996  411.63867019  452.31405764
  -309.48878062]
 [ 420.99633107  435.96750491  424.81905986  411.34600158  452.31604825
  -309.49820074]
 [ 417.91419216  436.45370354  420.33520832  411.64156594  452.27730259
  -309.48843672]
 [ 419.36551728  435.94751519  420.63871178  411.26933208  452.55606238
  -309.58492636]
 [ 418.831949    435.91812911  417.40139311  411.22980216  452.31425605
  -309.58492352]
 [ 418.9663683   435.88994025  422.31335932  411.26834587  452.55582469
  -309.54211386]
 [ 418.831949    436.50355873  421.17039446  411.35806046  452.28746465
  -309.61121877]
 [ 419.35008171  435.93792151  416.26870042  411.22229419  452.29157007
  -309.62689048]
 [ 415.79312594  436.09434798  421.66735124  411.46397954  452.28637255
  -309.53016797]
 [ 418.95858588  436.18442639  417.67499434  411.64042931  452.55967598
  -309.38613872]
 [ 419.49391692  436.49489777  417.43462669  411.35637154  452.28206384
  -309.56076153]
 [ 419.26475217  435.59012937  415.45920876  411.46438701  452.55927343
  -309.5312911 ]
 [ 419.35619097  436.08620728  415.14099746  411.62081182  452.31164186
  -309.59405286]]","[-2230.69749109 -2230.06129419 -2229.74880722 -2229.56236519
 -2229.34605803 -2229.27411457 -2228.34806928 -2228.21664816
 -2228.03781345 -2227.83701085 -2227.5489613  -2227.49544815
 -2227.4430044  -2227.33009389 -2226.56258705 -2226.44487371
 -2226.3222444  -2226.22254822 -2225.55912527 -2225.37883499]","[[2.93365837e-01 7.15835771e-02 4.73920767e+01 1.39433766e-03
  1.94655613e-04 6.61434776e-03]
 [2.93365837e-01 7.15835771e-02 4.73920767e+01 1.39433766e-03
  1.94655613e-04 6.61434776e-03]
 [2.93365837e-01 7.15835771e-02 4.73920767e+01 1.39433766e-03
  1.94655613e-04 6.61434776e-03]
 [2.93365837e-01 7.15835771e-02 4.73920767e+01 1.39433766e-03
  1.94655613e-04 6.61434776e-03]
 [2.93365837e-01 7.15835771e-02 4.73920767e+01 1.39433766e-03
  1.94655613e-04 6.61434776e-03]
 [2.93365837e-01 7.15835771e-02 4.73920767e+01 1.39433766e-03
  1.94655613e-04 6.61434776e-03]
 [2.93365837e-01 7.15835771e-02 4.73920767e+01 1.39433766e-03
  1.94655613e-04 6.61434776e-03]
 [2.93365837e-01 7.15835771e-02 4.73920767e+01 1.39433766e-03
  1.94655613e-04 6.61434776e-03]
 [2.93365837e-01 7.15835771e-02 4.73920767e+01 1.39433766e-03
  1.94655613e-04 6.61434776e-03]
 [2.93365837e-01 7.15835771e-02 4.73920767e+01 1.39433766e-03
  1.94655613e-04 6.61434776e-03]
 [2.93365837e-01 7.15835771e-02 4.73920767e+01 1.39433766e-03
  1.94655613e-04 6.61434776e-03]
 [2.93365837e-01 7.15835771e-02 4.73920767e+01 1.39433766e-03
  1.94655613e-04 6.61434776e-03]
 [2.93365837e-01 7.15835771e-02 4.73920767e+01 1.39433766e-03
  1.94655613e-04 6.61434776e-03]
 [2.93365837e-01 7.15835771e-02 4.73920767e+01 1.39433766e-03
  1.94655613e-04 6.61434776e-03]
 [2.93365837e-01 7.15835771e-02 4.73920767e+01 1.39433766e-03
  1.94655613e-04 6.61434776e-03]
 [2.93365837e-01 7.15835771e-02 4.73920767e+01 1.39433766e-03
  1.94655613e-04 6.61434776e-03]
 [2.93365837e-01 7.15835771e-02 4.73920767e+01 1.39433766e-03
  1.94655613e-04 6.61434776e-03]
 [2.93365837e-01 7.15835771e-02 4.73920767e+01 1.39433766e-03
  1.94655613e-04 6.61434776e-03]
 [2.93365837e-01 7.15835771e-02 4.73920767e+01 1.39433766e-03
  1.94655613e-04 6.61434776e-03]
 [2.93365837e-01 7.15835771e-02 4.73920767e+01 1.39433766e-03
  1.94655613e-04 6.61434776e-03]]"
8,9,"[[ 419.09204869  435.59012937  420.33520832  411.63867019  452.27730259
  -309.54211386]
 [ 419.14042584  435.5830205   419.87677824  411.64163071  452.3115793
  -309.58305447]
 [ 418.51815254  435.86104367  420.63871178  411.64042931  452.27730259
  -309.38613872]
 [ 419.15532319  435.88654413  421.94336114  411.64185585  452.3159498
  -309.53031037]
 [ 418.51815254  435.83027764  421.22587538  411.64156594  452.31405764
  -309.5312911 ]
 [ 419.21748885  435.63322537  418.84244542  411.35806046  452.29117184
  -309.62689048]
 [ 418.95858588  435.50440363  424.81905986  411.6415532   452.31405764
  -309.38613872]
 [ 419.50495556  435.81661902  419.96087362  411.33755599  452.31437078
  -309.49868002]
 [ 419.35619097  436.08620728  420.33520832  411.63678743  452.2835016
  -309.49820074]
 [ 419.60147338  435.88754484  422.87487594  411.46447314  452.31380759
  -309.49370187]
 [ 418.831949    435.88994025  421.22587538  411.46383695  452.31604825
  -309.59405286]
 [ 418.831949    435.63322537  417.40139311  411.46397954  452.28637255
  -309.5542351 ]
 [ 419.2067533   435.9589644   420.35325047  411.26856102  452.31405472
  -309.530736  ]
 [ 419.49391692  436.09434798  420.33520832  411.35806046  452.29157007
  -309.58492636]
 [ 419.36551728  435.88994025  417.40139311  411.6415532   452.31596111
  -309.61121877]
 [ 420.99633107  435.83027764  416.74781716  411.34600158  452.2835016
  -309.38613872]
 [ 419.35008171  435.77606563  416.74781716  411.62081182  452.31604825
  -309.59405286]
 [ 419.35008171  435.88994025  417.40139311  411.34600158  452.28206384
  -309.59405286]
 [ 419.36551728  435.86104367  424.85616885  411.46383695  452.29157007
  -309.62689048]
 [ 419.49391692  436.49489777  421.43863996  411.62081182  452.31405764
  -309.54211386]]","[-2231.70226215 -2231.33459993 -2230.70846994 -2230.31804249
 -2230.3073772  -2230.16953435 -2230.1389262  -2230.06346206
 -2230.00970959 -2229.81928521 -2229.72492003 -2229.36460983
 -2229.27366886 -2229.16326145 -2228.76826587 -2228.61137914
 -2228.52553186 -2228.34391447 -2228.30365056 -2228.19047194]","[[2.46221054e-01 4.91151314e-02 8.22417370e+01 5.45030144e-04
  5.74330933e-05 3.22944601e-03]
 [2.46221054e-01 4.91151314e-02 8.22417370e+01 5.45030144e-04
  5.74330933e-05 3.22944601e-03]
 [2.46221054e-01 4.91151314e-02 8.22417370e+01 5.45030144e-04
  5.74330933e-05 3.22944601e-03]
 [2.46221054e-01 4.91151314e-02 8.22417370e+01 5.45030144e-04
  5.74330933e-05 3.22944601e-03]
 [2.46221054e-01 4.91151314e-02 8.22417370e+01 5.45030144e-04
  5.74330933e-05 3.22944601e-03]
 [2.46221054e-01 4.91151314e-02 8.22417370e+01 5.45030144e-04
  5.74330933e-05 3.22944601e-03]
 [2.46221054e-01 4.91151314e-02 8.22417370e+01 5.45030144e-04
  5.74330933e-05 3.22944601e-03]
 [2.46221054e-01 4.91151314e-02 8.22417370e+01 5.45030144e-04
  5.74330933e-05 3.22944601e-03]
 [2.46221054e-01 4.91151314e-02 8.22417370e+01 5.45030144e-04
  5.74330933e-05 3.22944601e-03]
 [2.46221054e-01 4.91151314e-02 8.22417370e+01 5.45030144e-04
  5.74330933e-05 3.22944601e-03]
 [2.46221054e-01 4.91151314e-02 8.22417370e+01 5.45030144e-04
  5.74330933e-05 3.22944601e-03]
 [2.46221054e-01 4.91151314e-02 8.22417370e+01 5.45030144e-04
  5.74330933e-05 3.22944601e-03]
 [2.46221054e-01 4.91151314e-02 8.22417370e+01 5.45030144e-04
  5.74330933e-05 3.22944601e-03]
 [2.46221054e-01 4.91151314e-02 8.22417370e+01 5.45030144e-04
  5.74330933e-05 3.22944601e-03]
 [2.46221054e-01 4.91151314e-02 8.22417370e+01 5.45030144e-04
  5.74330933e-05 3.22944601e-03]
 [2.46221054e-01 4.91151314e-02 8.22417370e+01 5.45030144e-04
  5.74330933e-05 3.22944601e-03]
 [2.46221054e-01 4.91151314e-02 8.22417370e+01 5.45030144e-04
  5.74330933e-05 3.22944601e-03]
 [2.46221054e-01 4.91151314e-02 8.22417370e+01 5.45030144e-04
  5.74330933e-05 3.22944601e-03]
 [2.46221054e-01 4.91151314e-02 8.22417370e+01 5.45030144e-04
  5.74330933e-05 3.22944601e-03]
 [2.46221054e-01 4.91151314e-02 8.22417370e+01 5.45030144e-04
  5.74330933e-05 3.22944601e-03]]"
9,10,"[[ 419.36551728  435.63322537  420.33520832  411.63867019  452.2835016
  -309.38613872]
 [ 419.35008171  435.63322537  420.33520832  411.63678743  452.27730259
  -309.530736  ]
 [ 419.50495556  435.63322537  420.33520832  411.62081182  452.31405472
  -309.49820074]
 [ 419.07014502  435.61372569  421.13100345  411.64065938  452.31607073
  -309.49164969]
 [ 419.35008171  435.63322537  421.94336114  411.64185585  452.29157007
  -309.61121877]
 [ 419.50495556  435.77606563  420.33520832  411.64042931  452.28206384
  -309.58305447]
 [ 419.36551728  435.77606563  419.96087362  411.63678743  452.31604825
  -309.38613872]
 [ 419.2067533   435.83027764  420.33520832  411.64163071  452.2835016
  -309.58492636]
 [ 419.36551728  435.88654413  421.43863996  411.6415532   452.29117184
  -309.49868002]
 [ 418.831949    435.77606563  421.22587538  411.6415532   452.31604825
  -309.58305447]
 [ 419.15532319  435.77606563  419.96087362  411.46397954  452.29157007
  -309.49868002]
 [ 419.09204869  435.88994025  419.96087362  411.62081182  452.31405764
  -309.38613872]
 [ 418.51815254  435.77606563  419.87677824  411.64156594  452.31604825
  -309.54211386]
 [ 419.35008171  435.86104367  421.94336114  411.46447314  452.28206384
  -309.530736  ]
 [ 418.831949    435.81661902  420.33520832  411.46383695  452.27730259
  -309.5542351 ]
 [ 419.20885038  435.82045356  419.11694692  411.63873368  452.29156743
  -309.62630198]
 [ 419.60147338  435.9589644   419.87677824  411.64156594  452.31437078
  -309.49820074]
 [ 419.50495556  435.86104367  420.63871178  411.46397954  452.31405764
  -309.530736  ]
 [ 419.60147338  435.88994025  421.22587538  411.34600158  452.27730259
  -309.59405286]
 [ 419.15532319  435.88994025  421.94336114  411.46397954  452.29157007
  -309.53031037]]","[-2231.89351549 -2231.67450833 -2231.48662195 -2231.46380449
 -2231.3693751  -2231.09100996 -2231.04959179 -2230.75845204
 -2230.73683436 -2230.58229513 -2230.53614569 -2230.48560242
 -2230.33185754 -2230.32827601 -2230.30840638 -2230.27430707
 -2230.2644277  -2230.2597168  -2230.06753002 -2230.06695239]","[[2.06652581e-01 3.36990163e-02 1.42718019e+02 2.13045854e-04
  1.69456208e-05 1.57677248e-03]
 [2.06652581e-01 3.36990163e-02 1.42718019e+02 2.13045854e-04
  1.69456208e-05 1.57677248e-03]
 [2.06652581e-01 3.36990163e-02 1.42718019e+02 2.13045854e-04
  1.69456208e-05 1.57677248e-03]
 [2.06652581e-01 3.36990163e-02 1.42718019e+02 2.13045854e-04
  1.69456208e-05 1.57677248e-03]
 [2.06652581e-01 3.36990163e-02 1.42718019e+02 2.13045854e-04
  1.69456208e-05 1.57677248e-03]
 [2.06652581e-01 3.36990163e-02 1.42718019e+02 2.13045854e-04
  1.69456208e-05 1.57677248e-03]
 [2.06652581e-01 3.36990163e-02 1.42718019e+02 2.13045854e-04
  1.69456208e-05 1.57677248e-03]
 [2.06652581e-01 3.36990163e-02 1.42718019e+02 2.13045854e-04
  1.69456208e-05 1.57677248e-03]
 [2.06652581e-01 3.36990163e-02 1.42718019e+02 2.13045854e-04
  1.69456208e-05 1.57677248e-03]
 [2.06652581e-01 3.36990163e-02 1.42718019e+02 2.13045854e-04
  1.69456208e-05 1.57677248e-03]
 [2.06652581e-01 3.36990163e-02 1.42718019e+02 2.13045854e-04
  1.69456208e-05 1.57677248e-03]
 [2.06652581e-01 3.36990163e-02 1.42718019e+02 2.13045854e-04
  1.69456208e-05 1.57677248e-03]
 [2.06652581e-01 3.36990163e-02 1.42718019e+02 2.13045854e-04
  1.69456208e-05 1.57677248e-03]
 [2.06652581e-01 3.36990163e-02 1.42718019e+02 2.13045854e-04
  1.69456208e-05 1.57677248e-03]
 [2.06652581e-01 3.36990163e-02 1.42718019e+02 2.13045854e-04
  1.69456208e-05 1.57677248e-03]
 [2.06652581e-01 3.36990163e-02 1.42718019e+02 2.13045854e-04
  1.69456208e-05 1.57677248e-03]
 [2.06652581e-01 3.36990163e-02 1.42718019e+02 2.13045854e-04
  1.69456208e-05 1.57677248e-03]
 [2.06652581e-01 3.36990163e-02 1.42718019e+02 2.13045854e-04
  1.69456208e-05 1.57677248e-03]
 [2.06652581e-01 3.36990163e-02 1.42718019e+02 2.13045854e-04
  1.69456208e-05 1.57677248e-03]
 [2.06652581e-01 3.36990163e-02 1.42718019e+02 2.13045854e-04
  1.69456208e-05 1.57677248e-03]]"
10,11,"[[ 419.50495556  435.63322537  420.63871178  411.63678743  452.2835016
  -309.38613872]
 [ 419.36551728  435.63322537  420.33520832  411.64042931  452.28206384
  -309.38613872]
 [ 419.50495556  435.63322537  420.33520832  411.63678743  452.29156743
  -309.38613872]
 [ 419.15532319  435.61372569  419.96087362  411.64185585  452.27730259
  -309.38613872]
 [ 419.36551728  435.63322537  420.33520832  411.63678743  452.28206384
  -309.53031037]
 [ 419.15532319  435.63322537  421.94336114  411.62081182  452.31607073
  -309.38613872]
 [ 418.831949    435.63322537  421.94336114  411.64163071  452.28206384
  -309.49164969]
 [ 419.07014502  435.63322537  421.94336114  411.64042931  452.31405472
  -309.49820074]
 [ 418.831949    435.63322537  421.94336114  411.6415532   452.28206384
  -309.58492636]
 [ 419.15532319  435.63322537  419.87677824  411.62081182  452.29117184
  -309.59405286]
 [ 418.51815254  435.63322537  419.96087362  411.64156594  452.27730259
  -309.49820074]
 [ 419.15532319  435.63322537  420.33520832  411.63873368  452.31405472
  -309.58305447]
 [ 419.15532319  435.63322537  419.11694692  411.63873368  452.27730259
  -309.530736  ]
 [ 419.36551728  435.77606563  420.63871178  411.63678743  452.27730259
  -309.530736  ]
 [ 419.36551728  435.63322537  419.96087362  411.46447314  452.28206384
  -309.530736  ]
 [ 419.09204869  435.77606563  419.96087362  411.62081182  452.28206384
  -309.38613872]
 [ 419.50495556  435.77606563  421.43863996  411.64185585  452.29157007
  -309.530736  ]
 [ 419.50495556  435.83027764  419.96087362  411.64163071  452.29157007
  -309.38613872]
 [ 419.15532319  435.63322537  419.96087362  411.46383695  452.29157007
  -309.49820074]
 [ 419.36551728  435.77606563  419.87677824  411.64065938  452.31607073
  -309.38613872]]","[-2231.97993831 -2231.90809729 -2231.88414221 -2231.8493727
 -2231.64676577 -2231.45432237 -2231.4056231  -2231.27868511
 -2231.23996136 -2231.23940258 -2231.23915782 -2231.23326618
 -2231.21310286 -2231.19337072 -2231.16485502 -2231.14081214
 -2231.14072599 -2231.09331011 -2231.06095013 -2231.03614875]","[[1.73442882e-01 2.31216668e-02 2.47665403e+02 8.32771115e-05
  4.99980146e-06 7.69856951e-04]
 [1.73442882e-01 2.31216668e-02 2.47665403e+02 8.32771115e-05
  4.99980146e-06 7.69856951e-04]
 [1.73442882e-01 2.31216668e-02 2.47665403e+02 8.32771115e-05
  4.99980146e-06 7.69856951e-04]
 [1.73442882e-01 2.31216668e-02 2.47665403e+02 8.32771115e-05
  4.99980146e-06 7.69856951e-04]
 [1.73442882e-01 2.31216668e-02 2.47665403e+02 8.32771115e-05
  4.99980146e-06 7.69856951e-04]
 [1.73442882e-01 2.31216668e-02 2.47665403e+02 8.32771115e-05
  4.99980146e-06 7.69856951e-04]
 [1.73442882e-01 2.31216668e-02 2.47665403e+02 8.32771115e-05
  4.99980146e-06 7.69856951e-04]
 [1.73442882e-01 2.31216668e-02 2.47665403e+02 8.32771115e-05
  4.99980146e-06 7.69856951e-04]
 [1.73442882e-01 2.31216668e-02 2.47665403e+02 8.32771115e-05
  4.99980146e-06 7.69856951e-04]
 [1.73442882e-01 2.31216668e-02 2.47665403e+02 8.32771115e-05
  4.99980146e-06 7.69856951e-04]
 [1.73442882e-01 2.31216668e-02 2.47665403e+02 8.32771115e-05
  4.99980146e-06 7.69856951e-04]
 [1.73442882e-01 2.31216668e-02 2.47665403e+02 8.32771115e-05
  4.99980146e-06 7.69856951e-04]
 [1.73442882e-01 2.31216668e-02 2.47665403e+02 8.32771115e-05
  4.99980146e-06 7.69856951e-04]
 [1.73442882e-01 2.31216668e-02 2.47665403e+02 8.32771115e-05
  4.99980146e-06 7.69856951e-04]
 [1.73442882e-01 2.31216668e-02 2.47665403e+02 8.32771115e-05
  4.99980146e-06 7.69856951e-04]
 [1.73442882e-01 2.31216668e-02 2.47665403e+02 8.32771115e-05
  4.99980146e-06 7.69856951e-04]
 [1.73442882e-01 2.31216668e-02 2.47665403e+02 8.32771115e-05
  4.99980146e-06 7.69856951e-04]
 [1.73442882e-01 2.31216668e-02 2.47665403e+02 8.32771115e-05
  4.99980146e-06 7.69856951e-04]
 [1.73442882e-01 2.31216668e-02 2.47665403e+02 8.32771115e-05
  4.99980146e-06 7.69856951e-04]
 [1.73442882e-01 2.31216668e-02 2.47665403e+02 8.32771115e-05
  4.99980146e-06 7.69856951e-04]]"
11,12,"[[ 419.36551728  435.63322537  421.43863996  411.64042931  452.2835016
  -309.38613872]
 [ 419.36551728  435.63322537  420.33520832  411.64042931  452.28206384
  -309.38613872]
 [ 419.50495556  435.63322537  421.94336114  411.62081182  452.27730259
  -309.38613872]
 [ 419.15532319  435.63322537  420.33520832  411.63678743  452.27730259
  -309.38613872]
 [ 419.50495556  435.63322537  421.94336114  411.64065938  452.29117184
  -309.38613872]
 [ 419.15532319  435.63322537  419.96087362  411.63873368  452.28206384
  -309.38613872]
 [ 419.09204869  435.61372569  421.94336114  411.63873368  452.29157007
  -309.38613872]
 [ 419.15532319  435.63322537  420.63871178  411.64163071  452.28206384
  -309.49820074]
 [ 419.15532319  435.63322537  420.33520832  411.64163071  452.28206384
  -309.49164969]
 [ 419.36551728  435.63322537  420.63871178  411.62081182  452.29157007
  -309.49820074]
 [ 419.36551728  435.63322537  419.87677824  411.64185585  452.28206384
  -309.49164969]
 [ 419.50495556  435.63322537  419.96087362  411.64156594  452.29157007
  -309.49820074]
 [ 419.15532319  435.63322537  421.43863996  411.63678743  452.27730259
  -309.530736  ]
 [ 419.15532319  435.63322537  420.63871178  411.63873368  452.29117184
  -309.49820074]
 [ 418.831949    435.63322537  421.94336114  411.64042931  452.28206384
  -309.38613872]
 [ 419.36551728  435.63322537  419.96087362  411.64185585  452.31607073
  -309.38613872]
 [ 419.15532319  435.63322537  419.96087362  411.64042931  452.27730259
  -309.49820074]
 [ 419.07014502  435.61372569  421.43863996  411.62081182  452.28206384
  -309.53031037]
 [ 419.15532319  435.63322537  419.87677824  411.63873368  452.28206384
  -309.49820074]
 [ 419.07014502  435.63322537  420.33520832  411.63678743  452.28206384
  -309.530736  ]]","[-2231.92036539 -2231.90809729 -2231.88192508 -2231.84390448
 -2231.82675451 -2231.73616897 -2231.71674129 -2231.66116627
 -2231.63582666 -2231.63388309 -2231.62709758 -2231.62161966
 -2231.61303932 -2231.58792758 -2231.58738995 -2231.58548765
 -2231.57876348 -2231.5732598  -2231.5177968  -2231.51566715]","[[1.45570083e-01 1.58643050e-02 4.29785616e+02 3.25520406e-05
  1.47519026e-06 3.75881576e-04]
 [1.45570083e-01 1.58643050e-02 4.29785616e+02 3.25520406e-05
  1.47519026e-06 3.75881576e-04]
 [1.45570083e-01 1.58643050e-02 4.29785616e+02 3.25520406e-05
  1.47519026e-06 3.75881576e-04]
 [1.45570083e-01 1.58643050e-02 4.29785616e+02 3.25520406e-05
  1.47519026e-06 3.75881576e-04]
 [1.45570083e-01 1.58643050e-02 4.29785616e+02 3.25520406e-05
  1.47519026e-06 3.75881576e-04]
 [1.45570083e-01 1.58643050e-02 4.29785616e+02 3.25520406e-05
  1.47519026e-06 3.75881576e-04]
 [1.45570083e-01 1.58643050e-02 4.29785616e+02 3.25520406e-05
  1.47519026e-06 3.75881576e-04]
 [1.45570083e-01 1.58643050e-02 4.29785616e+02 3.25520406e-05
  1.47519026e-06 3.75881576e-04]
 [1.45570083e-01 1.58643050e-02 4.29785616e+02 3.25520406e-05
  1.47519026e-06 3.75881576e-04]
 [1.45570083e-01 1.58643050e-02 4.29785616e+02 3.25520406e-05
  1.47519026e-06 3.75881576e-04]
 [1.45570083e-01 1.58643050e-02 4.29785616e+02 3.25520406e-05
  1.47519026e-06 3.75881576e-04]
 [1.45570083e-01 1.58643050e-02 4.29785616e+02 3.25520406e-05
  1.47519026e-06 3.75881576e-04]
 [1.45570083e-01 1.58643050e-02 4.29785616e+02 3.25520406e-05
  1.47519026e-06 3.75881576e-04]
 [1.45570083e-01 1.58643050e-02 4.29785616e+02 3.25520406e-05
  1.47519026e-06 3.75881576e-04]
 [1.45570083e-01 1.58643050e-02 4.29785616e+02 3.25520406e-05
  1.47519026e-06 3.75881576e-04]
 [1.45570083e-01 1.58643050e-02 4.29785616e+02 3.25520406e-05
  1.47519026e-06 3.75881576e-04]
 [1.45570083e-01 1.58643050e-02 4.29785616e+02 3.25520406e-05
  1.47519026e-06 3.75881576e-04]
 [1.45570083e-01 1.58643050e-02 4.29785616e+02 3.25520406e-05
  1.47519026e-06 3.75881576e-04]
 [1.45570083e-01 1.58643050e-02 4.29785616e+02 3.25520406e-05
  1.47519026e-06 3.75881576e-04]
 [1.45570083e-01 1.58643050e-02 4.29785616e+02 3.25520406e-05
  1.47519026e-06 3.75881576e-04]]"
12,13,"[[ 419.50495556  435.63322537  420.63871178  411.64042931  452.27730259
  -309.38613872]
 [ 419.36551728  435.63322537  420.63871178  411.63873368  452.27730259
  -309.38613872]
 [ 419.50495556  435.63322537  420.33520832  411.64163071  452.28206384
  -309.38613872]
 [ 419.36551728  435.63322537  420.63871178  411.64185585  452.28206384
  -309.38613872]
 [ 419.36551728  435.63322537  421.43863996  411.63873368  452.28206384
  -309.38613872]
 [ 419.36551728  435.63322537  421.43863996  411.63678743  452.28206384
  -309.38613872]
 [ 419.36551728  435.63322537  420.33520832  411.64042931  452.28206384
  -309.38613872]
 [ 419.36551728  435.63322537  420.33520832  411.63873368  452.28206384
  -309.38613872]
 [ 419.50495556  435.63322537  421.94336114  411.64042931  452.28206384
  -309.38613872]
 [ 419.50495556  435.63322537  420.33520832  411.64042931  452.29157007
  -309.38613872]
 [ 419.36551728  435.63322537  420.63871178  411.63678743  452.29117184
  -309.38613872]
 [ 419.36551728  435.63322537  421.94336114  411.63678743  452.27730259
  -309.38613872]
 [ 419.36551728  435.61372569  421.43863996  411.63678743  452.27730259
  -309.49820074]
 [ 419.15532319  435.63322537  421.43863996  411.62081182  452.27730259
  -309.38613872]
 [ 419.09204869  435.61372569  421.43863996  411.64042931  452.29117184
  -309.38613872]
 [ 419.15532319  435.63322537  420.33520832  411.63873368  452.28206384
  -309.38613872]
 [ 419.07014502  435.63322537  420.63871178  411.63873368  452.28206384
  -309.38613872]
 [ 419.36551728  435.63322537  419.87677824  411.63678743  452.28206384
  -309.38613872]
 [ 419.50495556  435.63322537  420.63871178  411.63873368  452.28206384
  -309.49820074]
 [ 419.15532319  435.63322537  421.43863996  411.62081182  452.28206384
  -309.38613872]]","[-2232.03365557 -2231.97581692 -2231.96478837 -2231.94829829
 -2231.92692861 -2231.92241047 -2231.90809729 -2231.90416169
 -2231.89273563 -2231.89257665 -2231.87001902 -2231.86514355
 -2231.83226234 -2231.82954988 -2231.81561714 -2231.81365791
 -2231.81070788 -2231.79988824 -2231.79884947 -2231.79478518]","[[1.22176528e-01 1.08848630e-02 7.45827532e+02 1.27242087e-05
  4.35254541e-07 1.83523652e-04]
 [1.22176528e-01 1.08848630e-02 7.45827532e+02 1.27242087e-05
  4.35254541e-07 1.83523652e-04]
 [1.22176528e-01 1.08848630e-02 7.45827532e+02 1.27242087e-05
  4.35254541e-07 1.83523652e-04]
 [1.22176528e-01 1.08848630e-02 7.45827532e+02 1.27242087e-05
  4.35254541e-07 1.83523652e-04]
 [1.22176528e-01 1.08848630e-02 7.45827532e+02 1.27242087e-05
  4.35254541e-07 1.83523652e-04]
 [1.22176528e-01 1.08848630e-02 7.45827532e+02 1.27242087e-05
  4.35254541e-07 1.83523652e-04]
 [1.22176528e-01 1.08848630e-02 7.45827532e+02 1.27242087e-05
  4.35254541e-07 1.83523652e-04]
 [1.22176528e-01 1.08848630e-02 7.45827532e+02 1.27242087e-05
  4.35254541e-07 1.83523652e-04]
 [1.22176528e-01 1.08848630e-02 7.45827532e+02 1.27242087e-05
  4.35254541e-07 1.83523652e-04]
 [1.22176528e-01 1.08848630e-02 7.45827532e+02 1.27242087e-05
  4.35254541e-07 1.83523652e-04]
 [1.22176528e-01 1.08848630e-02 7.45827532e+02 1.27242087e-05
  4.35254541e-07 1.83523652e-04]
 [1.22176528e-01 1.08848630e-02 7.45827532e+02 1.27242087e-05
  4.35254541e-07 1.83523652e-04]
 [1.22176528e-01 1.08848630e-02 7.45827532e+02 1.27242087e-05
  4.35254541e-07 1.83523652e-04]
 [1.22176528e-01 1.08848630e-02 7.45827532e+02 1.27242087e-05
  4.35254541e-07 1.83523652e-04]
 [1.22176528e-01 1.08848630e-02 7.45827532e+02 1.27242087e-05
  4.35254541e-07 1.83523652e-04]
 [1.22176528e-01 1.08848630e-02 7.45827532e+02 1.27242087e-05
  4.35254541e-07 1.83523652e-04]
 [1.22176528e-01 1.08848630e-02 7.45827532e+02 1.27242087e-05
  4.35254541e-07 1.83523652e-04]
 [1.22176528e-01 1.08848630e-02 7.45827532e+02 1.27242087e-05
  4.35254541e-07 1.83523652e-04]
 [1.22176528e-01 1.08848630e-02 7.45827532e+02 1.27242087e-05
  4.35254541e-07 1.83523652e-04]
 [1.22176528e-01 1.08848630e-02 7.45827532e+02 1.27242087e-05
  4.35254541e-07 1.83523652e-04]]"
13,14,"[[ 419.50495556  435.61372569  421.43863996  411.63873368  452.28206384
  -309.38613872]
 [ 419.50495556  435.61372569  421.43863996  411.63678743  452.28206384
  -309.38613872]
 [ 419.50495556  435.63322537  420.63871178  411.63678743  452.27730259
  -309.38613872]
 [ 419.36551728  435.61372569  420.63871178  411.64042931  452.28206384
  -309.38613872]
 [ 419.50495556  435.63322537  421.43863996  411.63873368  452.27730259
  -309.38613872]
 [ 419.36551728  435.61372569  420.63871178  411.63873368  452.28206384
  -309.38613872]
 [ 419.50495556  435.63322537  420.63871178  411.64042931  452.28206384
  -309.38613872]
 [ 419.50495556  435.63322537  420.63871178  411.64042931  452.28206384
  -309.38613872]
 [ 419.50495556  435.63322537  420.63871178  411.63873368  452.28206384
  -309.38613872]
 [ 419.50495556  435.63322537  420.63871178  411.62081182  452.27730259
  -309.38613872]
 [ 419.50495556  435.63322537  420.63871178  411.62081182  452.27730259
  -309.38613872]
 [ 419.50495556  435.63322537  421.43863996  411.64185585  452.28206384
  -309.38613872]
 [ 419.50495556  435.63322537  421.43863996  411.64042931  452.28206384
  -309.38613872]
 [ 419.50495556  435.63322537  421.43863996  411.64042931  452.28206384
  -309.38613872]
 [ 419.36551728  435.63322537  420.63871178  411.64163071  452.27730259
  -309.38613872]
 [ 419.36551728  435.61372569  420.33520832  411.64163071  452.28206384
  -309.38613872]
 [ 419.50495556  435.63322537  421.43863996  411.63873368  452.28206384
  -309.38613872]
 [ 419.50495556  435.63322537  421.43863996  411.63873368  452.28206384
  -309.38613872]
 [ 419.36551728  435.63322537  420.63871178  411.64042931  452.27730259
  -309.38613872]
 [ 419.50495556  435.63322537  421.43863996  411.63678743  452.28206384
  -309.38613872]]","[-2232.05202461 -2232.04750648 -2232.02520183 -2232.01618077
 -2232.01559636 -2232.01224517 -2231.99889086 -2231.99889086
 -2231.99495526 -2231.98808032 -2231.98808032 -2231.98807773
 -2231.98476726 -2231.98476726 -2231.98254055 -2231.98207827
 -2231.98083166 -2231.98083166 -2231.97975252 -2231.97631352]","[[1.02542388e-01 7.46835372e-03 1.29427018e+03 4.97374309e-06
  1.28421751e-07 8.96051654e-05]
 [1.02542388e-01 7.46835372e-03 1.29427018e+03 4.97374309e-06
  1.28421751e-07 8.96051654e-05]
 [1.02542388e-01 7.46835372e-03 1.29427018e+03 4.97374309e-06
  1.28421751e-07 8.96051654e-05]
 [1.02542388e-01 7.46835372e-03 1.29427018e+03 4.97374309e-06
  1.28421751e-07 8.96051654e-05]
 [1.02542388e-01 7.46835372e-03 1.29427018e+03 4.97374309e-06
  1.28421751e-07 8.96051654e-05]
 [1.02542388e-01 7.46835372e-03 1.29427018e+03 4.97374309e-06
  1.28421751e-07 8.96051654e-05]
 [1.02542388e-01 7.46835372e-03 1.29427018e+03 4.97374309e-06
  1.28421751e-07 8.96051654e-05]
 [1.02542388e-01 7.46835372e-03 1.29427018e+03 4.97374309e-06
  1.28421751e-07 8.96051654e-05]
 [1.02542388e-01 7.46835372e-03 1.29427018e+03 4.97374309e-06
  1.28421751e-07 8.96051654e-05]
 [1.02542388e-01 7.46835372e-03 1.29427018e+03 4.97374309e-06
  1.28421751e-07 8.96051654e-05]
 [1.02542388e-01 7.46835372e-03 1.29427018e+03 4.97374309e-06
  1.28421751e-07 8.96051654e-05]
 [1.02542388e-01 7.46835372e-03 1.29427018e+03 4.97374309e-06
  1.28421751e-07 8.96051654e-05]
 [1.02542388e-01 7.46835372e-03 1.29427018e+03 4.97374309e-06
  1.28421751e-07 8.96051654e-05]
 [1.02542388e-01 7.46835372e-03 1.29427018e+03 4.97374309e-06
  1.28421751e-07 8.96051654e-05]
 [1.02542388e-01 7.46835372e-03 1.29427018e+03 4.97374309e-06
  1.28421751e-07 8.96051654e-05]
 [1.02542388e-01 7.46835372e-03 1.29427018e+03 4.97374309e-06
  1.28421751e-07 8.96051654e-05]
 [1.02542388e-01 7.46835372e-03 1.29427018e+03 4.97374309e-06
  1.28421751e-07 8.96051654e-05]
 [1.02542388e-01 7.46835372e-03 1.29427018e+03 4.97374309e-06
  1.28421751e-07 8.96051654e-05]
 [1.02542388e-01 7.46835372e-03 1.29427018e+03 4.97374309e-06
  1.28421751e-07 8.96051654e-05]
 [1.02542388e-01 7.46835372e-03 1.29427018e+03 4.97374309e-06
  1.28421751e-07 8.96051654e-05]]"
14,15,"[[ 419.50495556  435.61372569  420.63871178  411.64042931  452.27730259
  -309.38613872]
 [ 419.50495556  435.61372569  420.63871178  411.64042931  452.27730259
  -309.38613872]
 [ 419.50495556  435.61372569  420.63871178  411.63873368  452.27730259
  -309.38613872]
 [ 419.50495556  435.61372569  420.63871178  411.63873368  452.27730259
  -309.38613872]
 [ 419.50495556  435.61372569  421.43863996  411.64042931  452.27730259
  -309.38613872]
 [ 419.50495556  435.61372569  420.63871178  411.64185585  452.28206384
  -309.38613872]
 [ 419.50495556  435.61372569  420.63871178  411.64042931  452.28206384
  -309.38613872]
 [ 419.50495556  435.61372569  420.63871178  411.64042931  452.28206384
  -309.38613872]
 [ 419.50495556  435.61372569  420.63871178  411.63873368  452.28206384
  -309.38613872]
 [ 419.50495556  435.61372569  420.63871178  411.63873368  452.28206384
  -309.38613872]
 [ 419.50495556  435.61372569  420.63871178  411.63873368  452.28206384
  -309.38613872]
 [ 419.50495556  435.61372569  420.63871178  411.63873368  452.28206384
  -309.38613872]
 [ 419.50495556  435.61372569  420.63871178  411.63678743  452.28206384
  -309.38613872]
 [ 419.50495556  435.61372569  420.63871178  411.63678743  452.28206384
  -309.38613872]
 [ 419.50495556  435.61372569  420.63871178  411.62081182  452.27730259
  -309.38613872]
 [ 419.50495556  435.61372569  421.43863996  411.64163071  452.28206384
  -309.38613872]
 [ 419.50495556  435.61372569  421.43863996  411.64042931  452.28206384
  -309.38613872]
 [ 419.50495556  435.61372569  421.43863996  411.63873368  452.28206384
  -309.38613872]
 [ 419.36551728  435.61372569  420.63871178  411.64042931  452.27730259
  -309.38613872]
 [ 419.50495556  435.61372569  421.43863996  411.63678743  452.28206384
  -309.38613872]]","[-2232.10484852 -2232.10484852 -2232.10091292 -2232.10091292
 -2232.09072492 -2232.07339429 -2232.07008382 -2232.07008382
 -2232.06614822 -2232.06614822 -2232.06614822 -2232.06614822
 -2232.06163008 -2232.06163008 -2232.05927327 -2232.05874824
 -2232.05596021 -2232.05202461 -2232.05094548 -2232.04750648]","[[8.60635142e-02 5.12420850e-03 2.24600894e+03 1.94417751e-06
  3.78908077e-08 4.37495962e-05]
 [8.60635142e-02 5.12420850e-03 2.24600894e+03 1.94417751e-06
  3.78908077e-08 4.37495962e-05]
 [8.60635142e-02 5.12420850e-03 2.24600894e+03 1.94417751e-06
  3.78908077e-08 4.37495962e-05]
 [8.60635142e-02 5.12420850e-03 2.24600894e+03 1.94417751e-06
  3.78908077e-08 4.37495962e-05]
 [8.60635142e-02 5.12420850e-03 2.24600894e+03 1.94417751e-06
  3.78908077e-08 4.37495962e-05]
 [8.60635142e-02 5.12420850e-03 2.24600894e+03 1.94417751e-06
  3.78908077e-08 4.37495962e-05]
 [8.60635142e-02 5.12420850e-03 2.24600894e+03 1.94417751e-06
  3.78908077e-08 4.37495962e-05]
 [8.60635142e-02 5.12420850e-03 2.24600894e+03 1.94417751e-06
  3.78908077e-08 4.37495962e-05]
 [8.60635142e-02 5.12420850e-03 2.24600894e+03 1.94417751e-06
  3.78908077e-08 4.37495962e-05]
 [8.60635142e-02 5.12420850e-03 2.24600894e+03 1.94417751e-06
  3.78908077e-08 4.37495962e-05]
 [8.60635142e-02 5.12420850e-03 2.24600894e+03 1.94417751e-06
  3.78908077e-08 4.37495962e-05]
 [8.60635142e-02 5.12420850e-03 2.24600894e+03 1.94417751e-06
  3.78908077e-08 4.37495962e-05]
 [8.60635142e-02 5.12420850e-03 2.24600894e+03 1.94417751e-06
  3.78908077e-08 4.37495962e-05]
 [8.60635142e-02 5.12420850e-03 2.24600894e+03 1.94417751e-06
  3.78908077e-08 4.37495962e-05]
 [8.60635142e-02 5.12420850e-03 2.24600894e+03 1.94417751e-06
  3.78908077e-08 4.37495962e-05]
 [8.60635142e-02 5.12420850e-03 2.24600894e+03 1.94417751e-06
  3.78908077e-08 4.37495962e-05]
 [8.60635142e-02 5.12420850e-03 2.24600894e+03 1.94417751e-06
  3.78908077e-08 4.37495962e-05]
 [8.60635142e-02 5.12420850e-03 2.24600894e+03 1.94417751e-06
  3.78908077e-08 4.37495962e-05]
 [8.60635142e-02 5.12420850e-03 2.24600894e+03 1.94417751e-06
  3.78908077e-08 4.37495962e-05]
 [8.60635142e-02 5.12420850e-03 2.24600894e+03 1.94417751e-06
  3.78908077e-08 4.37495962e-05]]"
15,16,"[[ 419.50495556  435.61372569  420.63871178  411.64185585  452.27730259
  -309.38613872]
 [ 419.50495556  435.61372569  420.63871178  411.64163071  452.27730259
  -309.38613872]
 [ 419.50495556  435.61372569  420.63871178  411.64042931  452.27730259
  -309.38613872]
 [ 419.50495556  435.61372569  420.63871178  411.64042931  452.27730259
  -309.38613872]
 [ 419.50495556  435.61372569  420.63871178  411.64042931  452.27730259
  -309.38613872]
 [ 419.50495556  435.61372569  420.63871178  411.64042931  452.27730259
  -309.38613872]
 [ 419.50495556  435.61372569  420.63871178  411.64042931  452.27730259
  -309.38613872]
 [ 419.50495556  435.61372569  420.63871178  411.64042931  452.27730259
  -309.38613872]
 [ 419.50495556  435.61372569  420.63871178  411.64042931  452.27730259
  -309.38613872]
 [ 419.50495556  435.61372569  420.63871178  411.64042931  452.27730259
  -309.38613872]
 [ 419.50495556  435.61372569  420.63871178  411.64042931  452.27730259
  -309.38613872]
 [ 419.50495556  435.61372569  420.63871178  411.64042931  452.27730259
  -309.38613872]
 [ 419.50495556  435.61372569  420.63871178  411.64042931  452.27730259
  -309.38613872]
 [ 419.50495556  435.61372569  420.63871178  411.64042931  452.27730259
  -309.38613872]
 [ 419.50495556  435.61372569  420.63871178  411.64042931  452.27730259
  -309.38613872]
 [ 419.50495556  435.61372569  420.63871178  411.63873368  452.27730259
  -309.38613872]
 [ 419.50495556  435.61372569  420.63871178  411.63873368  452.27730259
  -309.38613872]
 [ 419.50495556  435.61372569  420.63871178  411.63873368  452.27730259
  -309.38613872]
 [ 419.50495556  435.61372569  420.63871178  411.63873368  452.27730259
  -309.38613872]
 [ 419.50495556  435.61372569  420.63871178  411.63873368  452.27730259
  -309.38613872]]","[-2232.108159   -2232.10763655 -2232.10484852 -2232.10484852
 -2232.10484852 -2232.10484852 -2232.10484852 -2232.10484852
 -2232.10484852 -2232.10484852 -2232.10484852 -2232.10484852
 -2232.10484852 -2232.10484852 -2232.10484852 -2232.10091292
 -2232.10091292 -2232.10091292 -2232.10091292 -2232.10091292]","[[7.22328455e-02 3.51583679e-03 3.89760671e+03 7.59956055e-07
  1.11796740e-08 2.13606790e-05]
 [7.22328455e-02 3.51583679e-03 3.89760671e+03 7.59956055e-07
  1.11796740e-08 2.13606790e-05]
 [7.22328455e-02 3.51583679e-03 3.89760671e+03 7.59956055e-07
  1.11796740e-08 2.13606790e-05]
 [7.22328455e-02 3.51583679e-03 3.89760671e+03 7.59956055e-07
  1.11796740e-08 2.13606790e-05]
 [7.22328455e-02 3.51583679e-03 3.89760671e+03 7.59956055e-07
  1.11796740e-08 2.13606790e-05]
 [7.22328455e-02 3.51583679e-03 3.89760671e+03 7.59956055e-07
  1.11796740e-08 2.13606790e-05]
 [7.22328455e-02 3.51583679e-03 3.89760671e+03 7.59956055e-07
  1.11796740e-08 2.13606790e-05]
 [7.22328455e-02 3.51583679e-03 3.89760671e+03 7.59956055e-07
  1.11796740e-08 2.13606790e-05]
 [7.22328455e-02 3.51583679e-03 3.89760671e+03 7.59956055e-07
  1.11796740e-08 2.13606790e-05]
 [7.22328455e-02 3.51583679e-03 3.89760671e+03 7.59956055e-07
  1.11796740e-08 2.13606790e-05]
 [7.22328455e-02 3.51583679e-03 3.89760671e+03 7.59956055e-07
  1.11796740e-08 2.13606790e-05]
 [7.22328455e-02 3.51583679e-03 3.89760671e+03 7.59956055e-07
  1.11796740e-08 2.13606790e-05]
 [7.22328455e-02 3.51583679e-03 3.89760671e+03 7.59956055e-07
  1.11796740e-08 2.13606790e-05]
 [7.22328455e-02 3.51583679e-03 3.89760671e+03 7.59956055e-07
  1.11796740e-08 2.13606790e-05]
 [7.22328455e-02 3.51583679e-03 3.89760671e+03 7.59956055e-07
  1.11796740e-08 2.13606790e-05]
 [7.22328455e-02 3.51583679e-03 3.89760671e+03 7.59956055e-07
  1.11796740e-08 2.13606790e-05]
 [7.22328455e-02 3.51583679e-03 3.89760671e+03 7.59956055e-07
  1.11796740e-08 2.13606790e-05]
 [7.22328455e-02 3.51583679e-03 3.89760671e+03 7.59956055e-07
  1.11796740e-08 2.13606790e-05]
 [7.22328455e-02 3.51583679e-03 3.89760671e+03 7.59956055e-07
  1.11796740e-08 2.13606790e-05]
 [7.22328455e-02 3.51583679e-03 3.89760671e+03 7.59956055e-07
  1.11796740e-08 2.13606790e-05]]"
