,population,best_x,best_energy,running_time
0,18,"[ 420.63112625  423.53705047  420.52617756 -302.58468279  419.97303413
  431.81382971]",-2379.6455220966754,0.510974
1,20,"[423.59787199 416.03084094 423.23783935 421.24323913 421.07001793
 420.61829808]",-2509.2810419318203,0.488126
2,19,"[-303.39398644  420.95967196  417.10832299  398.86208291  420.98152534
  449.07417632]",-2236.956513372643,0.448041
3,23,"[420.87755314 420.86466461 420.99438757 415.45050872 420.8126117
 420.94650917]",-2510.0633344557773,0.585774
4,18,"[ 404.67720077  420.10076871 -302.64466073  441.12345896 -302.67135092
 -301.4248775 ]",-2074.870741892612,0.486046
5,15,"[417.53101899 420.98263753 431.39976735 421.3493529  420.18519108
 421.95307661]",-2498.4808259462543,0.356479
6,55,"[ 420.73359158 -294.13817628  420.72018409  408.40716512  420.87063404
 -306.45471253]",-2246.566723356049,1.557033
7,32,"[420.90627602 404.32084149 412.69269873 428.12597047 420.96958865
 421.13721181]",-2464.583638917528,0.858839
8,17,"[ 423.93589753  421.09494096  420.98380983 -278.06464487  409.16507073
  411.69549994]",-2294.605709684486,0.42861
9,37,"[420.80835921 434.26879634 421.21924162 420.86974709 421.1866349
 422.97282714]",-2491.1334314820538,1.014176
10,34,"[-295.44386907  431.53562271  420.53360718  410.6512824   420.92836255
  421.02680274]",-2361.7555837789478,1.016092
11,12,"[ 425.290112   -302.51154093  417.38398327  430.41019486  420.41500957
  449.62504031]",-2279.5956795021957,0.34859
12,30,"[ 420.96307222 -302.63206186  421.4076608   407.16486963  431.97676751
  420.0337304 ]",-2356.375119793214,1.050258
13,12,"[428.36629982 422.51321976 425.78429867 411.17308103 430.75779113
 422.56372547]",-2479.3579313933474,0.403917
14,33,"[ 410.33794476  411.85708403  404.85111775  423.52091934 -290.95863138
  413.95713037]",-2315.123573718964,1.104669
15,55,"[ 404.76808063  408.76786347  422.32673205  420.95654814 -302.62905489
  420.82396024]",-2344.194109414215,1.483403
16,15,"[420.88703893 421.02504545 420.34961219 419.80676113 420.92219884
 423.95821001]",-2512.548684456955,0.325876
17,55,"[421.03108217 383.77042406 421.31408408 421.07556528 429.24006447
 420.82311805]",-2345.1784268063666,1.443073
18,14,"[404.38663736 413.23637947 420.97597175 415.10593425 414.22579362
 422.71500943]",-2461.9902644790513,0.361214
19,24,"[448.83082053 414.92109821 434.54866784 421.27007015 399.53302041
 420.64883042]",-2334.6493116553593,0.603986
20,14,"[-302.80544297 -302.31262803  420.08834006  426.27558897  421.68717959
  419.85140757]",-2273.1287165166877,0.306809
21,55,"[ 428.45733865 -302.99927453  422.3283643   420.75980703  429.44646861
 -305.68564325]",-2259.344071196741,1.302177
22,36,"[420.88503997 424.8375486  420.83781843 385.11896618 421.04126637
 421.06979961]",-2362.4636605907363,0.859432
23,13,"[424.35911172 419.02094208 413.43277521 420.78215582 420.50879392
 421.07180273]",-2504.81036761825,0.278502
24,18,"[421.04336779 420.7067955  421.02092536 399.03026827 420.94216638
 449.03822322]",-2358.4739095297473,0.416802
25,14,"[421.03036323 403.40367139 421.02702269 444.07160822 419.59640631
 417.08570485]",-2407.5185507573715,0.309361
26,17,"[406.38203283 405.55109373 422.46171151 420.94100703 414.8643997
 420.23538094]",-2452.9997090039606,0.378797
27,14,"[407.9513163  432.23029014 413.41887493 420.79489914 423.0393048
 413.59158283]",-2462.309053859508,0.318198
28,18,"[422.21107393 420.44234755 422.0882824  421.08944614 421.01190098
 405.46880578]",-2483.740100883613,0.411643
29,15,"[421.15875046 421.48399688 420.33068197 421.81274756 421.04275015
 421.56485954]",-2513.6724518563797,0.329149
30,55,"[392.57572697 400.00516714 410.18577786 421.19060734 420.87750337
 413.63883091]",-2342.3469767196475,1.30618
31,14,"[440.96327064 421.57914164 407.11175847 447.77365229 419.98518964
 439.46183695]",-2308.885058834461,0.308112
32,21,"[-294.41781768  438.5595577   427.32126596  430.24036278  420.87793255
  428.68783443]",-2325.045348324855,0.480907
33,18,"[-305.28873973  414.42966447  421.28827692  399.40354971  421.10214495
  435.23700986]",-2306.71437890613,0.407062
34,15,"[ 419.7007021   421.98705945  440.94479119  442.00717022  417.91332359
 -294.76938361]",-2281.56559765235,0.331319
35,55,"[ 420.82488813  421.02602707  420.80540101  420.97029973  437.23874085
 -283.52680778]",-2318.1956850816773,1.307263
36,14,"[419.21080785 411.95107988 420.93661775 420.81888223 421.86593934
 421.24839803]",-2503.2099230466392,0.32705
37,17,"[433.58351117 429.9434978  422.02715736 421.17251725 428.87027854
 406.0313684 ]",-2448.021266808947,0.395074
38,16,"[422.12045445 421.04457243 423.1336525  429.31000471 421.35671625
 421.19998923]",-2504.334619084687,0.367926
39,22,"[ 439.37896204  421.05085508  422.85022346  420.99451744 -307.09924735
  421.59037846]",-2349.9564085139127,0.577154
40,52,"[ 404.92460405  411.40336179  422.98924934  420.9729205  -292.10903394
  420.96871747]",-2338.0761821385277,1.238336
41,39,"[434.61938456 428.94008097 415.11944876 420.84708114 420.1982034
 420.75319491]",-2478.0790416893074,0.943529
42,13,"[423.12326386 424.52323682 421.06699738 423.72877208 420.0985651
 418.95967007]",-2510.1483688368394,0.282009
43,25,"[412.12711613 414.64825807 397.25469989 420.70672665 420.96001295
 421.65005996]",-2430.715320029443,0.619117
44,17,"[436.5507464  421.23583418 421.40568813 409.57399385 420.90792314
 420.62747383]",-2467.1930937994234,0.388899
45,12,"[-303.35471679  421.05572395  420.52821334  421.18064373  420.91241165
  446.89017981]",-2312.501357649762,0.27696
46,26,"[420.93808727 415.47736392 421.27967408 433.86506788 449.47754888
 420.92262662]",-2389.565100031844,0.597398
47,12,"[428.72911253 419.1422096  422.91374974 410.17878303 421.89152743
 421.56050045]",-2490.705012165364,0.267943
48,22,"[ 406.05134601  412.97393055  403.88976372  423.43727027 -290.90819516
  413.84245081]",-2299.852294224215,0.508911
49,33,"[ 405.01097285  417.20772379  421.03025292  416.66651537  421.0007882
 -302.94837587]",-2359.8024598068223,0.839087
