,population,best_x,best_energy,running_time
0,12,"[420.21033513 421.04221246 419.97430903 415.3893772  416.52339304
 426.71375517]",-2503.132134299271,0.143002
1,14,"[ 432.32319239  419.28122114  415.83678247  420.21934176 -116.54162563
 -302.29914001]",-2070.7085042012427,0.153003
2,13,"[ 420.97480433  423.23641081  415.03800242  421.02195724 -298.98728684
  421.53775302]",-2388.7675620252085,0.128994
3,42,"[ 460.63803581  403.54095684  403.40769702  421.9586613  -298.56545995
  420.9070381 ]",-2131.184346758651,0.547469
4,26,"[ 420.22782007  423.3770231   420.4033517  -313.19680013  420.78316359
 -298.36373816]",-2259.5985630503087,0.444988
5,14,"[ 420.15415708 -303.09667425  428.31422026  407.88788342  412.36704189
  420.3217927 ]",-2357.9053167247102,0.210014
6,18,"[ 420.97417314  421.4989419   401.59702733 -302.79917196  440.1380562
  409.58660285]",-2287.2745523614085,0.218971
7,12,"[-301.58242419 -303.2652979   421.32136022  456.22253557  422.76049138
  419.52714061]",-2126.610469317481,0.136005
8,36,"[ 407.23102176 -295.25969607  427.78660133 -301.27349909  421.14399278
 -302.63624865]",-2122.4160659067716,0.370063
9,52,"[ 430.47156674  420.36563197 -302.62534446 -294.24019145  405.52273129
  389.90713757]",-2113.0069217967484,0.555937
10,12,"[-304.04906637 -302.56015525  446.402271    420.70549075 -301.50799672
 -269.91039693]",-1837.507361974585,0.114025
11,28,"[ 421.0506531   444.04002044  205.55861372  420.98356712 -302.39179253
  421.56582037]",-2111.880695363112,0.283975
12,13,"[ 418.84194926  417.72512225 -281.44881903  422.79821723 -297.25548491
 -302.43900237]",-2098.8994678817344,0.121
13,14,"[-299.97514573  420.30458283  420.72759979  446.05843287  427.46439533
  451.57017324]",-2197.3312334140737,0.131994
14,23,"[-308.85213315  426.10220874  449.05638531  393.49832449  420.82401708
  429.01410392]",-2191.4960800529457,0.239002
15,18,"[ 420.4789947   421.39403532  422.02811088  407.49611358  428.50937658
 -304.83885475]",-2364.834931457867,0.184002
16,87,"[420.8976777  434.04025173 420.92820111 416.21849507 427.78749355
 451.47281095]",-2370.228394819103,1.245046
17,14,"[-278.59123138  418.88088998  448.65868295  421.66975514  420.67586571
  422.20510893]",-2231.792790400365,0.150002
18,13,"[ 452.63647894 -302.52507504  413.15838261 -301.57410304  434.82447205
  421.60296356]",-2123.1609959452308,0.13005
19,53,"[414.81197869 444.38559963 420.97976618 421.03271616 437.89720505
 452.86325475]",-2281.704515264989,0.562
20,36,"[421.38042532 439.9290721  397.70801624 402.2847262  421.69423423
 456.2136418 ]",-2210.68882426095,0.390002
21,21,"[ 421.36429468  408.36331006  455.07361087 -294.17266167  420.44448875
  400.24068841]",-2173.8119329116207,0.214009
22,19,"[ 421.05846545 -276.15765937  421.46912414  420.84750205  390.69308778
 -116.85092567]",-1899.7684624397211,0.21099
23,45,"[ 424.29616934  421.10756882  420.48084239  427.88389024 -305.24045742
  419.11772229]",-2386.6261340107885,0.467995
24,12,"[204.79463377 417.19347082 420.1438651  421.40398023 421.25736176
 411.20873772]",-2282.8032303720047,0.112426
25,19,"[420.53819739 412.75857406 421.94148117 427.33425983 441.13170398
 448.94171923]",-2353.4976439019592,0.212605
26,20,"[ 424.87709407  418.63349244  420.32024747  393.49051189 -280.97679551
  442.41554055]",-2188.726034776353,0.221005
27,16,"[ 427.8263347   421.06690538 -306.4192207   419.59971989  435.68503214
  410.34925483]",-2346.0842073215485,0.176965
28,24,"[-336.4618486   389.28152895  421.05261696 -301.68117551  421.4238426
  420.40690157]",-2020.806161214613,0.236003
29,12,"[ 418.85160036  418.18278062  433.38148417  418.1864161   421.1400551
 -282.89698096]",-2326.595613351638,0.116004
30,15,"[ 414.39365485 -283.56495112  426.35538931  421.07030018  418.55006622
  422.23251156]",-2341.512784189522,0.14523
31,18,"[-302.50725247  421.06027023  399.30483027  446.90835296  424.20318748
  438.59629219]",-2214.9862021203758,0.17777
32,15,"[420.53274633 420.58628619 423.11617543 404.62983432 391.04101903
 422.9701112 ]",-2373.1042838653443,0.150992
33,33,"[ 420.90244176  410.30861884  421.07365903  387.37501301 -317.78789481
  420.65078114]",-2219.451390462653,0.349007
34,58,"[ 427.6005419   421.06081569 -302.67973248  420.85344312  405.32918833
  415.84313626]",-2356.3000672059175,0.631021
35,12,"[430.46167555 418.49030245 419.10840901 433.49380556 424.79957745
 419.85061374]",-2479.578638695127,0.119977
36,21,"[422.33026763 421.23861122 418.03659223 419.4363512  420.71194253
 405.45805284]",-2482.4586952068616,0.202999
37,21,"[ 421.35565121  397.04809373  208.57550601 -294.38620393 -292.69648343
  406.66715789]",-1941.7104780490308,0.237
38,43,"[-302.81188613  437.80122337  420.45708916 -303.14789302  418.27101134
  411.98118625]",-2230.414139670632,0.524008
39,17,"[421.03577436 421.37478421 427.72207782 417.73554287 421.56879348
 418.8237068 ]",-2506.1770650844337,0.172994
40,11,"[ 411.55383605  420.48329271 -301.67143709  448.19027147  420.53024432
  393.39214515]",-2201.848727221893,0.113999
41,15,"[431.50875559 402.71865189 423.58153586 416.13826122 422.18914921
 420.79568329]",-2454.8845768829733,0.155001
42,28,"[418.79634421 390.26483206 420.73883688 419.97221621 421.38176609
 427.52439147]",-2395.791601838175,0.29585
43,12,"[-291.22057     420.27710183  220.68379401  396.9960316   384.65435317
  428.88132117]",-1895.8520126295696,0.126096
44,12,"[ 408.9395474   432.54168193 -301.34642736  422.63313871  427.88320913
  421.0282586 ]",-2353.994999079121,0.115164
45,16,"[-304.61822494 -306.29965639  422.35242906 -319.83390212  418.64707488
  421.39977475]",-2117.769981880493,0.17808
46,16,"[-300.88802389 -324.98732523  420.32094907  421.79590838 -305.98924273
 -295.32629198]",-1969.1754963800106,0.162972
47,14,"[ 400.15075055  423.249706    420.59566232  420.81835089  385.56974322
 -305.93773973]",-2194.1727600281256,0.145994
48,17,"[423.90913946 421.10921275 421.36648908 397.65428356 451.46985084
 437.61099754]",-2298.540011454641,0.195652
49,12,"[ 421.28347707  419.34805743  421.63891119 -302.09154142 -305.89077371
  424.73954951]",-2273.3648228481024,0.180362
