,population,best_x,best_energy,ave_energy
0,1,"[ 378.37533991 -249.12352391  271.33543954  403.14712863  452.62646885
 -309.35278028]",-1017.0298090308069,7.1314683496219855
1,2,"[ 377.87926324  436.59432095  205.85953245 -328.28918524   28.06932896
 -308.56085733]",-1291.4301285588094,-796.9904631030201
2,3,"[ 398.89590278 -316.01117089  395.20932264  411.01764509  452.48861377
  226.30441013]",-1820.3587581052611,-1380.7101230471612
3,4,"[ 419.32183444 -315.64690505  382.80999503  411.44672053  452.29204252
 -309.61209511]",-1950.1536876733603,-1788.8567116180063
4,5,"[ 419.4366623   435.56358232  400.69904658  411.21786785  452.31354715
 -309.7089636 ]",-2180.0687393110743,-2019.586273951351
5,6,"[ 418.06628687  435.94190534  420.27837592  411.62232182  452.31154119
 -309.38557887]",-2229.7657498168037,-2204.4053842040544
6,7,"[ 419.55987212  435.51916611  421.19848071  411.26933208  452.2760948
 -309.67620317]",-2231.092523787874,-2226.94846361915
7,8,"[ 417.98378227  435.50440363  421.12746802  411.44623807  452.27622178
 -309.67708445]",-2230.6974910923946,-2227.8718696702354
8,9,"[ 419.09204869  435.59012937  420.33520832  411.63867019  452.27730259
 -309.54211386]",-2231.7022621508463,-2229.6420671563687
9,10,"[ 419.36551728  435.63322537  420.33520832  411.63867019  452.2835016
 -309.38613872]",-2231.8935154903475,-2230.7514615337136
10,11,"[ 419.50495556  435.63322537  420.63871178  411.63678743  452.2835016
 -309.38613872]",-2231.9799383051504,-2231.370100526107
11,12,"[ 419.36551728  435.63322537  421.43863996  411.64042931  452.2835016
 -309.38613872]",-2231.920365389066,-2231.678644099459
12,13,"[ 419.50495556  435.63322537  420.63871178  411.64042931  452.27730259
 -309.38613872]",-2232.033655568471,-2231.8799975055385
13,14,"[ 419.50495556  435.61372569  421.43863996  411.63873368  452.28206384
 -309.38613872]",-2232.0520246132924,-2231.9988806641877
14,15,"[ 419.50495556  435.61372569  420.63871178  411.64042931  452.27730259
 -309.38613872]",-2232.104848523722,-2232.0714060538617
15,16,"[ 419.50495556  435.61372569  420.63871178  411.64185585  452.27730259
 -309.38613872]",-2232.108158996959,-2232.10416954864
