,population,best_x,best_energy,ave_energy
0,1,[-284.30469458  447.13902392],-594.4848567405187,-52.92778256918548
1,2,[409.27850361 423.87613991],-819.8504190683642,-554.3772878993458
2,3,[417.12389046 424.57206348],-834.4650052596239,-822.6756923188244
3,4,[418.63728385 419.19799952],-836.8853575354037,-834.4337108782404
4,5,[420.57648005 421.18475824],-837.940473063077,-836.8490229932582
5,6,[419.13666408 422.33860315],-837.3057196093887,-833.634214140396
6,7,[419.5869363 423.0147782],-837.196450975439,-830.7168031914207
7,8,[422.2704038  419.88147296],-837.6027931112095,-832.2373909392215
8,9,[417.97545545 419.88147296],-836.6879105967162,-834.12837922174
9,10,[422.2704038  419.88147296],-837.6027931112095,-836.3599639602951
10,11,[421.83237089 420.59786846],-837.854279148267,-837.6022283977088
11,12,[421.83237089 420.59786846],-837.854279148267,-837.757885614018
12,13,[421.83237089 420.59786846],-837.854279148267,-837.8542791482671
