,population,best_x,best_energy,ave_energy
0,1,"[ 428.5201539   393.47164913 -274.42923836  497.25703179  171.99074595
  184.81651851]",-1044.7154461075258,-31.092185293657085
1,2,"[ 209.66065802 -305.40311858  454.52781811 -116.44831626  383.59335692
 -140.71572905]",-1242.3812942298434,-782.310524106493
2,3,"[-286.11421853  392.46252409 -299.99685312  426.37908872  419.56771008
 -322.85244771]",-1972.029459122737,-1424.1042194481934
3,4,"[437.82092705 446.17902702 436.6573258  427.64072665 385.78717668
 405.40102711]",-2188.9316341199637,-1935.2498186419941
4,5,"[438.42109896 402.27898283 419.91571622 413.6144087  415.06346409
 407.75248797]",-2399.758833770913,-2251.9925939510063
5,6,"[427.86197835 402.79478836 419.60964038 415.35425797 420.17536697
 414.40081265]",-2457.515178542907,-2384.2551782099085
6,7,"[427.77030117 404.74864186 419.63195561 418.07074844 420.50014393
 418.16281873]",-2473.2048954482093,-2433.1267615201837
7,8,"[428.05820587 407.63542277 419.65202802 418.06952334 418.07512539
 425.94032291]",-2479.9841611247657,-2469.3807791459863
8,9,"[428.32494706 408.30722898 419.81065085 418.2523704  420.43016058
 423.70963312]",-2485.017339289705,-2479.032935412795
9,10,"[428.38064228 410.15120541 419.60509614 418.1509853  419.09003458
 420.55477653]",-2490.6458412316747,-2484.9466515663617
10,11,"[427.76433879 410.86616831 419.95371143 418.940664   419.87831407
 417.89932381]",-2493.3209553252973,-2488.9594162598887
11,12,"[427.69415485 413.94181264 419.40535514 419.3408743  420.44440466
 417.58109254]",-2499.86736659214,-2492.1544086429744
12,13,"[427.749902   414.1733495  419.65139069 419.25531731 419.34390882
 419.37336535]",-2501.0522648730466,-2495.206859175004
13,14,"[427.69351236 414.4517568  419.64404399 419.33033893 420.84642475
 419.68865692]",-2502.086603076805,-2497.1274153270656
14,15,"[427.71176967 416.0286006  419.60255144 418.15147036 420.73069452
 422.93770442]",-2503.356245012675,-2498.908483983614
15,16,"[427.715396   416.24677255 419.6327946  419.37123472 420.54902055
 421.35779001]",-2504.758543272579,-2500.817096253181
16,17,"[427.75562493 416.88642362 419.82712136 419.06422061 420.42405054
 422.54082865]",-2505.014412995741,-2502.4501563771423
17,18,"[427.75562493 416.88642362 419.82712136 419.06422061 420.42405054
 422.54082865]",-2505.014412995741,-2503.155455529324
18,19,"[427.71370123 416.91748579 419.65102641 419.05723057 420.92784306
 421.19662106]",-2505.402410791965,-2503.7286480531748
19,20,"[427.7512031  417.08763522 419.65074229 419.09014893 420.29798436
 420.48474212]",-2505.444168082876,-2504.229611619271
20,21,"[427.7140769  417.39687768 419.63354431 419.35571323 420.43294146
 421.86476525]",-2505.8571438950466,-2504.61886798827
21,22,"[427.71165242 418.84545676 419.39958552 419.34797657 420.04822432
 421.74485766]",-2506.765456958871,-2504.9770934417984
22,23,"[427.71165242 418.84545676 419.39958552 419.34797657 420.04822432
 421.74485766]",-2506.765456958871,-2505.3577015602555
23,24,"[427.71165242 418.84545676 419.39958552 419.34797657 420.04822432
 421.74485766]",-2506.765456958871,-2505.600004415089
24,25,"[427.71536866 418.84545676 419.63414965 419.34797657 421.2067119
 421.65265795]",-2506.961717475761,-2505.9662945705254
25,26,"[427.71536866 418.84545676 419.63414965 419.34797657 421.2067119
 421.65265795]",-2506.961717475761,-2506.4048502119126
26,27,"[427.6944552  419.13696704 419.63284225 419.37123472 420.30247777
 421.17327573]",-2507.1564017902,-2506.775130420659
27,28,"[427.69372431 419.13696704 419.82724143 419.36943485 421.07839229
 421.14166239]",-2507.2736218779987,-2506.984206963588
28,29,"[427.71535413 419.8802885  419.59812134 419.37123472 420.56928632
 420.72710173]",-2507.416434560739,-2507.0904477304143
29,30,"[427.71536046 420.58687135 419.63352027 419.36943485 420.89662236
 420.72710173]",-2507.5782735065545,-2507.2254419854635
30,31,"[427.69464862 420.58687135 419.82724143 419.3482216  421.21013034
 421.14166239]",-2507.6622396630205,-2507.38951329445
31,32,"[427.69368933 420.58687135 419.82724143 419.36943485 420.89662236
 420.72710173]",-2507.6755775178517,-2507.589538744347
32,33,"[427.69365998 420.58687135 419.82724167 419.37123472 420.89662236
 421.11988033]",-2507.6808375880646,-2507.6711699688162
33,34,"[427.69365764 421.1510912  419.8087487  419.36944465 421.22733387
 420.88273842]",-2507.68312347958,-2507.6784254171757
