,population,best_x,best_energy,ave_energy
0,1,"[ 428.5201539   393.47164913 -274.42923836  497.25703179  171.99074595
  184.81651851]",-1044.7154461075258,-28.623096897863626
1,2,"[ 218.38463749  449.24001453  357.12046893  413.79797413 -496.05793476
 -304.89258294]",-1363.235829695363,-861.7319774516433
2,3,"[-326.92149707 -275.11331197 -296.73639581  413.6521601   435.43400631
  408.127279  ]",-1938.7877967122286,-1544.9585647951685
3,4,"[430.66841232 448.84165709 419.54135842 411.6532365  389.93531376
 416.69306607]",-2279.0446192889126,-2035.474067750066
4,5,"[426.25181895 418.83957397 441.0033974  419.62806621 418.72999543
 418.1628961 ]",-2457.9169687898616,-2319.7653630215236
5,6,"[428.16753378 425.49154443 419.21376124 414.76134695 424.27407993
 419.54816876]",-2497.9106075794907,-2444.6591458062867
6,7,"[429.01121986 415.90037013 419.31882791 420.05380713 421.2474835
 416.90248704]",-2499.9658094776214,-2471.2484771860754
7,8,"[429.13886307 418.83957397 419.40383309 420.68860006 421.30323576
 416.72673639]",-2502.3070007661786,-2486.8710680652457
8,9,"[426.45598581 421.3468543  419.40383309 419.45061322 419.4156596
 416.76366563]",-2506.94841112553,-2497.597093781925
9,10,"[427.33069418 423.41601297 419.7153434  420.68860006 420.8540881
 420.62791866]",-2507.807422347487,-2504.4647124701
10,11,"[426.45598581 421.11686678 419.32685409 419.62806621 420.1124314
 420.06103317]",-2509.329912781781,-2507.2123222770247
11,12,"[426.45598581 420.90432706 419.8596635  421.68910255 421.2474835
 420.20962834]",-2509.7920232683628,-2508.8917920048557
12,13,"[426.45598581 421.11686678 419.8596635  420.68860006 421.2474835
 420.20962834]",-2509.84537101787,-2509.6333450636016
13,14,"[426.45598581 420.90432706 419.9966593  420.68860006 420.8540881
 420.90049316]",-2509.9638161214075,-2509.8387549849726
14,15,"[426.45598581 420.90432706 419.9966593  420.68860006 420.8540881
 420.90049316]",-2509.9638161214075,-2509.929725086928
15,16,"[426.45598581 420.90432706 419.9966593  420.68860006 420.8540881
 420.90049316]",-2509.9638161214075,-2509.960930249663
