,population,best_x,best_energy,running_time
0,14,"[419.64040298 421.18678822 425.78255425 439.87346007 420.48805204
 421.70443881]",-2466.0181964207422,0.625097
1,17,"[420.81299497 420.25914419 421.70896435 431.60420168 421.29006731
 421.12120448]",-2499.4948179879875,0.91511
2,37,"[-302.75636133  421.21443822  420.99874514  420.67504418 -310.18644759
  419.78131115]",-2269.3839004880665,1.412118
3,17,"[401.52220388 419.75902991 423.42603681 420.88131846 420.94277364
 420.97707067]",-2466.497351888838,0.532529
4,13,"[414.21336867 412.93152874 425.57078225 420.93082225 419.22557929
 420.65469292]",-2496.9978067887864,0.411004
5,18,"[420.77855745 420.2312793  433.18279516 421.31454261 416.21175409
 420.98922386]",-2492.1891581868986,0.561995
6,19,"[429.25079359 421.26414773 420.99221755 421.50384257 432.28075221
 400.76701519]",-2439.045775528755,0.839089
7,37,"[392.1426305  399.90737503 421.47092705 421.21347826 421.57803359
 414.45322586]",-2354.8939517834174,1.47653
8,12,"[421.1219889  418.56323411 420.92032027 419.95729157 410.99359913
 411.72730408]",-2489.899404733097,0.610566
9,15,"[420.93209083 420.2460553  413.79818301 420.32674966 419.94173299
 420.59190714]",-2507.1750739932954,0.612041
10,15,"[420.91572527 426.96991243 420.66934143 425.08889549 417.04347555
 435.1639515 ]",-2479.9451322592686,0.632049
11,12,"[398.20684193 423.51686872 420.97998222 426.36402677 421.72862585
 415.54963325]",-2442.5384687977557,0.588002
12,19,"[420.84954391 421.03043797 421.35379888 420.61089127 420.26316745
 408.57383188]",-2494.6540438611073,0.88814
13,37,"[421.13653601 425.27799264 421.00052132 421.02479351 432.10259979
 423.59099625]",-2495.067812754464,1.710016
14,14,"[421.16936535 420.22811992 422.10577045 421.05903144 424.18218401
 420.27022431]",-2512.293347925218,0.810666
15,13,"[420.09454566 421.61936824 419.01130022 424.79380164 442.47699036
 420.94252903]",-2453.8923288359606,0.562813
16,16,"[ 389.78591675  419.77647736  421.40117021  420.40949552 -305.56204372
  421.15507616]",-2278.7940584549942,0.777836
17,19,"[420.81598524 436.88489035 420.77443914 420.70970829 429.70135977
 420.87997043]",-2472.502959169084,0.682701
18,16,"[421.8725702  421.07086042 420.35880238 420.6969895  421.34626148
 418.08357333]",-2512.669887622607,0.50802
19,19,"[427.72749847 416.55991683 434.49665897 441.98281336 420.77915406
 422.90683192]",-2427.246604538372,0.702073
20,20,"[397.93267881 398.80394191 420.67501167 421.08867753 421.03564986
 421.02974323]",-2389.3762759456126,0.667027
21,26,"[420.77979411 420.6827055  420.95670966 421.67844314 421.55674651
 400.44633708]",-2462.1781260183316,1.142736
22,18,"[420.82508557 422.21120251 420.90028427 420.99814205 420.68961862
 419.37915445]",-2513.370716476247,1.0019
23,37,"[436.9210961  419.21592461 435.53469006 420.72024007 420.56869436
 421.01037618]",-2454.9399433453536,1.509519
24,37,"[-302.54099798  420.31926574  418.52125278  421.15340764 -303.69674137
  421.10868319]",-2276.031716184258,1.334518
25,17,"[426.56608012 429.79806626 420.95863798 421.068913   421.08227064
 406.69650297]",-2474.8089113470332,0.622091
26,16,"[420.96021556 403.77541451 421.05194899 421.49509011 420.88120679
 407.46178609]",-2454.673050948115,0.559442
27,18,"[419.43830166 429.26527081 412.23249977 406.10485981 421.4368373
 412.65220744]",-2459.252579994227,0.84597
28,15,"[419.9990913  421.36806503 421.03471698 418.09048714 421.45026877
 414.88990965]",-2508.04186496401,0.56735
29,37,"[420.88348273 420.98715086 423.45365051 422.58707615 420.97909565
 422.22624191]",-2512.5864451857974,1.418034
30,22,"[421.18106123 399.87135969 421.44037563 428.39595817 421.41332944
 414.31427749]",-2446.8674048811276,0.778521
31,28,"[421.25373873 421.12183428 412.59341833 428.76214906 420.87087314
 421.02161256]",-2497.4273958261488,1.020544
32,14,"[-297.15142579  421.79278252  428.91627372  426.4279162   421.90001339
  422.43434637]",-2379.6214871287993,0.481562
33,29,"[-304.71117995  420.77138671  421.13395035  420.86984676 -303.27735068
  420.19325211]",-2276.257661861936,1.215722
34,31,"[421.66921268 420.96528528 441.68581555 420.97043136 417.42857623
 433.528873  ]",-2438.9692297898987,1.625999
35,23,"[ 420.82064155  410.7675744   424.78745727  420.40127385  412.30674006
 -284.28966442]",-2330.4470293959616,1.100401
36,27,"[421.17127884 421.52105794 420.71817004 420.96329052 445.41895792
 420.70817651]",-2439.9082306958235,1.301115
37,37,"[436.95548629 421.13802461 421.42794082 421.31588624 420.56409825
 401.79707342]",-2436.6148819801347,1.538551
38,15,"[420.87412781 400.51229005 420.82157925 427.30315359 421.04487021
 415.47110794]",-2453.753043536529,0.492999
39,17,"[420.55629182 421.62883969 421.56278802 421.13643134 421.13752722
 420.47703664]",-2513.7386840463487,0.733794
40,14,"[421.6090991  406.01100469 420.77863765 422.03266132 419.82671135
 421.77624926]",-2485.700922689022,0.689108
41,15,"[429.48772089 420.48635857 421.19020029 420.99887269 426.6867681
 414.26815606]",-2494.941443609434,0.772074
42,14,"[420.54875923 423.70944053 420.26501346 420.84452722 420.79139103
 420.32519067]",-2512.8059773814057,0.633999
43,37,"[421.92163014 421.04320242 420.95632011 420.979258   416.60049547
 397.7659435 ]",-2445.89454934584,1.817357
44,35,"[424.81825177 420.85531995 420.78560275 420.78749971 420.98035246
 424.12067711]",-2510.761565756713,1.726762
45,16,"[-306.34809561  421.04329334  417.12883209  399.91416907 -310.32731218
  421.74782521]",-2211.290964416685,0.520999
46,17,"[421.11831375 413.71050449 420.58680707 420.90579288 442.08718846
 420.80489167]",-2451.7654674594605,0.657096
47,13,"[420.36612346 423.67892002 421.93147899 420.67727264 418.95600466
 421.58315682]",-2512.238022292716,0.498052
48,37,"[419.79560161 415.11324474 421.08605858 426.56427856 429.10093825
 415.47949117]",-2493.327999034083,1.284597
49,34,"[427.69365764 421.1510912  419.8087487  419.36944465 421.22733387
 420.88273842]",-2507.68312347958,1.275227
