,population,best_x,best_energy,ave_energy
0,1,"[-326.09176825   69.45283962 -328.6680653   226.18245684  479.48090611
  207.14539275]",-896.0946525051081,-15.464378510628922
1,2,"[-332.21743446  219.92651743  418.86829915 -115.08816674   26.57864091
 -280.31820135]",-1109.3998708544673,-777.8018428367033
2,3,"[ 403.0984584  -270.07599546  438.83176515  219.94135099  412.55068118
  207.91359587]",-1716.969054079886,-1327.1291173751883
3,4,"[ 403.90776231  403.37727395 -288.32397217  412.92786394  413.14276807
 -298.53514021]",-2160.1158097680996,-1819.4836203069215
4,5,"[ 403.08543541  404.8741391   416.47596833  414.63311908  438.05462883
 -298.11991701]",-2277.3995484879033,-2128.1706069934976
5,6,"[ 404.73293019  405.41507375  427.14307717  412.99627936  412.85362738
 -296.46650985]",-2307.2158034067,-2269.985587314282
6,7,"[ 403.76118887  407.88823596  421.62214828  414.21777277  415.74188556
 -294.02286865]",-2319.327616875409,-2306.296265513226
7,8,"[ 403.85180384  407.84511324  424.31560357  414.78272295  419.77962211
 -296.98911536]",-2327.582404609203,-2318.377290973228
8,9,"[ 403.99385044  407.85764419  422.90759627  416.44084879  416.62671017
 -299.80560088]",-2332.110096540386,-2327.039444393848
9,10,"[ 404.85530125  409.33690366  421.07241304  415.81992966  417.49426941
 -299.94516931]",-2340.751829651427,-2333.779783396107
10,11,"[ 404.7432139   411.33000675  423.93413623  415.94560836  422.54849066
 -297.75418619]",-2343.793155294679,-2338.6417259300465
11,12,"[ 404.80438534  412.0320834   418.64302983  416.61859474  419.38550538
 -297.23894136]",-2346.225082727369,-2342.9880296191322
12,13,"[ 404.44971149  413.01343951  423.32429226  416.46711664  419.58462409
 -298.83384033]",-2348.5705611625635,-2345.0030143851577
13,14,"[ 404.81249736  413.49397359  421.21383915  416.56100189  417.86554266
 -299.66629678]",-2351.4520237374227,-2346.977188654527
14,15,"[ 404.81249736  413.49397359  421.21383915  416.56100189  417.86554266
 -299.66629678]",-2351.4520237374227,-2348.361487371444
15,16,"[ 404.90306664  414.88228294  421.253676    416.43456469  419.75132599
 -299.48842369]",-2354.9116024262607,-2349.652367234645
16,17,"[ 404.90306664  414.88228294  421.253676    416.43456469  419.75132599
 -299.48842369]",-2354.9116024262607,-2350.2226330283506
17,18,"[ 404.90306664  414.88228294  421.253676    416.43456469  419.75132599
 -299.48842369]",-2354.9116024262607,-2351.172973610112
18,19,"[ 405.00912381  414.35700323  419.82151243  416.66651537  419.6554914
 -301.46124276]",-2355.5830169688575,-2352.225309658191
19,20,"[ 405.00912381  414.35700323  419.82151243  416.66651537  419.6554914
 -301.46124276]",-2355.5830169688575,-2353.3260025537334
20,21,"[ 404.97022958  416.00959043  423.38181203  416.5018337   420.19729842
 -299.78954019]",-2356.4173552459006,-2354.5477293309027
21,22,"[ 404.78478469  416.00959043  419.82151243  416.20305121  420.19476612
 -301.46124276]",-2356.715797699423,-2355.2696290782505
22,23,"[ 404.89778014  417.08444586  423.93070627  416.60456806  422.9855881
 -301.4125664 ]",-2357.4204609527405,-2356.207015665457
23,24,"[ 404.91982575  416.00959043  422.03665545  416.66651537  420.73249095
 -301.47988999]",-2357.868902077629,-2356.991169306916
24,25,"[ 404.97022958  417.08444586  420.49531357  416.55776721  420.5498725
 -301.27827518]",-2359.182618618438,-2357.693108632136
25,26,"[ 405.00912381  417.20772379  422.03665545  416.64515495  421.0007882
 -301.09318775]",-2359.3919853879815,-2358.4468673575966
26,27,"[ 405.00912381  417.20772379  421.03025292  416.6647537   420.50865858
 -301.33471768]",-2359.610228092628,-2358.958664388249
27,28,"[ 405.00912381  417.08444586  421.03025292  416.64515495  420.50865858
 -302.94837587]",-2359.6270583600954,-2359.4006256861453
28,29,"[ 405.00912381  417.20772379  420.76422637  416.64515495  421.0007882
 -303.0570594 ]",-2359.754167318819,-2359.6181096374166
29,30,"[ 405.00912381  417.20772379  421.03025292  416.64515495  421.1081236
 -302.94837587]",-2359.7698029061557,-2359.736995970833
30,31,"[ 405.00912381  417.20772379  421.03025292  416.6647537   420.86716506
 -302.94837587]",-2359.7921954867643,-2359.7689745618122
31,32,"[ 405.01097285  417.20772379  421.03025292  416.66651537  421.0007882
 -302.94837587]",-2359.8024598068223,-2359.7925836635122
32,33,"[ 405.01097285  417.20772379  421.03025292  416.66651537  421.0007882
 -302.94837587]",-2359.8024598068223,-2359.800108884217
