,population,parents,parents_energy,parents_sigma
0,1,"[[-259.51652628  404.51693956  188.82966166 -295.82871856 -306.04213556
  -302.23444231]
 [-483.73748231  192.17622384  401.96590284 -448.48521761 -310.61525256
   425.66893188]
 [ 432.13522729  192.13488902  -26.63440969  102.28283817 -359.44677172
  -295.65821151]
 [-126.0720191  -470.55787768  416.45672448 -301.90073043  322.0846899
   183.0844403 ]
 [ 165.65267017  472.37135418  412.01441458 -443.15588524 -286.96488788
   163.36971791]
 [-486.8549372   -66.61933293 -322.71652209  207.39453797   31.86863547
   -14.69372595]
 [ 404.09593677  435.13075269  -87.57543705   94.47842441  306.18450793
  -167.80347457]
 [-338.49129598  424.97708359 -475.64919284  -62.05257209   76.1595358
   109.99037213]
 [ 147.93161084  183.68287121 -270.09763254 -142.29705485  179.00426308
   335.70115137]
 [-305.48204108  460.86571266  198.18239816  305.29825635 -476.40161731
   498.36844943]
 [-316.59597053 -199.47879637 -241.66107869 -233.47984095  417.17435275
   283.43338306]
 [  24.21589886  174.18978344  -12.80818153 -160.73375108 -390.75090988
  -286.93952647]
 [ 455.40989905  278.54259019 -496.13970127 -445.44962779  222.03167644
    12.96198009]
 [-137.19044754   -2.13225837   30.00928098   -9.01594319  -90.99484419
   338.09890789]
 [-359.11521367 -242.44574532 -304.28316988   94.34226996  -24.873352
  -453.01866849]
 [ 331.19398456  463.57473915  146.07764723  227.98599753  359.23663749
  -395.31696141]
 [-232.00915754  -18.65986866  358.73928758 -237.18642916  104.87044615
  -210.20488489]
 [ 324.31483525  -21.4788668  -206.63163377 -462.63992319 -319.48250718
   152.43847867]
 [ 221.41600868 -210.39045846 -373.91102783 -414.35008977  301.06215905
   276.16054234]
 [-390.98008639   42.89475554 -396.39616987  335.88478283  338.45609467
  -382.29657367]]","[-1555.60098576  -943.44467843  -802.46756425  -598.65955901
  -526.36330528  -412.74201824  -382.0212313   -369.43614939
  -320.31241914  -187.09765948  -101.30859058   -26.86863221
     7.33793114    61.96275028    66.26728149   234.02439665
   401.262711     404.29283443  1140.11216067  1209.11905286]","[[1. 1. 1. 1. 1. 1.]
 [1. 1. 1. 1. 1. 1.]
 [1. 1. 1. 1. 1. 1.]
 [1. 1. 1. 1. 1. 1.]
 [1. 1. 1. 1. 1. 1.]
 [1. 1. 1. 1. 1. 1.]
 [1. 1. 1. 1. 1. 1.]
 [1. 1. 1. 1. 1. 1.]
 [1. 1. 1. 1. 1. 1.]
 [1. 1. 1. 1. 1. 1.]
 [1. 1. 1. 1. 1. 1.]
 [1. 1. 1. 1. 1. 1.]
 [1. 1. 1. 1. 1. 1.]
 [1. 1. 1. 1. 1. 1.]
 [1. 1. 1. 1. 1. 1.]
 [1. 1. 1. 1. 1. 1.]
 [1. 1. 1. 1. 1. 1.]
 [1. 1. 1. 1. 1. 1.]
 [1. 1. 1. 1. 1. 1.]
 [1. 1. 1. 1. 1. 1.]]"
1,2,"[[-259.51652628  404.51693956  188.82966166 -295.82871856 -306.04213556
  -302.23444231]
 [-305.89163989  185.94180237  402.17333948  207.19455568  -92.83607859
  -286.98109744]
 [ 165.50419933  425.22632696  414.1612941  -295.56376786 -288.37851875
   338.93348643]
 [-307.37443328  193.82584364  410.24786819   93.85292364 -357.60356314
   425.35370266]
 [ 223.56011581  455.97789495  416.72359968  306.53365687 -310.16152144
   426.16904738]
 [ 431.44552299  397.92840485  417.09796391 -237.47120529 -287.6958283
  -396.48870792]
 [ 430.94236233  195.32612475  418.87815937  227.48541284   29.12547866
   110.18706588]
 [-127.55319225  -69.83673408 -306.28027012 -301.76562701  -26.05143021
  -294.91787024]
 [-485.29261683  193.44640625  -27.9369639  -302.75185236  224.97920548
  -286.33096438]
 [-483.73748231  192.17622384  401.96590284 -448.48521761 -310.61525256
   425.66893188]
 [-259.54626885  460.06701527 -496.82517077   93.05404397  218.09986644
  -302.23040311]
 [ 404.14773382  181.7930012  -497.6386138    94.71309032 -318.84202419
    13.99440362]
 [ 430.52000231  457.68719334   32.27735991  334.61367131  178.16757427
  -301.78139633]
 [-482.87157844  459.6780066  -206.99919043 -296.21563648 -284.22419266
  -302.39436526]
 [-388.85794069  407.27282088 -323.94422698 -237.7190959  -310.63428618
  -302.45922239]
 [-124.18512614  402.81593499 -206.94259011  102.62478919 -310.85720935
  -295.45612668]
 [ 432.13522729  192.13488902  -26.63440969  102.28283817 -359.44677172
  -295.65821151]
 [ 405.73730993 -195.90683287 -323.9626245  -302.39396121  358.41013495
   163.01586202]
 [ 428.51187918  401.75093833 -477.54879697   -8.43442146   76.36493162
   162.56343042]
 [ 331.67365302  182.60271691 -307.27205749   95.29378374 -316.9305848
  -302.22106741]]","[-1555.60098576 -1328.20144738 -1304.54261266 -1261.95692352
 -1251.70295476 -1033.92849891 -1031.49402975  -977.3082364
  -945.61272285  -943.44467843  -941.22663403  -913.86768919
  -895.75396308  -887.63296318  -866.90185671  -820.07813069
  -802.46756425  -802.32814489  -795.66403346  -791.87673447]","[[1.         1.         1.         1.         1.         1.        ]
 [1.65600856 3.54971845 1.44585803 0.57099762 1.62840112 0.83924271]
 [1.65600856 3.54971845 1.44585803 0.57099762 1.62840112 0.83924271]
 [1.65600856 3.54971845 1.44585803 0.57099762 1.62840112 0.83924271]
 [1.65600856 3.54971845 1.44585803 0.57099762 1.62840112 0.83924271]
 [1.65600856 3.54971845 1.44585803 0.57099762 1.62840112 0.83924271]
 [1.65600856 3.54971845 1.44585803 0.57099762 1.62840112 0.83924271]
 [1.65600856 3.54971845 1.44585803 0.57099762 1.62840112 0.83924271]
 [1.65600856 3.54971845 1.44585803 0.57099762 1.62840112 0.83924271]
 [1.         1.         1.         1.         1.         1.        ]
 [1.65600856 3.54971845 1.44585803 0.57099762 1.62840112 0.83924271]
 [1.65600856 3.54971845 1.44585803 0.57099762 1.62840112 0.83924271]
 [1.65600856 3.54971845 1.44585803 0.57099762 1.62840112 0.83924271]
 [1.65600856 3.54971845 1.44585803 0.57099762 1.62840112 0.83924271]
 [1.65600856 3.54971845 1.44585803 0.57099762 1.62840112 0.83924271]
 [1.65600856 3.54971845 1.44585803 0.57099762 1.62840112 0.83924271]
 [1.         1.         1.         1.         1.         1.        ]
 [1.65600856 3.54971845 1.44585803 0.57099762 1.62840112 0.83924271]
 [1.65600856 3.54971845 1.44585803 0.57099762 1.62840112 0.83924271]
 [1.65600856 3.54971845 1.44585803 0.57099762 1.62840112 0.83924271]]"
2,3,"[[ 403.98655475  404.18822386  418.85504431 -295.09882349  180.51173045
   424.60729279]
 [ 404.85734458  409.14573771  402.76528667 -295.96500174 -287.14992771
  -295.62591113]
 [-306.09704704  393.32355096  403.74509085 -295.84137097 -286.17355965
   425.92532041]
 [ 401.96591637  403.77953297 -327.48197669 -295.2568912  -286.98209698
  -301.75952125]
 [ 428.70750152  452.16074381  408.9938443    94.95642134 -313.80190013
   426.00065218]
 [ 436.98685237  403.01602576  408.91237044  103.08728274 -284.05184057
   425.25420303]
 [ 426.58291299  411.9769785   416.24930761 -237.90954753 -306.78304873
  -302.39098545]
 [ 433.58097199  400.96156514  420.31251888   94.50248241 -306.92675833
  -301.64246237]
 [ 404.60681198  444.58624898 -498.20447102 -296.37213976 -287.73770182
  -287.5211023 ]
 [-306.42407907  185.88347901  412.54913832 -295.17677243 -286.78796156
  -301.61836789]
 [-481.83849025  408.17013119  401.84190158 -295.09238963 -318.34282157
   424.75984906]
 [-306.28085798  403.34672154 -494.98562636 -296.85011999 -287.9088458
  -303.22589198]
 [-304.67609709  193.99371077 -323.38238291 -295.32419084 -307.32367066
  -302.35054758]
 [ 430.32696028  452.32858979 -307.56387639 -296.42819527 -288.69695805
   162.05246898]
 [-306.09776366  405.49915223  188.50288224 -301.876841    223.01294955
  -286.74727703]
 [ 428.9011146   400.73358859 -323.93294364   94.65375317 -310.95356278
  -294.59367295]
 [-259.51652628  404.51693956  188.82966166 -295.82871856 -306.04213556
  -302.23444231]
 [-126.55048357  412.67723119  -27.97067468 -295.63841193 -285.73730416
   426.73663303]
 [ 432.70802965  178.36411657  190.0878702  -301.66510566 -321.28909036
  -285.63172453]
 [ 428.96732202  399.4338362   -25.61808681  227.18686868 -310.77545303
  -302.62837414]]","[-2034.75560968 -2027.61133209 -1986.98122922 -1846.14581104
 -1783.49588436 -1773.76774138 -1772.24903565 -1758.70890126
 -1738.88360263 -1735.74371938 -1733.08230973 -1676.38635782
 -1628.40852656 -1603.68218498 -1587.5910038  -1579.33913141
 -1555.60098576 -1531.55612728 -1529.26720556 -1524.57814416]","[[ 2.74236436 12.60050106  2.09050544  0.32603828  2.6516902   0.70432833]
 [ 2.74236436 12.60050106  2.09050544  0.32603828  2.6516902   0.70432833]
 [ 2.74236436 12.60050106  2.09050544  0.32603828  2.6516902   0.70432833]
 [ 2.74236436 12.60050106  2.09050544  0.32603828  2.6516902   0.70432833]
 [ 2.74236436 12.60050106  2.09050544  0.32603828  2.6516902   0.70432833]
 [ 2.74236436 12.60050106  2.09050544  0.32603828  2.6516902   0.70432833]
 [ 2.74236436 12.60050106  2.09050544  0.32603828  2.6516902   0.70432833]
 [ 2.74236436 12.60050106  2.09050544  0.32603828  2.6516902   0.70432833]
 [ 2.19918646  8.07510975  1.76818173  0.44851795  2.14004566  0.77178552]
 [ 2.74236436 12.60050106  2.09050544  0.32603828  2.6516902   0.70432833]
 [ 2.19918646  8.07510975  1.76818173  0.44851795  2.14004566  0.77178552]
 [ 2.19918646  8.07510975  1.76818173  0.44851795  2.14004566  0.77178552]
 [ 2.74236436 12.60050106  2.09050544  0.32603828  2.6516902   0.70432833]
 [ 2.19918646  8.07510975  1.76818173  0.44851795  2.14004566  0.77178552]
 [ 2.74236436 12.60050106  2.09050544  0.32603828  2.6516902   0.70432833]
 [ 2.19918646  8.07510975  1.76818173  0.44851795  2.14004566  0.77178552]
 [ 1.          1.          1.          1.          1.          1.        ]
 [ 2.74236436 12.60050106  2.09050544  0.32603828  2.6516902   0.70432833]
 [ 2.74236436 12.60050106  2.09050544  0.32603828  2.6516902   0.70432833]
 [ 2.74236436 12.60050106  2.09050544  0.32603828  2.6516902   0.70432833]]"
3,4,"[[ 424.4178452   419.34805743  405.68881408 -295.88646252 -305.89077371
  -302.58203809]
 [-298.69920777  398.83308591  419.4967416  -294.98493926 -307.18194945
   425.29785817]
 [ 425.21272144  419.67302202  400.65257776 -295.01854503 -315.3777549
  -302.09176499]
 [ 408.01572908  423.46712999 -322.52405433 -296.67749305 -295.55422158
   425.6222663 ]
 [ 402.93591663  418.80502424 -306.82048971 -295.28700086 -319.76543608
   424.30515665]
 [ 405.37971449  433.21475621 -322.0410153  -302.09154142 -303.8928517
   426.43350583]
 [-309.78104636  428.44652186  408.18476971 -295.20815808 -324.50239034
   426.55368252]
 [-301.92791972  399.93988254  411.81919328 -301.95821514 -281.66965764
   425.83422094]
 [ 403.98655475  404.18822386  418.85504431 -295.09882349  180.51173045
   424.60729279]
 [ 404.85734458  409.14573771  402.76528667 -295.96500174 -287.14992771
  -295.62591113]
 [ 428.22962023  404.47119817  399.03533669 -301.73068471 -285.63925639
  -302.53937616]
 [ 401.68215432  425.39170961  406.66785803 -296.17158783 -281.73320487
  -295.43069881]
 [ 435.1570242   404.99587629  419.58095356 -301.80990055 -281.45120762
  -286.39696989]
 [ 414.70800374  388.55762075  417.13572069 -295.74630712 -309.92711491
  -301.39258075]
 [ 430.86724457  446.91762837  402.74265282 -295.45621503 -307.19620147
  -302.60682434]
 [ 430.34187838  397.08644803  399.12986215 -295.43981484 -299.6774721
  -301.85812745]
 [-306.09704704  393.32355096  403.74509085 -295.84137097 -286.17355965
   425.92532041]
 [ 431.1388099   423.83679904 -307.16015369 -295.10020889 -292.73146742
  -287.23603309]
 [ 427.00900705  388.00005193  402.3738767  -296.64844463 -308.77603161
  -286.65543653]
 [ 426.40603208  397.90274023 -306.20686637 -295.41503947  181.72293722
   424.73954951]]","[-2120.82754566 -2084.42697603 -2077.57849791 -2073.95871609
 -2070.37286748 -2058.10347955 -2053.97990417 -2038.13690415
 -2034.75560968 -2027.61133209 -2024.41559506 -2021.12366268
 -2015.50052734 -2014.99387046 -2013.25288036 -2012.63916145
 -1986.98122922 -1975.54447441 -1943.10207579 -1923.62135702]","[[ 4.09162525 36.69629855  2.78955691  0.22113488  3.90143402  0.6194089 ]
 [ 4.09162525 36.69629855  2.78955691  0.22113488  3.90143402  0.6194089 ]
 [ 4.09162525 36.69629855  2.78955691  0.22113488  3.90143402  0.6194089 ]
 [ 4.54137887 44.72823105  3.02257407  0.18616708  4.31801529  0.59110242]
 [ 4.09162525 36.69629855  2.78955691  0.22113488  3.90143402  0.6194089 ]
 [ 4.09162525 36.69629855  2.78955691  0.22113488  3.90143402  0.6194089 ]
 [ 3.09869372 24.13897475  2.23421605  0.37858235  2.97320821  0.71517257]
 [ 4.09162525 36.69629855  2.78955691  0.22113488  3.90143402  0.6194089 ]
 [ 2.74236436 12.60050106  2.09050544  0.32603828  2.6516902   0.70432833]
 [ 2.74236436 12.60050106  2.09050544  0.32603828  2.6516902   0.70432833]
 [ 4.09162525 36.69629855  2.78955691  0.22113488  3.90143402  0.6194089 ]
 [ 3.64187162 28.66436605  2.55653975  0.25610268  3.48485275  0.64771537]
 [ 4.54137887 44.72823105  3.02257407  0.18616708  4.31801529  0.59110242]
 [ 4.54137887 44.72823105  3.02257407  0.18616708  4.31801529  0.59110242]
 [ 4.54137887 44.72823105  3.02257407  0.18616708  4.31801529  0.59110242]
 [ 4.54137887 44.72823105  3.02257407  0.18616708  4.31801529  0.59110242]
 [ 2.74236436 12.60050106  2.09050544  0.32603828  2.6516902   0.70432833]
 [ 4.54137887 44.72823105  3.02257407  0.18616708  4.31801529  0.59110242]
 [ 4.54137887 44.72823105  3.02257407  0.18616708  4.31801529  0.59110242]
 [ 4.54137887 44.72823105  3.02257407  0.18616708  4.31801529  0.59110242]]"
4,5,"[[ 427.00900705  425.39170961  411.81919328 -301.95821514 -309.92711491
   424.73954951]
 [ 426.14839435  429.58033749  409.24100764 -295.29645658 -306.25363309
   426.45688385]
 [ 408.01572908  404.47119817  417.13572069 -301.80990055 -309.92711491
   426.55368252]
 [ 435.1570242   423.83679904  418.85504431 -301.95821514 -281.66965764
   424.30515665]
 [ 404.85734458  409.14573771  419.4967416  -302.09154142 -287.14992771
   425.6222663 ]
 [ 424.4178452   433.21475621  400.65257776 -295.01854503 -295.55422158
   425.92532041]
 [ 426.40603208  418.80502424  402.76528667 -301.80990055 -281.73320487
   425.29785817]
 [ 402.93591663  418.80502424  419.4967416  -295.74630712 -281.73320487
   425.83422094]
 [ 401.68215432  404.47119817  411.81919328 -296.67749305 -292.73146742
   425.6222663 ]
 [ 426.40603208  393.32355096  418.85504431 -296.67749305 -295.55422158
   425.83422094]
 [ 427.0028151   449.10941077  421.63891119 -295.75156925 -313.98797041
   427.0243545 ]
 [ 425.21272144  418.80502424  411.81919328 -301.95821514 -305.89077371
  -302.53937616]
 [ 401.72431795  394.69704221  420.72292511 -301.87130932 -297.08066033
   426.37410865]
 [ 424.4178452   433.21475621  419.58095356 -295.84137097 -305.89077371
  -295.62591113]
 [ 426.40603208  409.14573771 -306.20686637 -295.01854503 -307.18194945
   425.6222663 ]
 [ 424.4178452   419.34805743  405.68881408 -295.88646252 -305.89077371
  -302.58203809]
 [ 405.37971449  419.34805743  419.58095356 -295.01854503 -308.77603161
  -302.60682434]
 [ 422.59724026  435.49688007 -301.84280777 -295.83494416 -294.30913332
   426.88228673]
 [ 421.28347707  427.83453743  417.93893057 -294.87679225 -307.82334576
  -287.3352522 ]
 [ 404.85734458  423.46712999  408.18476971 -295.88646252 -295.55422158
  -302.58203809]]","[-2250.68683367 -2234.9896434  -2209.68801579 -2195.90303648
 -2195.23956302 -2189.76499772 -2176.97068678 -2174.83905429
 -2168.13458434 -2167.60928496 -2148.2360014  -2143.75939216
 -2140.83056716 -2124.9253778  -2123.13439828 -2120.82754566
 -2115.8716581  -2113.17061934 -2112.04943868 -2093.6665479 ]","[[7.14816438e+00 1.44517077e+02 4.20175811e+00 1.16284225e-01
  6.69228023e+00 5.07956400e-01]
 [7.14816438e+00 1.44517077e+02 4.20175811e+00 1.16284225e-01
  6.69228023e+00 5.07956400e-01]
 [7.14816438e+00 1.44517077e+02 4.20175811e+00 1.16284225e-01
  6.69228023e+00 5.07956400e-01]
 [7.52056231e+00 1.58772627e+02 4.37021298e+00 1.06300960e-01
  7.03146093e+00 4.96078397e-01]
 [7.14816438e+00 1.44517077e+02 4.20175811e+00 1.16284225e-01
  6.69228023e+00 5.07956400e-01]
 [6.03097059e+00 1.01750429e+02 3.69639352e+00 1.46234021e-01
  5.67473811e+00 5.43590408e-01]
 [6.77576645e+00 1.30261528e+02 4.03330325e+00 1.26267491e-01
  6.35309952e+00 5.19834402e-01]
 [6.77576645e+00 1.30261528e+02 4.03330325e+00 1.26267491e-01
  6.35309952e+00 5.19834402e-01]
 [7.52056231e+00 1.58772627e+02 4.37021298e+00 1.06300960e-01
  7.03146093e+00 4.96078397e-01]
 [7.14816438e+00 1.44517077e+02 4.20175811e+00 1.16284225e-01
  6.69228023e+00 5.07956400e-01]
 [6.77576645e+00 1.30261528e+02 4.03330325e+00 1.26267491e-01
  6.35309952e+00 5.19834402e-01]
 [6.03097059e+00 1.01750429e+02 3.69639352e+00 1.46234021e-01
  5.67473811e+00 5.43590408e-01]
 [5.95361489e+00 1.07974046e+02 3.63183123e+00 1.71218556e-01
  5.59733755e+00 5.60018883e-01]
 [5.28617473e+00 7.32393300e+01 3.35948379e+00 1.66200551e-01
  4.99637670e+00 5.67346413e-01]
 [6.40336852e+00 1.16005978e+02 3.86484839e+00 1.36250756e-01
  6.01391882e+00 5.31712405e-01]
 [4.09162525e+00 3.66962985e+01 2.78955691e+00 2.21134881e-01
  3.90143402e+00 6.19408896e-01]
 [7.52056231e+00 1.58772627e+02 4.37021298e+00 1.06300960e-01
  7.03146093e+00 4.96078397e-01]
 [6.32601282e+00 1.22229595e+02 3.80028609e+00 1.61235290e-01
  5.93651825e+00 5.48140880e-01]
 [6.77576645e+00 1.30261528e+02 4.03330325e+00 1.26267491e-01
  6.35309952e+00 5.19834402e-01]
 [6.03097059e+00 1.01750429e+02 3.69639352e+00 1.46234021e-01
  5.67473811e+00 5.43590408e-01]]"
5,6,"[[ 426.40603208  425.39170961  421.63891119 -301.87130932 -305.89077371
   424.73954951]
 [ 426.40603208  418.80502424  417.93893057 -295.83494416 -307.18194945
   426.55368252]
 [ 425.21272144  423.46712999  419.4967416  -295.01854503 -295.55422158
   425.83422094]
 [ 427.0028151   427.83453743  417.93893057 -302.09154142 -295.55422158
   425.92532041]
 [ 427.00900705  425.39170961  411.81919328 -301.95821514 -309.92711491
   424.73954951]
 [ 421.28347707  433.21475621  419.4967416  -301.95821514 -308.77603161
   425.92532041]
 [ 426.40603208  418.80502424  419.58095356 -295.75156925 -313.98797041
   425.83422094]
 [ 424.4178452   433.21475621  419.58095356 -295.83494416 -306.25363309
   426.37410865]
 [ 426.14839435  429.58033749  409.24100764 -295.29645658 -306.25363309
   426.45688385]
 [ 424.4178452   433.21475621  411.81919328 -295.01854503 -305.89077371
   425.6222663 ]
 [ 424.4178452   433.21475621  411.81919328 -295.88646252 -307.18194945
   426.37410865]
 [ 423.26310246  417.6744897   410.7337468  -295.17960424 -289.87650091
   425.23617707]
 [ 404.85734458  418.80502424  417.93893057 -296.67749305 -308.77603161
   425.6222663 ]
 [ 405.37971449  419.34805743  417.93893057 -295.01854503 -307.82334576
   426.55368252]
 [ 408.01572908  427.83453743  411.81919328 -295.75156925 -305.89077371
   426.45688385]
 [ 427.00900705  418.80502424  411.81919328 -301.80990055 -287.14992771
   426.37410865]
 [ 427.0028151   404.47119817  421.63891119 -301.80990055 -294.30913332
   425.6222663 ]
 [ 404.85734458  418.80502424  419.4967416  -295.88646252 -294.30913332
   425.83422094]
 [ 405.37971449  418.80502424  419.58095356 -296.67749305 -292.73146742
   426.37410865]
 [ 401.72431795  418.80502424  419.4967416  -301.80990055 -306.25363309
   425.6222663 ]]","[-2267.47517422 -2259.2238091  -2257.50667735 -2256.081896
 -2250.68683367 -2249.76970157 -2247.10505172 -2245.32304868
 -2234.9896434  -2234.91632235 -2234.18359027 -2232.91672404
 -2231.15909629 -2230.85244023 -2228.69317825 -2228.3956635
 -2227.44390647 -2227.0310756  -2226.08576333 -2226.08222134]","[[1.12207273e+01 4.62391749e+02 5.83158388e+00 7.20984365e-02
  1.03453944e+01 4.36267234e-01]
 [1.12207273e+01 4.62391749e+02 5.83158388e+00 7.20984365e-02
  1.03453944e+01 4.36267234e-01]
 [1.02316352e+01 3.97533012e+02 5.41956720e+00 8.77821223e-02
  9.45389143e+00 4.58113764e-01]
 [9.30659394e+00 3.21628232e+02 5.05422447e+00 9.63327533e-02
  8.62540807e+00 4.73066554e-01]
 [7.14816438e+00 1.44517077e+02 4.20175811e+00 1.16284225e-01
  6.69228023e+00 5.07956400e-01]
 [9.30659394e+00 3.21628232e+02 5.05422447e+00 9.63327533e-02
  8.62540807e+00 4.73066554e-01]
 [1.24541156e+01 5.63598123e+02 6.31870752e+00 6.06975952e-02
  1.14500388e+01 4.16330179e-01]
 [1.06040331e+01 4.11788562e+02 5.58802206e+00 7.77988571e-02
  9.79307213e+00 4.46235761e-01]
 [7.14816438e+00 1.44517077e+02 4.20175811e+00 1.16284225e-01
  6.69228023e+00 5.07956400e-01]
 [1.12207273e+01 4.62391749e+02 5.83158388e+00 7.20984365e-02
  1.03453944e+01 4.36267234e-01]
 [1.09123802e+01 4.37090155e+02 5.70980297e+00 7.49486468e-02
  1.00692333e+01 4.41251497e-01]
 [1.18374214e+01 5.12994936e+02 6.07514570e+00 6.63980158e-02
  1.08977166e+01 4.26298706e-01]
 [1.12207273e+01 4.62391749e+02 5.83158388e+00 7.20984365e-02
  1.03453944e+01 4.36267234e-01]
 [1.15290743e+01 4.87693342e+02 5.95336479e+00 6.92482262e-02
  1.06215555e+01 4.31282970e-01]
 [1.18374214e+01 5.12994936e+02 6.07514570e+00 6.63980158e-02
  1.08977166e+01 4.26298706e-01]
 [1.02956860e+01 3.86486968e+02 5.46624116e+00 8.06490674e-02
  9.51691101e+00 4.51220024e-01]
 [1.21457685e+01 5.38296529e+02 6.19692661e+00 6.35478055e-02
  1.11738777e+01 4.21314443e-01]
 [1.18374214e+01 5.12994936e+02 6.07514570e+00 6.63980158e-02
  1.08977166e+01 4.26298706e-01]
 [8.68989978e+00 2.71025045e+02 4.81066266e+00 1.02033174e-01
  8.07308583e+00 4.83035082e-01]
 [1.11566764e+01 4.73437793e+02 5.78490993e+00 7.92314913e-02
  1.02823748e+01 4.43160973e-01]]"
6,7,"[[ 424.4178452   418.80502424  417.93893057 -302.09154142 -307.18194945
   424.73954951]
 [ 426.14839435  418.80502424  419.58095356 -301.95821514 -305.89077371
   426.45688385]
 [ 426.40603208  425.39170961  421.63891119 -301.87130932 -305.89077371
   424.73954951]
 [ 426.40603208  418.80502424  419.4967416  -301.95821514 -307.18194945
   425.23617707]
 [ 423.26310246  418.80502424  419.58095356 -296.67749305 -305.89077371
   425.83422094]
 [ 425.21272144  418.80502424  417.93893057 -302.09154142 -307.18194945
   426.45688385]
 [ 426.40603208  418.80502424  421.63891119 -296.67749305 -305.89077371
   425.83422094]
 [ 424.4178452   419.34805743  419.4967416  -296.67749305 -308.77603161
   424.73954951]
 [ 427.00900705  418.80502424  421.63891119 -301.95821514 -295.55422158
   424.73954951]
 [ 425.21272144  418.80502424  421.63891119 -295.88646252 -306.25363309
   426.37410865]
 [ 426.40603208  418.80502424  419.58095356 -296.67749305 -307.82334576
   424.73954951]
 [ 424.4178452   425.39170961  419.58095356 -295.01854503 -305.89077371
   425.6222663 ]
 [ 426.40603208  418.80502424  417.93893057 -295.83494416 -307.18194945
   426.55368252]
 [ 426.40603208  423.46712999  417.93893057 -296.67749305 -309.92711491
   424.73954951]
 [ 427.00900705  425.39170961  417.93893057 -295.17960424 -305.89077371
   425.23617707]
 [ 424.4178452   423.46712999  421.63891119 -295.01854503 -309.92711491
   425.83422094]
 [ 425.21272144  423.46712999  419.4967416  -295.01854503 -295.55422158
   425.83422094]
 [ 421.28347707  419.34805743  411.81919328 -301.80990055 -308.77603161
   426.37410865]
 [ 426.40603208  427.83453743  421.63891119 -295.75156925 -306.25363309
   425.6222663 ]
 [ 426.14839435  419.34805743  411.81919328 -301.87130932 -307.82334576
   425.6222663 ]]","[-2269.20333211 -2267.52041136 -2267.47517422 -2267.33503304
 -2266.7912458  -2266.42378192 -2263.90930703 -2263.86043593
 -2263.82168073 -2263.10369912 -2262.79463146 -2261.555574
 -2259.2238091  -2258.30157714 -2258.27179525 -2257.66557705
 -2257.50667735 -2257.48995043 -2257.01377225 -2256.47351651]","[[1.85285861e+01 1.66096569e+03 8.39790041e+00 4.32045142e-02
  1.67951412e+01 3.69026857e-01]
 [1.90392115e+01 1.75077923e+03 8.57397832e+00 4.15770509e-02
  1.72448423e+01 3.64843850e-01]
 [1.12207273e+01 4.62391749e+02 5.83158388e+00 7.20984365e-02
  1.03453944e+01 4.36267234e-01]
 [2.01134967e+01 1.91080112e+03 8.95987608e+00 3.62856456e-02
  1.81955550e+01 3.53585076e-01]
 [1.64860844e+01 1.30171156e+03 7.69358879e+00 4.97143674e-02
  1.49963369e+01 3.85758884e-01]
 [1.96028713e+01 1.82098759e+03 8.78379818e+00 3.79131089e-02
  1.77458539e+01 3.57768083e-01]
 [1.77626480e+01 1.52624539e+03 8.13378356e+00 4.56457092e-02
  1.61205896e+01 3.75301367e-01]
 [1.96028713e+01 1.82098759e+03 8.78379818e+00 3.79131089e-02
  1.77458539e+01 3.57768083e-01]
 [1.83263077e+01 1.59645375e+03 8.34360342e+00 4.19817672e-02
  1.66216012e+01 3.68225600e-01]
 [1.69967099e+01 1.39152509e+03 7.86966670e+00 4.80869041e-02
  1.54460380e+01 3.81575877e-01]
 [1.18374214e+01 5.12994936e+02 6.07514570e+00 6.63980158e-02
  1.08977166e+01 4.26298706e-01]
 [1.78156823e+01 1.50664022e+03 8.16752551e+00 4.36092305e-02
  1.61719002e+01 3.72408607e-01]
 [1.12207273e+01 4.62391749e+02 5.83158388e+00 7.20984365e-02
  1.03453944e+01 4.36267234e-01]
 [1.90922458e+01 1.73117405e+03 8.60772027e+00 3.95405722e-02
  1.72961528e+01 3.61951090e-01]
 [1.90922458e+01 1.73117405e+03 8.60772027e+00 3.95405722e-02
  1.72961528e+01 3.61951090e-01]
 [1.90392115e+01 1.75077923e+03 8.57397832e+00 4.15770509e-02
  1.72448423e+01 3.64843850e-01]
 [1.02316352e+01 3.97533012e+02 5.41956720e+00 8.77821223e-02
  9.45389143e+00 4.58113764e-01]
 [1.67413971e+01 1.34661833e+03 7.78162775e+00 4.89006358e-02
  1.52211874e+01 3.83667381e-01]
 [1.90922458e+01 1.73117405e+03 8.60772027e+00 3.95405722e-02
  1.72961528e+01 3.61951090e-01]
 [1.49542082e+01 1.03227096e+03 7.16535508e+00 5.45967573e-02
  1.36472336e+01 3.98307905e-01]]"
7,8,"[[ 421.28347707  418.80502424  417.93893057 -301.80990055 -305.89077371
   425.6222663 ]
 [ 424.4178452   419.34805743  421.63891119 -301.95821514 -305.89077371
   425.83422094]
 [ 424.4178452   418.80502424  417.93893057 -302.09154142 -306.25363309
   424.73954951]
 [ 423.26310246  418.80502424  421.63891119 -301.95821514 -307.18194945
   425.6222663 ]
 [ 424.4178452   418.80502424  417.93893057 -301.87130932 -306.25363309
   424.73954951]
 [ 424.4178452   419.34805743  419.58095356 -301.80990055 -307.18194945
   425.6222663 ]
 [ 424.4178452   423.46712999  421.63891119 -301.95821514 -307.82334576
   424.73954951]
 [ 424.4178452   418.80502424  419.4967416  -301.87130932 -307.82334576
   424.73954951]
 [ 424.4178452   418.80502424  417.93893057 -302.09154142 -307.18194945
   424.73954951]
 [ 425.21272144  425.39170961  419.4967416  -301.87130932 -305.89077371
   424.73954951]
 [ 426.40603208  418.80502424  421.63891119 -302.09154142 -305.89077371
   425.6222663 ]
 [ 425.21272144  418.80502424  417.93893057 -301.95821514 -307.18194945
   424.73954951]
 [ 426.40603208  418.80502424  421.63891119 -301.80990055 -305.89077371
   425.6222663 ]
 [ 426.40603208  419.34805743  421.63891119 -301.80990055 -307.18194945
   424.73954951]
 [ 424.4178452   425.39170961  419.4967416  -302.09154142 -307.18194945
   424.73954951]
 [ 425.21272144  423.46712999  421.63891119 -302.09154142 -307.18194945
   425.83422094]
 [ 425.21272144  418.80502424  419.4967416  -301.95821514 -307.18194945
   425.83422094]
 [ 421.28347707  418.80502424  419.4967416  -296.67749305 -305.89077371
   425.23617707]
 [ 424.4178452   418.80502424  419.58095356 -301.95821514 -307.18194945
   426.45688385]
 [ 424.4178452   418.80502424  419.4967416  -302.09154142 -308.77603161
   424.73954951]]","[-2271.02624108 -2270.66458507 -2270.19004595 -2270.18484068
 -2270.15974221 -2269.39596481 -2269.27914615 -2269.24719383
 -2269.20333211 -2268.71701517 -2268.44667404 -2268.41427307
 -2268.40573258 -2268.2905266  -2268.2064186  -2268.13925502
 -2268.10384716 -2268.10260894 -2268.09266104 -2267.8841602 ]","[[2.90362098e+01 5.22353863e+03 1.16573975e+01 2.59468178e-02
  2.59264163e+01 3.15510352e-01]
 [2.51258991e+01 4.09696812e+03 1.03953167e+01 3.54212000e-02
  2.25121947e+01 3.40606168e-01]
 [2.94590098e+01 5.38294501e+03 1.17846893e+01 2.54821790e-02
  2.62925632e+01 3.13755073e-01]
 [2.81466971e+01 4.93952230e+03 1.13784208e+01 2.74575077e-02
  2.51523455e+01 3.20234774e-01]
 [3.18283226e+01 6.22488366e+03 1.25091874e+01 2.23452532e-02
  2.83481481e+01 3.02887175e-01]
 [3.00932099e+01 5.62205457e+03 1.19756270e+01 2.47852207e-02
  2.68417835e+01 3.11122155e-01]
 [2.47030991e+01 3.93756175e+03 1.02680249e+01 3.58858388e-02
  2.21460479e+01 3.42361447e-01]
 [3.05160099e+01 5.78146095e+03 1.21029189e+01 2.43205819e-02
  2.72079304e+01 3.09366876e-01]
 [1.85285861e+01 1.66096569e+03 8.39790041e+00 4.32045142e-02
  1.67951412e+01 3.69026857e-01]
 [2.83580971e+01 5.01922548e+03 1.14420667e+01 2.72251883e-02
  2.53354189e+01 3.19357135e-01]
 [1.85816204e+01 1.64136052e+03 8.43164237e+00 4.11680355e-02
  1.68464518e+01 3.66134097e-01]
 [2.40422715e+01 3.49475455e+03 1.01203623e+01 3.30344011e-02
  2.15903960e+01 3.39337653e-01]
 [2.56098969e+01 3.98308403e+03 1.06146698e+01 3.02453408e-02
  2.29554643e+01 3.30766448e-01]
 [2.36633842e+01 3.30055175e+03 1.00174636e+01 3.29176277e-02
  2.12660263e+01 3.39879068e-01]
 [2.55220716e+01 4.05267687e+03 1.05658837e+01 3.14081652e-02
  2.28719101e+01 3.33194176e-01]
 [2.94150971e+01 5.41774143e+03 1.17602962e+01 2.60635912e-02
  2.62507861e+01 3.14968937e-01]
 [2.39983588e+01 3.52955097e+03 1.00959693e+01 3.36158134e-02
  2.15486189e+01 3.40551517e-01]
 [3.19958100e+01 6.33938327e+03 1.25484402e+01 2.26943460e-02
  2.84894444e+01 3.03223399e-01]
 [3.19958100e+01 6.33938327e+03 1.25484402e+01 2.26943460e-02
  2.84894444e+01 3.03223399e-01]
 [2.62440970e+01 4.22219360e+03 1.08056076e+01 2.95483825e-02
  2.35046846e+01 3.28133530e-01]]"
8,9,"[[ 421.28347707  418.80502424  419.4967416  -301.95821514 -305.89077371
   424.73954951]
 [ 423.26310246  418.80502424  419.58095356 -302.09154142 -305.89077371
   424.73954951]
 [ 423.26310246  418.80502424  419.4967416  -301.87130932 -305.89077371
   424.73954951]
 [ 421.28347707  418.80502424  421.63891119 -302.09154142 -305.89077371
   425.6222663 ]
 [ 421.28347707  418.80502424  421.63891119 -301.95821514 -307.18194945
   424.73954951]
 [ 421.28347707  418.80502424  419.4967416  -302.09154142 -305.89077371
   425.83422094]
 [ 421.28347707  418.80502424  417.93893057 -301.80990055 -306.25363309
   424.73954951]
 [ 424.4178452   418.80502424  421.63891119 -302.09154142 -305.89077371
   424.73954951]
 [ 421.28347707  423.46712999  421.63891119 -302.09154142 -307.18194945
   424.73954951]
 [ 421.28347707  423.46712999  421.63891119 -302.09154142 -307.18194945
   424.73954951]
 [ 421.28347707  418.80502424  421.63891119 -302.09154142 -306.25363309
   425.83422094]
 [ 424.4178452   418.80502424  421.63891119 -301.87130932 -305.89077371
   424.73954951]
 [ 424.4178452   418.80502424  419.4967416  -302.09154142 -305.89077371
   424.73954951]
 [ 424.4178452   418.80502424  419.4967416  -301.80990055 -305.89077371
   424.73954951]
 [ 423.26310246  418.80502424  421.63891119 -301.80990055 -307.18194945
   424.73954951]
 [ 424.4178452   418.80502424  421.63891119 -301.95821514 -305.89077371
   425.23617707]
 [ 424.4178452   418.80502424  421.63891119 -301.80990055 -305.89077371
   425.23617707]
 [ 424.4178452   418.80502424  419.4967416  -301.80990055 -306.25363309
   424.73954951]
 [ 421.28347707  418.80502424  417.93893057 -301.80990055 -305.89077371
   425.6222663 ]
 [ 424.4178452   419.34805743  421.63891119 -302.09154142 -305.89077371
   425.6222663 ]]","[-2272.8724644  -2272.26755228 -2272.20689122 -2272.16694912
 -2271.77592924 -2271.6956961  -2271.63881468 -2271.61617841
 -2271.59479256 -2271.59479256 -2271.58587477 -2271.58587467
 -2271.39963386 -2271.35869241 -2271.09971834 -2271.09522219
 -2271.07116039 -2271.03232654 -2271.02624108 -2270.93617319]","[[3.58399331e+01 9.90180164e+03 1.35185320e+01 2.19987894e-02
  3.17477150e+01 2.97299861e-01]
 [4.62247313e+01 1.73127483e+04 1.63419236e+01 1.59768179e-02
  4.06259756e+01 2.70000616e-01]
 [4.63997714e+01 1.74542102e+04 1.63879351e+01 1.59104909e-02
  4.07750341e+01 2.69632340e-01]
 [4.80842121e+01 1.85420914e+04 1.68549417e+01 1.48155712e-02
  4.22186053e+01 2.64789764e-01]
 [3.86473343e+01 1.17149370e+04 1.42968764e+01 2.01739231e-02
  3.41536671e+01 2.89228900e-01]
 [4.48464581e+01 1.65425874e+04 1.59425469e+01 1.75204960e-02
  3.94387442e+01 2.75320504e-01]
 [3.07713226e+01 5.82636772e+03 1.21909578e+01 2.35068503e-02
  2.74327809e+01 3.07275372e-01]
 [4.63997714e+01 1.74542102e+04 1.63879351e+01 1.59104909e-02
  4.07750341e+01 2.69632340e-01]
 [4.78364522e+01 1.85241470e+04 1.67736614e+01 1.52138831e-02
  4.20015170e+01 2.66176767e-01]
 [3.94277673e+01 1.21842296e+04 1.45229498e+01 1.91612107e-02
  3.48256931e+01 2.86032568e-01]
 [3.97339349e+01 1.25019499e+04 1.45905797e+01 1.96099691e-02
  3.50820330e+01 2.86509879e-01]
 [4.29353290e+01 1.45632127e+04 1.54853400e+01 1.70710368e-02
  3.78278792e+01 2.76488503e-01]
 [3.61461006e+01 1.02195219e+04 1.35861619e+01 2.24475478e-02
  3.20040549e+01 2.97777172e-01]
 [5.27079749e+01 2.20965844e+04 1.80865090e+01 1.27590863e-02
  4.61621560e+01 2.54195854e-01]
 [3.52124924e+01 9.21243638e+03 1.33697550e+01 2.19321121e-02
  3.12195109e+01 2.97754239e-01]
 [4.03977354e+01 1.31295564e+04 1.47569911e+01 1.95106540e-02
  3.56442520e+01 2.85546138e-01]
 [3.86473343e+01 1.17149370e+04 1.42968764e+01 2.01739231e-02
  3.41536671e+01 2.89228900e-01]
 [4.78364522e+01 1.85241470e+04 1.67736614e+01 1.52138831e-02
  4.20015170e+01 2.66176767e-01]
 [2.90362098e+01 5.22353863e+03 1.16573975e+01 2.59468178e-02
  2.59264163e+01 3.15510352e-01]
 [3.98142075e+01 1.24053947e+04 1.46326071e+01 1.88625644e-02
  3.51578250e+01 2.84786652e-01]]"
9,10,"[[ 421.28347707  419.34805743  421.63891119 -302.09154142 -305.89077371
   424.73954951]
 [ 421.28347707  418.80502424  421.63891119 -302.09154142 -305.89077371
   424.73954951]
 [ 421.28347707  418.80502424  421.63891119 -302.09154142 -305.89077371
   424.73954951]
 [ 421.28347707  418.80502424  421.63891119 -302.09154142 -305.89077371
   424.73954951]
 [ 421.28347707  418.80502424  421.63891119 -301.95821514 -305.89077371
   424.73954951]
 [ 421.28347707  418.80502424  421.63891119 -301.95821514 -305.89077371
   424.73954951]
 [ 421.28347707  418.80502424  421.63891119 -301.87130932 -305.89077371
   424.73954951]
 [ 421.28347707  418.80502424  421.63891119 -301.87130932 -305.89077371
   424.73954951]
 [ 421.28347707  418.80502424  421.63891119 -301.80990055 -305.89077371
   424.73954951]
 [ 421.28347707  418.80502424  421.63891119 -301.80990055 -305.89077371
   424.73954951]
 [ 421.28347707  418.80502424  421.63891119 -301.80990055 -305.89077371
   424.73954951]
 [ 421.28347707  418.80502424  421.63891119 -301.80990055 -305.89077371
   424.73954951]
 [ 421.28347707  423.46712999  421.63891119 -301.95821514 -305.89077371
   424.73954951]
 [ 421.28347707  418.80502424  419.4967416  -302.09154142 -305.89077371
   424.73954951]
 [ 421.28347707  418.80502424  419.4967416  -302.09154142 -305.89077371
   424.73954951]
 [ 421.28347707  418.80502424  419.4967416  -302.09154142 -305.89077371
   424.73954951]
 [ 421.28347707  418.80502424  419.4967416  -302.09154142 -305.89077371
   424.73954951]
 [ 421.28347707  418.80502424  419.4967416  -302.09154142 -305.89077371
   424.73954951]
 [ 421.28347707  418.80502424  419.58095356 -301.80990055 -305.89077371
   424.73954951]
 [ 421.28347707  423.46712999  421.63891119 -301.87130932 -305.89077371
   424.73954951]]","[-2273.36482285 -2273.10588859 -2273.10588859 -2273.10588859
 -2273.08900895 -2273.08900895 -2273.07558485 -2273.07558485
 -2273.06494714 -2273.06494714 -2273.06494714 -2273.06494714
 -2272.89099262 -2272.88934404 -2272.88934404 -2272.88934404
 -2272.88934404 -2272.88934404 -2272.87875992 -2272.87756852]","[[7.55522687e+01 6.03395298e+04 2.33726435e+01 9.54450697e-03
  6.53101032e+01 2.28673851e-01]
 [6.36508933e+01 4.21487989e+04 2.05536373e+01 1.17513311e-02
  5.53069613e+01 2.44088338e-01]
 [6.25754863e+01 3.97635050e+04 2.03208924e+01 1.18792510e-02
  5.44128182e+01 2.44979035e-01]
 [6.11562528e+01 3.71431417e+04 2.00010105e+01 1.20212229e-02
  5.32268781e+01 2.46310661e-01]
 [6.50875741e+01 4.32187356e+04 2.09393636e+01 1.10547233e-02
  5.65334442e+01 2.40632764e-01]
 [6.49000265e+01 4.29815650e+04 2.08835801e+01 1.13582539e-02
  5.63717458e+01 2.41592288e-01]
 [5.60422643e+01 3.00634097e+04 1.87630976e+01 1.31674166e-02
  4.89172375e+01 2.53761505e-01]
 [6.52927204e+01 4.32505845e+04 2.09981235e+01 1.09410057e-02
  5.67101976e+01 2.40050748e-01]
 [6.54496562e+01 4.40954782e+04 2.10038838e+01 1.13298995e-02
  5.68295048e+01 2.41187881e-01]
 [6.79498935e+01 4.83019950e+04 2.15869898e+01 1.08419907e-02
  5.89266994e+01 2.38051396e-01]
 [6.76845349e+01 4.84893723e+04 2.15027329e+01 1.10504896e-02
  5.86945559e+01 2.39060891e-01]
 [7.80279967e+01 6.38565192e+04 2.39734802e+01 8.88597173e-03
  6.73967142e+01 2.24836944e-01]
 [6.95379134e+01 5.10159659e+04 2.19479971e+01 1.07522937e-02
  6.02553780e+01 2.36647117e-01]
 [5.84451211e+01 3.23588117e+04 1.93915334e+01 1.20964174e-02
  5.09613064e+01 2.48441870e-01]
 [7.25086555e+01 5.50669542e+04 2.26741198e+01 9.94216835e-03
  6.27614695e+01 2.31919120e-01]
 [7.67418466e+01 6.22385169e+04 2.36514962e+01 9.34562627e-03
  6.63087062e+01 2.27223819e-01]
 [6.36508933e+01 4.21487989e+04 2.05536373e+01 1.17513311e-02
  5.53069613e+01 2.44088338e-01]
 [6.49000265e+01 4.29815650e+04 2.08835801e+01 1.13582539e-02
  5.63717458e+01 2.41592288e-01]
 [7.04193677e+01 5.17711300e+04 2.21829405e+01 1.03020573e-02
  6.10069904e+01 2.34510112e-01]
 [6.83483355e+01 4.91169788e+04 2.16691444e+01 1.09511744e-02
  5.92567750e+01 2.38097149e-01]]"
10,11,"[[ 421.28347707  419.34805743  421.63891119 -302.09154142 -305.89077371
   424.73954951]
 [ 421.28347707  419.34805743  421.63891119 -302.09154142 -305.89077371
   424.73954951]
 [ 421.28347707  419.34805743  421.63891119 -301.95821514 -305.89077371
   424.73954951]
 [ 421.28347707  419.34805743  421.63891119 -301.80990055 -305.89077371
   424.73954951]
 [ 421.28347707  419.34805743  421.63891119 -301.80990055 -305.89077371
   424.73954951]
 [ 421.28347707  419.34805743  421.63891119 -301.80990055 -305.89077371
   424.73954951]
 [ 421.28347707  418.80502424  421.63891119 -302.09154142 -305.89077371
   424.73954951]
 [ 421.28347707  418.80502424  421.63891119 -302.09154142 -305.89077371
   424.73954951]
 [ 421.28347707  418.80502424  421.63891119 -302.09154142 -305.89077371
   424.73954951]
 [ 421.28347707  418.80502424  421.63891119 -302.09154142 -305.89077371
   424.73954951]
 [ 421.28347707  418.80502424  421.63891119 -302.09154142 -305.89077371
   424.73954951]
 [ 421.28347707  418.80502424  421.63891119 -302.09154142 -305.89077371
   424.73954951]
 [ 421.28347707  418.80502424  421.63891119 -302.09154142 -305.89077371
   424.73954951]
 [ 421.28347707  418.80502424  421.63891119 -302.09154142 -305.89077371
   424.73954951]
 [ 421.28347707  418.80502424  421.63891119 -302.09154142 -305.89077371
   424.73954951]
 [ 421.28347707  418.80502424  421.63891119 -302.09154142 -305.89077371
   424.73954951]
 [ 421.28347707  418.80502424  421.63891119 -302.09154142 -305.89077371
   424.73954951]
 [ 421.28347707  418.80502424  421.63891119 -302.09154142 -305.89077371
   424.73954951]
 [ 421.28347707  418.80502424  421.63891119 -302.09154142 -305.89077371
   424.73954951]
 [ 421.28347707  418.80502424  421.63891119 -302.09154142 -305.89077371
   424.73954951]]","[-2273.36482285 -2273.36482285 -2273.34794321 -2273.3238814
 -2273.3238814  -2273.3238814  -2273.10588859 -2273.10588859
 -2273.10588859 -2273.10588859 -2273.10588859 -2273.10588859
 -2273.10588859 -2273.10588859 -2273.10588859 -2273.10588859
 -2273.10588859 -2273.10588859 -2273.10588859 -2273.10588859]","[[1.02450410e+02 1.36498471e+05 2.91498735e+01 6.82355685e-03
  8.76403010e+01 2.06155649e-01]
 [7.55522687e+01 6.03395298e+04 2.33726435e+01 9.54450697e-03
  6.53101032e+01 2.28673851e-01]
 [1.12200328e+02 1.68593639e+05 3.11743647e+01 6.09733541e-03
  9.57014876e+01 1.99380098e-01]
 [1.06440712e+02 1.51094412e+05 2.99561667e+01 6.59775899e-03
  9.09288657e+01 2.03801963e-01]
 [1.07855855e+02 1.56636433e+05 3.02355122e+01 6.54641363e-03
  9.20920873e+01 2.03113490e-01]
 [1.05550270e+02 1.46860851e+05 2.97879087e+01 6.63427997e-03
  9.02008539e+01 2.04175718e-01]
 [1.05970501e+02 1.47978493e+05 2.98855460e+01 6.52327982e-03
  9.05526866e+01 2.03553698e-01]
 [1.02446320e+02 1.39420130e+05 2.91093372e+01 6.91418338e-03
  8.76175824e+01 2.06798802e-01]
 [1.06440712e+02 1.51094412e+05 2.99561667e+01 6.59775899e-03
  9.09288657e+01 2.03801963e-01]
 [1.18820405e+02 1.92823412e+05 3.25026233e+01 5.82032080e-03
  1.01153674e+02 1.95847881e-01]
 [1.17280077e+02 1.86750833e+05 3.21956988e+01 5.91093313e-03
  9.98864926e+01 1.96725250e-01]
 [1.18600687e+02 1.93155981e+05 3.24417116e+01 5.87984699e-03
  1.00964663e+02 1.96271487e-01]
 [1.17310728e+02 1.88144516e+05 3.21899452e+01 5.89192539e-03
  9.99054012e+01 1.96771063e-01]
 [1.28150093e+02 2.23800938e+05 3.44294772e+01 5.20509952e-03
  1.08863028e+02 1.89694350e-01]
 [9.82160055e+01 1.23932944e+05 2.82549503e+01 7.15079379e-03
  8.41313892e+01 2.09282182e-01]
 [1.14370373e+02 1.77668795e+05 3.15873248e+01 6.11645740e-03
  9.74784695e+01 1.98754867e-01]
 [1.16295102e+02 1.83380398e+05 3.19941081e+01 5.96771333e-03
  9.90734294e+01 1.97333715e-01]
 [1.16245790e+02 1.85272790e+05 3.19571736e+01 6.02315621e-03
  9.90195445e+01 1.97772646e-01]
 [1.09295927e+02 1.61983907e+05 3.05240740e+01 6.48153829e-03
  9.32778581e+01 2.02335328e-01]
 [1.09390461e+02 1.61120781e+05 3.05574066e+01 6.46127906e-03
  9.33629095e+01 2.02100619e-01]]"
11,12,"[[ 421.28347707  419.34805743  421.63891119 -302.09154142 -305.89077371
   424.73954951]
 [ 421.28347707  419.34805743  421.63891119 -302.09154142 -305.89077371
   424.73954951]
 [ 421.28347707  419.34805743  421.63891119 -302.09154142 -305.89077371
   424.73954951]
 [ 421.28347707  419.34805743  421.63891119 -302.09154142 -305.89077371
   424.73954951]
 [ 421.28347707  419.34805743  421.63891119 -302.09154142 -305.89077371
   424.73954951]
 [ 421.28347707  419.34805743  421.63891119 -302.09154142 -305.89077371
   424.73954951]
 [ 421.28347707  419.34805743  421.63891119 -302.09154142 -305.89077371
   424.73954951]
 [ 421.28347707  419.34805743  421.63891119 -302.09154142 -305.89077371
   424.73954951]
 [ 421.28347707  419.34805743  421.63891119 -302.09154142 -305.89077371
   424.73954951]
 [ 421.28347707  419.34805743  421.63891119 -302.09154142 -305.89077371
   424.73954951]
 [ 421.28347707  419.34805743  421.63891119 -302.09154142 -305.89077371
   424.73954951]
 [ 421.28347707  419.34805743  421.63891119 -302.09154142 -305.89077371
   424.73954951]
 [ 421.28347707  419.34805743  421.63891119 -302.09154142 -305.89077371
   424.73954951]
 [ 421.28347707  419.34805743  421.63891119 -302.09154142 -305.89077371
   424.73954951]
 [ 421.28347707  419.34805743  421.63891119 -302.09154142 -305.89077371
   424.73954951]
 [ 421.28347707  419.34805743  421.63891119 -302.09154142 -305.89077371
   424.73954951]
 [ 421.28347707  419.34805743  421.63891119 -302.09154142 -305.89077371
   424.73954951]
 [ 421.28347707  419.34805743  421.63891119 -302.09154142 -305.89077371
   424.73954951]
 [ 421.28347707  419.34805743  421.63891119 -302.09154142 -305.89077371
   424.73954951]
 [ 421.28347707  419.34805743  421.63891119 -302.09154142 -305.89077371
   424.73954951]]","[-2273.36482285 -2273.36482285 -2273.36482285 -2273.36482285
 -2273.36482285 -2273.36482285 -2273.36482285 -2273.36482285
 -2273.36482285 -2273.36482285 -2273.36482285 -2273.36482285
 -2273.36482285 -2273.36482285 -2273.36482285 -2273.36482285
 -2273.36482285 -2273.36482285 -2273.36482285 -2273.36482285]","[[1.81959776e+02 5.81381133e+05 4.43150297e+01 3.65612880e-03
  1.52681318e+02 1.69346534e-01]
 [1.85241772e+02 5.99627748e+05 4.49313868e+01 3.57121671e-03
  1.55361971e+02 1.68069772e-01]
 [2.03242610e+02 7.31145189e+05 4.81611133e+01 3.16818740e-03
  1.69979372e+02 1.62169141e-01]
 [1.74792152e+02 5.21314671e+05 4.30690869e+01 3.78815807e-03
  1.46883171e+02 1.71352984e-01]
 [2.04310702e+02 7.40039833e+05 4.83431226e+01 3.16473903e-03
  1.70841823e+02 1.61959508e-01]
 [1.93360418e+02 6.60289559e+05 4.63779727e+01 3.40716830e-03
  1.61949407e+02 1.65539742e-01]
 [1.79880880e+02 5.63974323e+05 4.39489649e+01 3.71368077e-03
  1.50997562e+02 1.70036494e-01]
 [1.70628383e+02 4.97971147e+05 4.22844524e+01 3.91053641e-03
  1.43481253e+02 1.73050031e-01]
 [1.77728343e+02 5.46681078e+05 4.35808372e+01 3.71477312e-03
  1.49258489e+02 1.70441341e-01]
 [1.71899043e+02 5.05930233e+05 4.25171592e+01 3.88623059e-03
  1.44515957e+02 1.72625009e-01]
 [1.77438475e+02 5.46178928e+05 4.35143111e+01 3.75264563e-03
  1.49015762e+02 1.70750414e-01]
 [1.60759479e+02 4.49918845e+05 4.03498167e+01 4.40363469e-03
  1.35381007e+02 1.78316139e-01]
 [1.78241524e+02 5.50139625e+05 4.36718670e+01 3.71286008e-03
  1.49674932e+02 1.70319704e-01]
 [1.72959357e+02 5.15622413e+05 4.27001665e+01 3.85764346e-03
  1.45372618e+02 1.72296850e-01]
 [1.94242191e+02 6.65386469e+05 4.65462501e+01 3.36970205e-03
  1.62670672e+02 1.65119457e-01]
 [1.84529861e+02 5.94587366e+05 4.48055887e+01 3.57621672e-03
  1.54784619e+02 1.68245832e-01]
 [1.85597952e+02 6.03482010e+05 4.49875980e+01 3.57276835e-03
  1.55647071e+02 1.68036199e-01]
 [1.81035717e+02 5.67401285e+05 4.41930348e+01 3.62443434e-03
  1.51954538e+02 1.69183803e-01]
 [1.84426208e+02 5.93645701e+05 4.47856511e+01 3.58742739e-03
  1.54699975e+02 1.68325097e-01]
 [1.58809614e+02 4.35927292e+05 3.99995301e+01 4.44454930e-03
  1.33797291e+02 1.78946058e-01]]"
