,population,best_x,best_energy
0,1,"[ 352.28106442  431.87154725 -285.00349217 -117.94113071  207.74679362
   53.57222043]",-1001.4090575419461
1,2,"[ 202.66295141  226.1234192   219.35375461 -334.99803202 -114.11217024
 -324.06991768]",-1039.3038786347493
2,3,"[-310.31663345 -151.17566848 -286.767673    434.75169759  221.61807455
 -319.29738282]",-1425.851907704147
3,4,"[-311.53299397  434.12764947  440.10189718  421.01146742  461.37680582
  233.00798337]",-1805.5365469624585
4,5,"[-313.51234106  431.3363555   442.06044691  432.76099662  460.77985601
 -303.01116187]",-1987.4464022708778
5,6,"[410.64718755 431.32421421 439.38728059 415.96477219 449.52765386
 431.13110913]",-2328.5610176340665
6,7,"[410.64718755 431.32421421 439.38728059 415.96477219 449.52765386
 431.13110913]",-2328.5610176340665
7,8,"[410.64718755 431.32421421 439.38728059 415.96477219 449.52765386
 431.13110913]",-2328.5610176340665
8,9,"[422.98824133 426.42758604 438.27688498 427.48960834 443.92360394
 431.13110913]",-2388.3936289327266
9,10,"[422.98824133 426.42758604 438.27688498 418.15974763 443.92360394
 431.13110913]",-2392.7670185030265
10,11,"[422.98824133 425.47712759 438.35636908 418.15974763 443.92360394
 431.13110913]",-2393.6217180070958
11,12,"[422.98824133 426.42758604 438.27688498 420.0882475  443.92360394
 431.13110913]",-2393.6634041954303
12,13,"[422.98824133 425.47712759 438.27688498 420.0882475  443.92360394
 431.13110913]",-2394.859241948826
13,14,"[422.98824133 425.47712759 438.27688498 420.0882475  443.92360394
 431.13110913]",-2394.859241948826
