,population,best_x,best_energy,ave_energy
0,1,[402.60586032 482.08036196],-394.2410356348207,-9.2334804871491
1,2,[ 402.90087714 -270.23806867],-559.1609591068013,-349.249543737476
2,3,[ 402.90087714 -270.23806867],-559.1609591068013,-526.1726680427954
3,4,[ 403.05333264 -270.22876224],-559.7602494274576,-558.1470076202997
4,5,[ 403.05412102 -270.23705988],-559.8199857256117,-559.3259207295143
5,6,[ 403.05281794 -270.24034922],-559.8366710456984,-559.7715509495109
6,7,[ 403.05634952 -270.25959704],-559.9825654475744,-559.9494557932003
7,8,[ 403.05715075 -270.25982715],-559.9875940102168,-559.9789130384062
8,9,[ 403.05778251 -270.26069463],-559.9962131225676,-559.9888658130374
9,10,[ 403.05791945 -270.26067601],-559.9966793575038,-559.9947105119217
